-0.451568 -1 -1 0.231841 -0.933051 -0.476449 -1 -0.990666 -0.318754 0.750226 0.0162182 -0.608964 -0.340397 -0.313856 -0.564445 0.564613 -1 -0.951303 -0.683265 -0.861261 -0.90316 0.198068 -0.920388 -0.870938 -1 -1 -1 -1 -0.307772 -1 -1 -1 0.208203 -0.0362267 0.247787 -0.217982 0.317689 -1 -0.957362 -0.413651 -0.864719 -0.939002 -0.931783 0.227796 -0.818649 -1 -0.154799 0.269053 -0.495245 -0.88669 -1 -0.607277 0.546208 -1 -1 -0.925686 -0.36885 -1 -1 -0.344429 -0.492662 -0.931214 -0.481557 -0.193664 -1 -0.988972 -1 -1 -1 -0.464006 -0.919271 -0.392333 -0.81166 -0.286753 0.513213 0.626537 -1 0.578894 -1 0.0430287 -0.612515 0.328354 -1 -0.543087 -0.968749 -0.922179 -0.921725 -1 -1 -0.275398 -0.360882 0.0960549 -0.0522675 0.173232 -0.654714 -1 -0.458413 0.320201 -0.424849 0.873827 -0.203765 -1 -1 -0.74591 -0.866631 -1 
-0.451568 -1 -1 0.231841 -0.933051 -0.476449 -1 -0.990666 -0.318754 0.750226 0.0162182 -0.608964 -0.340397 -0.313856 -0.564445 0.564613 -1 -0.951303 -0.683265 -0.861261 -0.90316 0.198068 -0.920388 -0.870938 -1 -1 -1 -1 -0.29379 -1 -1 -1 0.208203 -0.0362267 0.247787 -0.217982 0.317689 -1 -0.957362 -0.413651 -0.864719 -0.939002 -0.931783 0.227796 -0.818649 -1 -0.154799 0.269053 -0.495245 -0.88669 -1 -0.607277 0.546208 -1 -1 -0.925686 -0.36885 -1 -1 -0.344429 -0.492662 -0.931214 -0.481557 -0.193664 -1 -0.988972 -1 -1 -1 -0.447986 -0.919271 -0.392333 -0.81166 -0.286753 0.513213 0.626537 -1 0.578894 -1 0.0430287 -0.612515 0.328354 -1 -0.543087 -0.910075 -0.922179 -0.921725 -1 -1 -0.275398 -0.360882 0.0960549 -0.0522675 0.173232 -0.603841 -1 -0.458413 0.320201 -0.424849 0.873827 -0.203765 -1 -1 -0.74591 -0.866631 -1 
-0.736202 -1 -1 0.932284 -0.962315 -0.594313 -0.985758 -1 -0.341969 -0.0291677 0.291024 -1 -0.438553 0.0459999 -0.163747 -0.439789 -1 -0.973552 -0.900885 -0.844559 -0.932095 0.33085 -0.847982 -0.218481 -0.896296 -1 -0.844407 -1 0.0267929 -1 -1 -0.80572 1 0.591129 0.00603223 -0.812645 0.663273 -1 -0.829531 -0.193471 -1 -0.386335 -0.598124 0.6125 -1 -0.581781 0.720104 0.196996 -0.602213 -0.95789 -0.88818 -0.852596 0.336095 -1 0.192767 -1 -0.0855194 -1 -0.597653 -0.407367 -0.43632 -1 -0.166496 -0.543501 -0.776063 -0.366852 0.482765 -1 -0.937824 -0.741528 -0.7637 0.262547 -0.866263 -1 0.726905 0.0553755 -1 0.7442 -1 0.392969 -0.881798 0.34539 -0.518685 0.0419343 -0.875988 -1 -1 -1 -1 -0.507899 -0.167657 -0.154479 0.295606 0.364781 -0.64786 -1 -0.650592 0.674075 -0.355528 1 -0.159524 -1 -1 -0.441765 -0.914301 -1 
-0.948324 -1 -0.989252 0.231841 -1 -1 -0.872221 -0.944069 -0.318754 0.750226 0.113057 -0.319182 -0.483083 -0.487394 -0.564445 0.269068 -1 -1 -0.943123 -0.756134 -0.943763 -0.301898 -0.920388 -0.870938 -1 -1 -1 -1 -0.055312 -0.884248 -1 -1 0.659089 0.246348 0.247787 -0.334089 -0.219219 -1 -0.957362 -0.193471 -0.864719 -1 -1 0.241963 -0.771769 -0.569948 -0.185557 0.391551 -0.950467 -1 -1 -0.74348 0.260063 -1 -0.582671 -0.827189 0.168432 -1 -0.00547942 -0.333596 -0.757465 -0.931214 -0.589616 -0.193187 -0.90518 -1 -0.995321 -0.98034 -1 -0.464006 -0.844641 -0.303085 -1 -0.62457 0.355249 0.579495 -1 0.392185 -0.959765 -0.329218 -0.612515 0.537175 -0.963479 -0.711957 -0.910075 -0.960858 -1 -1 -1 -0.709162 -0.169524 0.257219 0.163499 0.173232 -0.798563 -0.825229 -0.595157 0.330754 -0.424849 0.873827 -0.203765 -1 -0.824823 -0.589882 -1 -0.700806 
-0.451568 -1 -1 0.231841 -0.933051 -0.476449 -1 -0.990666 -0.318754 0.750226 0.0162182 -0.608964 -0.340397 -0.313856 -0.564445 0.564613 -1 -0.951303 -0.683265 -0.861261 -0.90316 0.198068 -0.920388 -0.870938 -1 -1 -1 -1 -0.29379 -1 -1 -1 0.208203 -0.0362267 0.247787 -0.217982 0.317689 -1 -0.957362 -0.413651 -0.864719 -0.939002 -0.931783 0.227796 -0.818649 -1 -0.154799 0.269053 -0.495245 -0.88669 -1 -0.607277 0.546208 -1 -1 -0.925686 -0.36885 -1 -1 -0.344429 -0.492662 -0.931214 -0.481557 -0.193664 -1 -0.988972 -1 -1 -1 -0.464006 -0.919271 -0.392333 -0.81166 -0.286753 0.513213 0.626537 -1 0.578894 -1 0.0430287 -0.612515 0.328354 -1 -0.543087 -0.910075 -0.922179 -0.921725 -1 -1 -0.275398 -0.360882 0.0960549 -0.0522675 0.173232 -0.603841 -1 -0.458413 0.320201 -0.424849 0.873827 -0.203765 -1 -1 -0.74591 -0.866631 -1 
-0.605613 -1 -1 0.231841 -1 -1 -1 -0.821564 -0.318754 0.330807 0.113057 -0.503007 -0.483083 -0.313856 -0.564445 0.146787 -1 -1 -1 -0.938936 -0.90316 0.145006 -0.920388 -0.688052 -1 -0.950761 -1 -1 -0.055312 -0.993286 -1 -1 0.659089 0.353635 0.247787 -0.334089 0.355458 -1 -0.957362 -0.193471 -0.936769 -1 -1 0.0932636 -0.907755 -0.802098 -0.154799 0.391551 -0.495245 -1 -1 -1 0.390866 -0.979534 -0.582671 -0.827189 0.168432 -0.908559 -0.00547942 -1 -0.757465 -0.78764 -0.575457 -0.0503477 -1 -0.988972 -1 -0.98034 -1 -0.464006 -0.919271 -0.345189 -1 -0.286753 0.355249 0.405456 -1 0.331091 -0.985007 0.0360699 -0.612515 0.537175 -0.963479 -0.0827666 -0.910075 -0.960858 -0.849762 -1 -0.878129 -0.795791 -0.169524 0.257219 -0.338035 0.173232 -0.516466 -0.825229 -0.485361 0.100507 -0.424849 0.873827 -0.0576154 -1 -1 -0.74591 -0.963317 -0.824563 
-0.70483 -1 -0.998492 -0.134894 -0.878021 -1 -1 -1 -0.318754 0.717541 0.113057 -0.642661 -0.148902 -0.313856 -0.564445 -0.0398322 -1 -1 -0.837536 -0.938936 -0.90316 0.198068 -0.920388 -1 -1 -1 -1 -1 -0.109991 -1 -1 -1 0.490118 0.246348 -0.237503 -0.334089 0.180709 -1 -0.957362 -0.193471 -0.961829 -1 -0.800176 0.183388 -0.934305 -0.989335 -0.154799 0.22344 -0.934347 -0.93927 -1 -1 0.0274652 -1 -0.582671 -0.925827 -0.348186 -1 -0.31449 0.0456611 -0.933078 -1 -0.558462 -0.193664 -0.985242 -1 -1 -1 -1 -0.77723 -0.964426 -0.345189 -0.81166 -0.566748 0.355249 0.597213 -1 0.578894 -1 -0.553635 -0.814896 0.686504 -1 -0.221504 -0.910075 -1 -0.877412 -1 -1 -0.442023 -0.360882 0.203821 0.163499 0.173232 -0.603841 -0.805013 -0.458413 0.330754 -0.424849 0.776383 -0.203765 -1 -0.883304 -1 -0.978164 -0.851483 
-0.271218 -1 -1 0.413359 -1 -1 -0.911955 -1 -0.608616 0.610687 -1 -0.627371 -1 -1 -0.564445 0.396006 -0.652776 -1 -0.129044 -0.906612 -1 0.21223 -0.920388 -1 -1 -1 -0.881849 -1 -1 -0.97966 -1 -1 0.52425 -0.271807 0.0981442 -0.278797 0.427954 -1 -0.993865 -0.193471 -1 -0.994069 -1 0.379013 -0.981603 -0.424128 0.101239 -0.0730977 -0.934911 -1 -0.857581 -0.74348 0.253636 -1 -0.5188 -1 -0.405341 -0.817377 0.153311 0.01152 -0.87069 -1 -1 -0.8091 -0.985242 -0.69141 -1 -1 -1 -0.189495 -0.838677 0.0697039 -1 -0.131631 -0.080826 0.722785 -1 -0.109583 -1 0.340216 -0.678059 0.819571 -1 -0.0548906 -0.606679 -1 -1 -1 -1 -0.774572 0.148114 0.371665 0.136755 0.173232 -0.465372 -1 -0.355852 0.193789 -1 0.77991 -0.504147 -1 -1 -1 -1 -1 
-0.451568 -1 -1 0.388356 -1 -0.982419 -0.833897 -1 -0.365446 0.610687 -0.480179 -0.443787 -0.523516 -0.453519 -0.564445 0.396006 -0.752311 -1 -0.129044 -0.906612 -0.90316 0.124725 -0.920388 -1 -1 -1 -0.936161 -0.969396 -0.145441 -1 -1 -1 0.52425 0.246348 0.0981442 -0.278797 0.427954 -0.879432 -1 -0.193471 -1 -0.994069 -1 0.60284 -0.926321 -0.424128 0.0819214 -0.0363041 -1 -0.885277 -1 -0.74348 0.390866 -1 -0.5188 -0.900509 0.168432 -1 -0.164223 0.01152 -0.87069 -1 -1 -0.217989 -0.985242 -0.443566 -0.998305 -1 -1 -0.15051 -0.894057 -0.0936405 -1 -0.286753 0.355249 0.249275 -1 0.0842224 -1 0.340216 -0.862775 0.802141 -0.880286 -0.0548906 -0.724598 -1 -1 -1 -1 -0.574362 0.148114 0.41182 0.136755 0.173232 -0.603841 -1 -0.355852 0.193789 -0.947771 0.77991 -0.504147 -1 -1 -1 -1 -0.895405 
-0.451568 -0.990955 -1 0.231841 -0.878021 -0.459353 -1 -1 -0.472911 0.704307 0.113057 -0.596122 -0.483083 -0.313856 -0.564445 0.225783 -0.813369 -1 -0.471453 -0.938936 -1 -0.0396314 -0.951481 -1 -1 -1 -1 -1 -0.989448 -1 -1 -1 0.490118 0.246348 -0.253309 -0.334089 0.234931 -1 -0.948464 -0.737973 -0.966015 -1 -1 0.227796 -0.671646 -0.404818 -0.154799 0.133783 -0.495245 -1 -1 -0.74348 0.390866 -1 -0.478376 -0.862089 0.168432 -1 -0.00547942 0.01152 -1 -0.810394 -0.589616 -0.367296 -0.985242 -0.936633 -1 -1 -1 -1 -1 -0.345189 -1 -0.27597 0.339016 0.626537 -1 0.490202 -0.998421 -0.116225 -0.909471 0.923875 -1 -0.221504 -0.910075 -1 -1 -1 -1 -0.99766 -0.360882 0.203821 0.163499 0.268213 -0.603841 -0.968698 -0.458413 0.330754 -0.366297 0.709301 -0.203765 -0.956662 -0.824823 -0.74591 -1 -0.785387 
-0.512998 -1 -1 0.231841 -0.878021 -0.459353 -1 -0.944069 -0.331602 0.750226 0.113057 -0.443787 -0.483083 -0.313856 -0.564445 0.269068 -0.873257 -1 -0.471453 -0.938936 -1 0.198068 -1 -0.870938 -1 -1 -1 -0.98598 -0.055312 -1 -1 -1 0.446285 0.246348 -0.253309 -0.334089 0.313852 -1 -0.957362 -0.737973 -0.966015 -1 -0.931783 0.227796 -0.671646 -0.404818 -0.154799 0.22344 -0.495245 -1 -1 -0.74348 0.390866 -1 -0.478376 -1 0.168432 -1 -0.00547942 0.01152 -0.757465 -0.931214 -0.589616 -0.193664 -0.985242 -0.988972 -1 -0.98034 -1 -0.459535 -0.919271 -0.453783 -1 -0.286753 0.269796 0.626537 -1 0.490202 -1 -0.116225 -1 0.83792 -1 -0.221504 -0.910075 -1 -0.908458 -1 -1 -0.442023 -0.360882 0.203821 0.163499 0.173232 -0.977291 -0.968698 -0.458413 0.330754 -0.50281 0.873827 -0.203765 -1 -0.94114 -0.74591 -0.978164 -0.785387 
-0.948324 -1 -1 0.231841 -1 -0.950936 -1 -0.944069 -0.318754 0.750226 0.113057 -0.319182 -0.483083 -0.313856 -0.564445 0.269068 -1 -1 -0.526052 -0.94632 -0.946826 -0.301898 -0.920388 -0.972186 -1 -1 -0.659446 -1 -0.055312 -1 -1 -1 0.659089 0.246348 0.247787 -1 0.34234 -0.932949 -0.957362 -0.193471 -0.864719 -1 -1 0.241963 -0.771769 -0.481704 -0.185557 0.391551 -0.495245 -1 -1 -0.74348 0.390866 -1 -0.715655 -0.827189 0.168432 -1 -0.135085 -0.333596 -0.757465 -0.931214 -0.589616 -0.441951 -1 -1 -0.995321 -1 -1 -0.290242 -0.9269 -0.303085 -1 -0.385089 0.355249 0.579495 -1 0.0192625 -1 -0.0185116 -0.612515 -0.0244807 -0.93507 -0.221504 -0.910075 -0.960858 -0.849762 -1 -1 -0.629956 -0.169524 0.257219 0.163499 0.173232 -1 -0.825229 -0.781711 0.330754 -0.286488 0.873827 -0.203765 -1 -0.824823 -0.74591 -1 -0.700806 
-0.70483 -1 -0.998492 -0.134894 -0.878021 -1 -1 -1 -0.318754 0.717541 0.113057 -0.642661 -0.148902 -0.313856 -0.564445 -0.0398322 -1 -1 -0.837536 -0.938936 -0.90316 0.198068 -0.920388 -0.870938 -1 -1 -1 -1 -0.055312 -1 -1 -1 0.490118 0.246348 -0.237503 -0.334089 0.180709 -1 -0.957362 -0.193471 -0.961829 -1 -0.800176 0.183388 -0.934305 -0.989335 -0.154799 0.22344 -0.934347 -0.93927 -1 -1 0.0274652 -1 -0.582671 -0.925827 -0.348186 -1 -0.31449 0.0456611 -0.933078 -0.931214 -0.558462 -0.193664 -0.985242 -1 -1 -1 -1 -0.77723 -0.964426 -0.345189 -0.81166 -0.544829 0.355249 0.597213 -1 0.578894 -1 -0.553635 -0.814896 0.686504 -1 -0.221504 -0.910075 -1 -0.877412 -1 -1 -0.442023 -0.360882 0.203821 0.163499 0.173232 -0.603841 -1 -0.458413 0.330754 -0.424849 0.776383 -0.203765 -1 -0.883304 -1 -0.978164 -0.851483 
-0.270872 -1 -1 0.231841 -0.878021 -0.459353 -1 -1 -0.331602 0.740346 0.113057 -0.409248 -0.483083 -0.313856 -0.564445 0.225783 -1 -1 -0.471453 -0.938936 -1 0.198068 -0.920388 -1 -1 -1 -1 -1 -0.411236 -1 -1 -1 0.490118 -0.312013 -0.253309 -0.334089 0.359313 -1 -1 -0.737973 -0.966015 -1 -1 0.227796 -0.671646 -0.964615 0.0367139 0.262681 -0.495245 -1 -1 -0.984075 0.587388 -1 -0.488913 -1 0.168432 -1 -0.00547942 -0.106571 -0.750499 -1 -0.589616 -0.367296 -0.985242 -0.936633 -1 -0.98034 -0.820885 -1 -1 -0.345189 -1 -0.258617 0.339016 0.626537 -1 0.490202 -0.998421 -0.116225 -1 0.923875 -0.903691 -0.221504 -0.910075 -1 -0.980416 -1 -1 -0.99766 -0.360882 0.203821 0.163499 0.173232 -0.603841 -0.968698 -0.458413 0.130534 -0.424849 0.709301 -0.203765 -1 -0.824823 -0.74591 -1 -0.785387 
-0.605613 -1 -1 0.231841 -1 -1 -1 -0.821564 -0.318754 0.330807 0.113057 -0.503007 -0.483083 -0.313856 -0.564445 0.146787 -1 -1 -1 -0.938936 -0.90316 0.145006 -0.920388 -0.688052 -1 -0.950761 -1 -1 -0.335751 -0.993286 -1 -1 0.659089 0.353635 0.247787 -0.334089 0.355458 -1 -0.957362 -0.193471 -0.936769 -1 -1 0.0932636 -0.907755 -0.625566 -0.677458 0.391551 -0.495245 -1 -0.973795 -1 0.390866 -0.979534 -0.582671 -0.827189 -0.122257 -0.908559 -0.00547942 -1 -0.757465 -1 -0.575457 -0.0503477 -0.935068 -0.988972 -1 -1 -1 -0.464006 -0.919271 -0.345189 -0.917563 -0.286753 0.355249 0.405456 -1 0.331091 -0.985007 0.0360699 -0.612515 0.537175 -0.963479 -0.0827666 -0.910075 -0.960858 -0.849762 -1 -0.878129 -0.795791 -0.169524 0.257219 -0.338035 0.173232 -0.516466 -0.825229 -0.485361 0.100507 -0.424849 0.873827 -0.0576154 -1 -1 -0.74591 -0.963317 -0.824563 
-1 0.643242 -0.614684 -0.957428 -0.978924 0.313045 0.26156 0.295507 -1 -0.153792 -0.809256 -0.162707 0.555078 0.886707 -0.998588 0.412173 -1 -1 -1 -0.221878 -1 -0.889297 -0.033622 -1 -0.0865695 -0.583225 -0.956137 -1 0.141918 -1 -1 -0.948259 -1 -0.964173 -1 -1 -0.890251 0.0327888 -1 0.740747 -0.0462592 -1 -1 -1 -0.855076 -0.519795 0.305572 -1 -0.964819 -1 -0.713382 0.437001 -1 -0.686024 -1 -1 -0.0985611 -0.780658 -1 -0.132884 0.0571077 -1 -0.416711 -1 -0.988991 -1 -0.1004 -1 -0.0518546 -1 -0.155739 -1 -1 -0.611852 -1 0.15233 -1 -0.300862 -0.974028 -1 -0.399405 -0.408714 -1 -0.265968 -0.20195 -1 -0.822207 -0.502606 -0.758239 -0.688628 -0.71224 -0.833795 1 0.467131 -1 0.495142 0.528011 0.359367 0.68059 -0.970378 -0.48107 -1 -1 -0.60679 -0.0822494 -1 
-0.804475 -1 -1 0.231841 -0.80218 -0.950936 -1 -1 -0.318754 0.750226 0.111475 -0.319182 -0.483083 -0.313856 -0.564445 0.269068 -1 -1 -0.833082 -0.94632 -1 -0.301898 -1 -0.870938 -1 -1 -1 -1 -0.055312 -1 -1 -1 0.645226 0.443986 0.247787 -0.582601 0.34234 -1 -0.957362 -0.193471 -0.864719 -1 -1 0.241963 -0.771769 -0.404818 -0.289505 0.391551 -0.495245 -1 -1 -0.74348 0.390866 -1 -0.582671 -1 0.168432 -1 -0.00547942 -0.860283 -0.757465 -1 -0.589616 -0.193187 -1 -1 -1 -0.98034 -1 -0.464006 -0.725756 -0.844417 -1 -0.84254 -0.0939763 0.626537 -1 0.490202 -1 -0.0185116 -0.612515 0.537175 -1 -0.221504 -1 -0.960858 -0.849762 -1 -1 -0.442023 -0.169524 0.257219 0.163499 0.173232 -0.603841 -0.825229 -0.458413 0.330754 -0.424849 0.665772 -0.203765 -1 -0.824823 -0.74591 -1 -0.700806 
-0.567928 -0.937716 -1 0.315008 -1 -0.615826 -1 -0.957522 -0.415364 0.436541 -0.271916 -0.443787 -0.869811 -0.453519 -0.564445 0.396006 -0.74125 -1 -0.829961 -1 -1 0.198068 -1 -1 -1 -1 -1 -0.856272 -0.269798 -0.899099 -1 -1 0.491862 0.215508 -0.170614 -0.278797 0.565763 -1 -0.902103 -0.193471 -1 -0.950593 -1 -0.432115 -1 -0.899141 0.0438172 0.434617 -1 -1 -1 -1 0.390866 -0.853185 -0.574128 -0.833951 0.168432 -1 -0.00547942 0.01152 -0.590649 -1 -0.800494 -0.80813 -1 -0.443566 -1 -0.98797 -0.964667 -0.17787 -0.560655 0.0697039 -1 -0.141357 0.355249 0.597882 -1 0.0842224 -1 0.340216 -0.612515 0.75952 -0.880286 -0.0548906 -0.910075 -1 -0.899179 -1 -1 -0.983033 0.00364476 0.377566 0.0597735 0.173232 -0.603841 -1 -0.24133 0.330754 -1 0.817236 -0.203765 -0.91532 -1 -1 -1 -1 
-0.998875 -1 -1 0.231841 -0.933051 -0.476449 -1 -0.863753 -0.318754 0.750226 0.0162182 -0.608964 -0.340397 -0.571216 -0.564445 0.564613 -1 -0.951303 -0.683265 -0.861261 -0.90316 0.172896 -0.920388 -0.870938 -1 -1 -1 -1 -0.29379 -1 -1 -1 0.208203 -0.0362267 0.247787 -0.696647 0.317689 -1 -0.957362 -0.413651 -0.864719 -0.744023 -0.931783 0.227796 -0.803432 -1 -0.154799 0.269053 -0.495245 -0.88669 -1 -0.607277 0.546208 -0.809053 -1 -1 -0.36885 -1 -1 -0.344429 -0.492662 -0.922475 -0.296997 -0.193664 -1 -0.988972 -0.928125 -1 -1 -0.409245 -0.919271 -0.392333 -0.81166 -0.286753 0.513213 0.626537 -1 0.578894 -1 0.00220432 -1 0.328354 -1 -0.543087 -0.910075 -0.922179 -0.921725 -1 -0.937461 -0.275398 -0.360882 0.0960549 -0.0522675 0.331349 -0.603841 -1 -0.75825 0.0575637 -0.424849 0.873827 -0.203765 -1 -1 -0.74591 -0.866631 -1 
-0.230773 -0.699244 -1 0.685388 -0.31373 -0.256347 -0.490272 -0.82609 0.108368 0.725123 0.975954 0.705136 -0.601702 0.134065 -0.567138 0.269068 -0.426088 -0.629475 -0.179007 -1 -0.499101 -0.0220118 -0.327023 -0.341291 -0.974048 -1 -0.39749 -1 0.0193785 -0.530599 -0.852387 -1 0.940016 0.408963 0.0382082 -0.627049 0.353141 -0.754485 -0.477976 0.390996 -0.528064 -0.567229 -0.132285 0.649867 -0.614751 -0.761125 0.352502 0.744468 -0.376741 -1 -1 -1 0.373215 -1 0.72328 -0.139153 -0.116974 -0.774228 0.121764 -0.124822 -0.190124 -1 0.254788 -0.217989 -1 0.139993 -0.0826963 -1 -1 -0.384314 -0.428641 0.631256 -1 -0.0408349 0.345293 0.835958 -1 0.9532 -1 0.0610144 -0.466664 0.802141 -1 0.826738 -0.842835 -1 -1 -0.62101 -1 0.477465 -0.29644 0.286826 0.111516 0.455256 -0.671964 -0.77816 -0.353041 0.637866 -0.482615 0.786075 -0.288558 -1 -0.491381 -0.0226054 -0.351347 -0.496028 
-0.70483 -1 -0.998492 0.231841 -0.878021 -1 -1 -0.944069 -0.318754 0.717541 0.113057 -0.642661 -0.340397 -0.313856 -0.564445 -0.0398322 -1 -1 -0.837536 -0.938936 -0.90316 0.198068 -0.920388 -0.870938 -1 -1 -1 -1 -0.055312 -1 -1 -1 0.490118 0.246348 0.290119 -0.334089 0.180709 -1 -0.957362 -0.193471 -0.961829 -1 -0.931783 0.227796 -0.671646 -0.989335 -0.154799 0.22344 -0.934347 -0.93927 -1 -0.819606 0.0274652 -1 -0.582671 -0.925827 -0.348186 -1 -0.31449 0.0456611 -0.613548 -0.931214 -0.558462 -0.193664 -0.985242 -1 -1 -1 -1 -0.609306 -0.964426 -0.345189 -0.81166 -0.544829 0.355249 0.597213 -1 0.578894 -1 -0.553635 -0.612515 0.686504 -1 -0.221504 -0.910075 -0.922179 -0.877412 -1 -1 -0.442023 -0.360882 0.203821 0.163499 0.173232 -0.603841 -1 -0.458413 0.330754 -0.424849 0.776383 -0.203765 -1 -0.883304 -0.74591 -0.978164 -0.851483 
-0.39841 -0.806711 -0.966052 0.00979273 -0.871312 -0.982419 -1 -1 -0.365446 0.610687 -0.453934 -1 -0.764156 -0.879832 -0.573212 0.396006 -1 -1 -0.684748 -1 -0.90316 0.124725 -0.920388 -1 -0.813991 -1 -0.936161 -1 -0.145441 -1 -0.993234 -1 0.52425 0.246348 -0.0787158 -0.28761 0.137205 -0.879432 -1 -0.193471 -1 -0.994069 -1 0.60284 -1 -0.424128 0.0819214 -0.0363041 -0.964231 -1 -1 -1 0.199668 -1 -1 -0.900509 -0.414931 -1 -0.599849 -0.550572 -1 -1 -1 -0.727095 -0.936639 -1 -1 -1 -1 -0.15051 -0.981778 -0.0936405 -1 -0.286753 0.355249 -0.326163 -1 -0.150169 -1 0.340216 -0.687491 0.802141 -1 -0.0548906 -0.724598 -1 -1 -1 -0.801928 -0.773782 0.148114 0.41182 0.299796 0.173232 -0.767062 -1 -0.570709 0.160655 -0.947771 0.77991 -0.504147 -1 -1 -1 -1 -0.895405 
-0.230773 -0.851737 -1 0.932284 -0.31373 -0.183965 -0.635627 -0.82609 -0.146211 0.552869 1 0.705136 -1 0.227678 -0.105894 -0.100489 -0.426088 -0.629475 -0.179007 -0.847686 -0.522606 0.254501 -0.472629 -0.273012 -0.974048 -0.689842 -0.12628 -0.600697 0.0193785 -0.270839 -0.852387 -0.815109 0.940016 0.445032 0.00603223 -0.0468916 0.496055 -0.754485 -0.929007 0.398878 -0.528064 -0.567229 0.00801134 0.6125 -0.968056 -0.761125 0.307437 0.744468 -0.376741 -1 -1 -0.776584 0.373215 -1 0.72328 -0.193779 -0.116974 -0.774228 0.14534 -0.103447 -0.190124 -1 0.254788 -0.217989 -1 0.139993 -0.0800344 -0.973012 -1 0.458019 -0.428641 0.593744 -1 -0.0408349 0.791912 0.796273 -1 0.507996 -1 0.392969 -0.466664 0.802141 -0.644613 0.826738 -0.801062 -0.913794 -1 -0.62101 -1 0.477465 -0.29644 0.286826 0.28544 0.455256 -0.671964 -0.77816 -0.379205 0.637866 -0.482615 0.786075 -0.288558 -1 -0.491381 -0.0226054 -0.351347 -0.496028 
-0.804475 -1 -1 0.231841 -1 -0.950936 -1 -0.944069 -0.318754 0.750226 0.113057 -0.319182 -0.483083 -0.313856 -0.564445 0.269068 -1 -0.811751 -0.833082 -0.94632 -1 -0.301898 -0.920388 -0.870938 -1 -1 -1 -1 -0.055312 -1 -1 -1 0.669413 0.246348 0.247787 -0.334089 0.34234 -1 -0.957362 -0.193471 -0.864719 -1 -1 0.241963 -0.771769 -0.404818 -0.289505 0.391551 -0.495245 -1 -1 -0.74348 0.390866 -1 -0.582671 -1 0.168432 -1 -0.00547942 -0.333596 -0.757465 -0.931214 -0.589616 -0.193187 -0.985242 -1 -1 -0.98034 -1 -0.464006 -0.844641 -0.322004 -1 -0.286753 -0.0939763 0.626537 -1 0.490202 -1 -0.0185116 -0.612515 0.537175 -0.963479 -0.221504 -0.910075 -0.960858 -0.849762 -1 -1 -0.442023 -0.169524 0.257219 0.163499 0.173232 -0.603841 -0.825229 -0.458413 0.330754 -0.424849 0.873827 -0.203765 -1 -0.824823 -0.74591 -1 -0.700806 
-0.766971 -1 -1 0.231841 -1 -0.950936 -1 -0.944069 -0.318754 0.794389 0.113057 -0.319182 -0.483083 -0.313856 -0.564445 0.269068 -1 -1 -0.526052 -0.94632 -0.943763 -0.479652 -0.920388 -0.870938 -1 -1 -1 -1 -0.055312 -1 -1 -1 0.669413 0.246348 0.247787 -0.305535 0.342646 -1 -0.957362 -0.193471 -0.864719 -1 -1 0.241963 -0.771769 -0.404818 -0.154799 0.391551 -0.495245 -1 -1 -0.74348 0.588378 -1 -0.582671 -0.827189 0.168432 -1 -0.486871 -0.333596 -0.757465 -0.783982 -0.544488 -0.778482 -1 -1 -0.995321 -0.98034 -1 -0.464006 -0.844641 -0.303085 -1 -0.286753 0.355249 0.626537 -1 0.490202 -1 -0.0185116 -0.478789 0.537175 -1 -0.221504 -0.910075 -1 -1 -1 -1 -0.442023 -0.169524 0.257219 0.163499 0.173232 -0.603841 -0.825229 -0.458413 0.330754 -0.424849 0.873827 -0.203765 -1 -0.824823 -0.74591 -1 -0.700806 
-0.427472 -1 -1 0.932284 -0.962315 -0.183965 -0.985758 -1 -0.3778 0.471907 0.291024 -0.783797 -0.417574 0.227678 -0.105894 0.361667 -0.884865 -0.629475 -0.199658 -0.938936 -0.90316 0.27967 -0.752497 -0.610916 -1 -1 -0.495685 -1 0.0193785 -0.0986847 -1 -0.903817 0.940016 0.571934 -0.324173 -0.396912 0.495677 -1 -0.752126 -0.193471 -0.834528 -0.567229 -0.598124 0.0500504 -1 -0.73635 0.720104 0.291239 -0.376741 -0.95789 -0.802598 -0.776584 0.373215 -1 0.192767 -1 -0.165709 -1 -0.22923 -0.213739 -0.190124 -1 -0.560481 -0.958884 -1 0.139993 -0.0117752 -0.776071 -1 -0.0366132 -0.475113 0.191849 -0.903464 -0.316776 0.791912 0.590724 -1 0.610064 -0.839707 0.392969 -0.420586 0.802141 -0.644613 0.0698815 -1 -1 -0.79971 -1 -1 0.00232853 -0.283413 0.399877 0.139863 0.0471318 -0.735756 -0.534277 -0.122368 0.649352 -0.297826 0.842628 -0.16884 -0.864772 -0.491381 -1 -1 -0.300051 
-0.605613 -1 -1 0.231841 -1 -1 -1 -0.821564 -0.318754 0.330807 0.113057 -0.503007 -0.483083 -0.313856 -0.564445 0.146787 -1 -1 -1 -0.938936 -0.90316 0.0991109 -0.920388 -0.688052 -1 -0.950761 -1 -1 -0.055312 -1 -1 -1 0.659089 0.246348 0.247787 -0.334089 0.355458 -1 -0.957362 -0.193471 -0.936769 -1 -1 0.0932636 -0.907755 -0.802098 -0.154799 0.391551 -0.495245 -1 -0.82502 -1 0.390866 -0.979534 -0.582671 -0.827189 0.168432 -0.908559 -0.00547942 -1 -0.757465 -0.78764 -0.589616 -0.0503477 -1 -0.988972 -1 -0.98034 -1 -0.464006 -0.919271 -0.345189 -1 -0.286753 0.355249 0.405456 -1 0.331091 -0.985007 0.0360699 -0.612515 0.537175 -0.963479 -0.0827666 -0.910075 -0.957129 -0.849762 -1 -1 -0.795791 -0.169524 0.257219 -0.338035 0.173232 -0.516466 -0.825229 -0.458413 0.100507 -0.424849 0.873827 -0.0576154 -1 -1 -0.74591 -0.963317 -0.824563 
-0.451568 -1 -1 0.388356 -1 -0.982419 -0.833897 -0.914487 -0.365446 0.610687 -0.453934 -0.443787 -0.523516 -0.453519 -0.564445 0.107716 -0.752311 -1 -0.129044 -0.906612 -0.90316 0.192168 -0.920388 -1 -1 -1 -0.936161 -0.969396 -0.145441 -1 -1 -1 0.52425 0.246348 0.0981442 -0.278797 0.427954 -0.879432 -1 -0.193471 -1 -0.994069 -1 0.60284 -0.926321 -0.424128 0.0819214 -0.0363041 -1 -0.885277 -0.911792 -0.74348 0.543919 -1 -0.5188 -0.809959 0.168432 -1 -0.164223 0.01152 -1 -1 -1 -0.0256523 -0.985242 -0.443566 -1 -1 -1 -0.15051 -0.894057 -0.0936405 -1 -0.286753 0.355249 0.249275 -1 0.0842224 -1 0.340216 -0.862775 0.493998 -0.880286 -0.0548906 -0.724598 -1 -1 -1 -1 -0.725795 0.148114 0.41182 0.136755 0.173232 -0.603841 -1 -0.624713 0.193789 -0.947771 0.77991 -0.504147 -1 -1 -1 -1 -0.895405 
-0.623361 -0.93633 -0.820464 0.959843 -1 -0.183965 -0.985758 -1 -0.262063 -0.102168 -0.211488 -1 -0.417574 0.162641 -0.248495 -0.305185 -1 -0.675661 -0.303307 -1 -0.90316 0.27967 -0.469914 -0.309142 -1 -0.959409 -0.568189 -1 -0.226807 -0.152635 -1 -0.86113 0.940016 0.450894 0.00603223 -0.0999132 0.495677 -1 -0.869704 -0.45688 -0.860554 -0.567229 -0.848884 0.6125 -1 -0.761125 0.477883 0.560747 -0.251088 -0.911123 -1 -1 -0.0478666 -1 0.192767 -1 -0.165709 -1 -1 -0.213739 -0.431045 -1 -0.166496 -0.633618 -1 0.169605 0.154867 -1 -1 -0.504344 -0.655721 0.690902 -1 -0.783341 0.791912 0.744721 -1 0.37959 -1 0.449884 -1 0.931312 -0.518685 0.0419343 -1 -1 -1 -0.809976 -1 -0.507899 -0.0189376 0.339053 -0.108096 0.0618414 -0.673939 -0.900681 -0.255856 0.649352 -0.297826 0.905394 -0.159524 -0.816548 -0.491381 -0.820663 -1 -0.884807 
-0.948324 -1 -0.989252 0.231841 -1 -1 -0.872221 -1 -0.318754 0.750226 0.101833 -0.319182 -0.483083 -0.487394 -0.564445 0.269068 -1 -1 -0.943123 -0.756134 -0.943763 -0.301898 -0.920388 -0.870938 -1 -1 -1 -1 -0.055312 -0.884248 -1 -1 0.659089 0.246348 0.291485 -0.334089 -0.219219 -1 -0.957362 -0.193471 -1 -1 -1 0.241963 -0.771769 -0.569948 -0.185557 0.391551 -0.950467 -1 -1 -0.74348 0.260063 -1 -0.582671 -0.827189 0.0563718 -1 -0.00547942 -0.333596 -0.757465 -1 -1 -0.193187 -1 -1 -1 -0.98034 -1 -0.464006 -0.927823 -0.303085 -1 -0.62457 0.355249 0.579495 -1 0.392185 -0.959765 -0.329218 -0.612515 0.537175 -0.963479 -0.711957 -0.910075 -0.960858 -1 -1 -1 -0.709162 -0.169524 0.257219 0.163499 0.173232 -0.798563 -0.825229 -0.595157 0.330754 -0.424849 0.873827 -0.203765 -1 -0.720019 -0.589882 -1 -0.656249 
-0.427472 -1 -1 0.932284 -0.962315 -0.183965 -1 -1 -0.262063 0.471907 0.291024 -0.783797 -0.417574 0.227678 -0.105894 0.361667 -0.884865 -0.629475 -0.199658 -0.938936 -0.90316 0.27967 -0.752497 -0.309142 -1 -1 -0.495685 -1 0.0193785 -0.0986847 -1 -0.903817 0.940016 0.571934 -0.324173 -0.0999132 0.495677 -1 -0.869704 -0.193471 -0.834528 -0.567229 -0.598124 0.0500504 -1 -0.73635 0.720104 0.291239 -0.376741 -0.95789 -0.802598 -0.776584 0.373215 -1 0.192767 -1 -0.165709 -1 -0.0296115 -0.213739 -0.190124 -1 -0.560481 -0.55105 -0.879537 0.139993 -0.0117752 -0.776071 -1 -0.0366132 -0.355908 0.200429 -0.903464 -0.316776 0.791912 1 -1 0.7442 -0.839707 0.392969 -0.420586 0.802141 -0.644613 0.477353 -1 -1 -0.79971 -0.860605 -1 0.00232853 -0.167657 0.399877 0.139863 0.0471318 -0.673939 -0.534277 -0.122368 0.649352 -0.297826 0.842628 -0.16884 -0.84925 -0.491381 -0.566587 -1 -0.319437 
-0.451568 -1 -1 0.388356 -1 -0.982419 -0.833897 -1 -0.365446 0.610687 -0.453934 -0.74538 -0.52503 -0.453519 -0.564445 0.396006 -1 -1 -0.144948 -0.906612 -0.90316 0.124725 -0.920388 -1 -1 -0.855729 -0.936161 -0.969396 -0.145441 -1 -1 -1 0.52425 0.246348 0.0981442 -0.278797 0.427954 -0.879432 -1 -0.193471 -1 -0.994069 -1 0.60284 -0.926321 -0.424128 0.0819214 -0.0363041 -0.820367 -0.885277 -1 -0.74348 0.390866 -1 -0.5188 -0.900509 0.168432 -1 -0.164223 -0.319469 -1 -1 -1 -0.217989 -0.985242 -0.971993 -0.998305 -1 -1 -0.15051 -0.894057 -0.0936405 -1 -0.286753 0.355249 0.249275 -1 0.0842224 -1 0.340216 -0.862775 0.802141 -0.880286 -0.0548906 -0.724598 -1 -1 -1 -1 -0.574362 0.148114 0.41182 0.136755 0.173232 -0.603841 -1 -0.355852 0.240091 -0.947771 0.77991 -0.504147 -1 -1 -1 -1 -0.895405 
-0.997749 -1 -1 0.231841 -0.933051 -0.476449 -1 -0.990666 -0.318754 0.750226 0.0162182 -0.608964 -0.148111 -0.313856 -0.564445 0.564613 -1 -0.951303 -0.683265 -0.861261 -0.90316 0.198068 -0.920388 -0.870938 -1 -1 -1 -1 -0.29379 -1 -1 -1 -0.013265 -0.296454 0.247787 -0.217982 0.317689 -1 -0.957362 -0.413651 -0.864719 -0.939002 -0.931783 0.227796 -0.818649 -1 -0.154799 0.269053 -0.495245 -0.88669 -1 -0.607277 0.546208 -1 -1 -0.925686 -0.36885 -1 -1 -0.344429 -0.492662 -0.931214 -0.481557 -0.193664 -1 -0.988972 -1 -1 -1 -0.447986 -0.919271 -0.392333 -0.81166 -0.286753 0.513213 0.626537 -1 0.578894 -1 0.0430287 -0.612515 0.293169 -1 -0.543087 -0.910075 -0.922179 -0.921725 -1 -1 -0.275398 -0.360882 0.0960549 -0.0522675 0.173232 -0.603841 -1 -0.458413 0.320201 -0.424849 0.873827 -0.203765 -1 -1 -0.74591 -0.866631 -1 
-0.451568 -0.990955 -1 0.231841 -0.878021 -0.459353 -1 -1 -0.472911 0.704307 0.113057 -0.596122 -0.483083 -0.313856 -0.564445 0.225783 -0.813369 -1 -0.471453 -0.938936 -1 -0.0396314 -0.951481 -1 -0.817752 -1 -1 -1 -0.989448 -1 -1 -1 0.490118 0.246348 -0.253309 -0.334089 0.234931 -1 -0.948464 -0.737973 -0.966015 -1 -1 0.227796 -0.671646 -0.404818 -0.154799 0.133783 -0.495245 -1 -1 -0.845692 0.390866 -1 -0.478376 -0.862089 0.168432 -1 -0.00547942 0.01152 -1 -1 -0.589616 -0.367296 -0.985242 -0.936633 -1 -1 -1 -1 -1 -0.345189 -1 -0.27597 0.339016 0.626537 -1 0.490202 -1 -0.116225 -0.909471 0.923875 -1 -0.221504 -0.910075 -1 -1 -1 -1 -0.99766 -0.360882 0.203821 0.163499 0.268213 -0.603841 -0.968698 -0.458413 0.330754 -0.366297 0.788527 -0.203765 -0.956662 -0.824823 -0.74591 -1 -0.785387 
-0.451568 -1 -1 0.231841 -0.933051 -1 -1 -1 -0.837786 0.750226 0.0162182 -0.608964 -0.340397 -0.313856 -1 0.564613 -1 -0.951303 -1 -0.861261 -0.90316 0.198068 -1 -0.870938 -1 -1 -1 -1 -0.29379 -0.93604 -1 -1 0.208203 -0.0362267 0.247787 -0.217982 0.317689 -1 -0.957362 -0.413651 -0.864719 -0.939002 -0.931783 0.227796 -0.818649 -1 -0.154799 0.269053 -0.706965 -0.88669 -1 -0.607277 0.546208 -0.9466 -1 -0.925686 -0.692881 -1 -1 -0.344429 -0.492662 -0.931214 -0.481557 -0.193664 -1 -1 -1 -1 -1 -0.464006 -0.919271 -0.392333 -0.81166 -0.286753 0.513213 0.626537 -1 0.578894 -1 0.0430287 -0.612515 0.328354 -1 -0.543087 -1 -0.922179 -0.921725 -1 -1 -0.275398 -0.360882 0.0960549 -0.0522675 0.105143 -0.603841 -1 -0.458413 0.503223 -0.424849 0.671774 -0.203765 -1 -1 -0.914971 -0.765053 -1 
-0.451568 -1 -1 0.231841 -0.933051 -0.476449 -1 -0.990666 -0.318754 0.750226 0.0162182 -0.608964 -0.340397 -0.313856 -0.564445 0.564613 -1 -0.951303 -0.683265 -0.671766 -0.90316 0.198068 -0.920388 -0.870938 -1 -1 -1 -1 -0.29379 -1 -1 -1 0.208203 -0.0362267 0.247787 -0.217982 0.317689 -1 -0.957362 -0.413651 -0.864719 -0.939002 -0.931783 0.227796 -0.818649 -1 -0.154799 0.269053 -0.495245 -0.88669 -1 -0.607277 0.546208 -1 -1 -0.925686 -0.36885 -1 -1 -0.344429 -0.492662 -0.931214 -0.481557 -0.193664 -1 -0.988972 -1 -1 -1 -0.447986 -0.919271 -0.392333 -0.819129 -0.286753 0.513213 0.626537 -1 0.578894 -1 0.0430287 -0.612515 0.328354 -1 -0.543087 -0.910075 -1 -0.921725 -0.917911 -1 -0.275398 -0.360882 0.0960549 -0.0522675 0.173232 -0.603841 -1 -0.873068 0.320201 -0.424849 0.873827 -0.203765 -1 -1 -0.74591 -0.866631 -1 
-0.451568 -1 -1 0.388356 -1 -0.982419 -0.833897 -1 -0.365446 0.610687 -0.453934 -0.74538 -0.52503 -0.453519 -0.564445 0.396006 -1 -1 -0.144948 -0.906612 -0.90316 0.124725 -0.920388 -1 -1 -0.855729 -0.936161 -0.969396 -0.145441 -1 -1 -1 0.52425 0.398947 0.12276 -0.278797 0.427954 -0.879432 -1 -0.193471 -1 -0.994069 -1 0.60284 -0.926321 -0.424128 0.0819214 -0.0363041 -0.910477 -0.885277 -1 -0.67341 0.390866 -1 -0.5188 -0.900509 0.168432 -1 -0.164223 -0.319469 -1 -1 -1 -0.217989 -1 -0.971993 -0.998305 -1 -1 -0.15051 -0.894057 -0.0936405 -1 -0.286753 0.355249 0.249275 -1 0.0842224 -1 0.00904077 -0.862775 0.802141 -0.880286 -0.0548906 -0.800835 -1 -1 -1 -0.964233 -0.574362 0.148114 0.41182 0.136755 0.173232 -0.603841 -1 -0.355852 0.240091 -0.947771 0.77991 -0.504147 -1 -1 -1 -1 -0.895405 
-0.70483 -1 -0.998492 -0.134894 -0.878021 -1 -1 -1 -0.318754 0.717541 0.113057 -0.642661 -0.340397 -0.313856 -0.564445 -0.0398322 -1 -1 -0.837536 -0.938936 -0.90316 0.198068 -0.920388 -0.870938 -1 -1 -1 -1 -0.055312 -1 -1 -1 0.490118 0.246348 0.290119 -0.334089 0.180709 -1 -0.957362 -0.193471 -0.961829 -1 -0.800176 0.183388 -0.934305 -0.989335 -0.154799 0.22344 -0.934347 -0.93927 -1 -1 0.0274652 -1 -0.582671 -0.925827 -0.348186 -1 -0.31449 0.0456611 -0.933078 -0.931214 -0.558462 -0.193664 -0.985242 -1 -1 -1 -1 -0.609306 -0.964426 -0.345189 -0.81166 -0.544829 0.355249 0.597213 -1 0.578894 -1 -0.553635 -0.814896 0.686504 -1 -0.221504 -0.910075 -0.922179 -0.877412 -1 -1 -0.442023 -0.360882 0.203821 0.163499 0.173232 -0.603841 -1 -0.458413 0.330754 -0.424849 0.776383 -0.203765 -1 -0.883304 -0.74591 -0.978164 -0.851483 
-0.427472 -0.986419 -1 0.932284 -0.411294 -0.519429 -0.490272 -1 -0.262063 0.348492 1 0.368183 -0.447312 0.232385 -0.635768 -0.0800186 -0.51122 -1 -0.722947 -0.847686 -0.499101 -0.271253 -0.773217 -0.404623 -0.938196 -0.689842 -0.696242 -0.597321 -0.290323 -0.0986847 -1 -0.54893 1 0.545735 -0.590168 -0.0468916 0.61952 -0.952857 -1 0.010146 -0.918507 -0.567229 -0.0478937 0.342267 -0.777791 -0.842186 0.720104 0.727404 -0.600701 -1 -0.828226 -0.941206 0.373215 -1 0.717238 -0.0703781 -0.589211 -0.774228 -0.339423 -0.537548 -0.190124 -1 0.254788 -0.732727 -1 0.139993 0.183953 -1 -0.983704 0.458019 -0.999674 0.447871 -1 -0.191481 0.604835 0.380066 -1 0.556157 -0.949846 0.392969 -0.466664 -0.190522 -0.847618 0.326578 -1 -1 -1 -1 -0.982303 0.0279781 -0.167657 0.323278 0.28544 0.455256 -0.989986 -0.816749 -0.0778304 0.603361 -0.919451 0.800117 -0.351454 -1 -0.491381 -0.0226054 -0.664456 -0.451648 
-0.623361 -0.93633 -1 0.482746 -1 -0.444999 -0.998378 -1 -0.262063 -0.102168 -0.211488 -1 -0.417574 0.162641 -0.248495 -0.305185 -1 -0.675661 -0.303307 -1 -0.90316 0.27967 -1 -0.309142 -0.906631 -0.959409 -0.568189 -1 -0.226807 -0.152635 -1 -0.86113 0.940016 0.450894 0.00603223 -0.0999132 0.495677 -1 -0.832918 -0.45688 -1 -0.567229 -0.848884 0.6125 -1 -0.761125 0.477883 0.560747 -0.278632 -0.81871 -0.802515 -1 -0.0478666 -1 -0.104572 -1 -0.425779 -1 -1 -0.6533 -0.431045 -1 -0.0782715 -0.807736 -1 0.169605 0.154867 -1 -1 -0.504344 -0.655721 0.372175 -1 -0.783341 0.506916 0.744721 -1 0.37959 -1 0.449884 -1 0.0637838 -0.518685 0.0419343 -1 -1 -1 -1 -1 -0.507899 -0.0189376 0.339053 -0.108096 0.0618414 -0.673939 -0.900681 -0.255856 0.649352 -0.297826 0.905394 -0.159524 -0.816548 -0.491381 -0.820663 -1 -0.922348 
-0.427472 -1 -1 0.932284 -0.962315 -0.183965 -1 -1 -0.262063 0.471907 0.291024 -0.783797 -0.417574 0.227678 -0.105894 0.361667 -0.884865 -1 -0.199658 -0.938936 -0.90316 0.27967 -0.752497 -0.309142 -1 -1 -0.495685 -1 0.0193785 -0.507484 -1 -0.903817 0.940016 0.571934 -0.214035 -0.0999132 0.495677 -1 -0.869704 -0.193471 -0.834528 -0.567229 -0.598124 0.0500504 -1 -0.73635 0.720104 0.291239 -0.376741 -0.95789 -0.802598 -1 0.373215 -1 0.192767 -1 -0.377927 -1 -0.0296115 -0.213739 -0.190124 -1 -0.560481 -0.55105 -0.879537 0.139993 -0.0117752 -0.776071 -0.841551 -0.0366132 -0.355908 0.200429 -1 -0.316776 0.791912 1 -1 0.7442 -0.839707 0.450089 -0.420586 0.337254 -0.644613 0.477353 -0.846624 -1 -0.79971 -0.860605 -1 0.00232853 -0.167657 0.488669 0.139863 0.0471318 -0.673939 -0.534277 -0.122368 0.538065 -0.139716 0.842628 -0.16884 -0.84925 -0.491381 -0.566587 -0.909508 -0.319437 
-0.451568 -1 -1 0.157716 -0.933051 -0.476449 -1 -0.990666 -0.318754 0.750226 0.0162182 -0.608964 -0.438116 -0.313856 -0.564445 0.564613 -1 -0.951303 -0.837594 -0.861261 -0.90316 0.198068 -0.920388 -0.870938 -1 -1 -1 -1 -0.562888 -1 -1 -1 0.208203 -0.0362267 0.370293 -0.217982 0.317689 -1 -1 -0.413651 -0.864719 -0.939002 -0.931783 0.227796 -0.818649 -1 -0.154799 0.269053 -0.495245 -0.88669 -1 -0.607277 0.546208 -1 -1 -0.925686 -0.36885 -1 -1 -0.344429 -0.492662 -1 -0.481557 -0.0566556 -1 -0.988972 -1 -1 -1 -0.447986 -1 -0.392333 -0.81166 -0.418447 0.513213 0.626537 -1 0.1509 -1 0.0430287 -0.612515 0.328354 -0.885271 -0.543087 -0.910075 -0.922179 -0.921725 -1 -1 -0.275398 -0.360882 0.271313 -0.0522675 0.173232 -0.725406 -0.912662 -0.458413 0.320201 -0.306219 0.30972 -0.203765 -1 -1 -1 -1 -1 
-0.451568 -1 -1 0.326524 -1 -0.982419 -0.833897 -1 -0.365446 0.610687 -0.453934 -0.74538 -0.523516 -0.453519 -0.564445 0.396006 -1 -1 -0.144948 -0.906612 -0.90316 0.124725 -0.920388 -0.847343 -1 -0.855729 -1 -0.969396 -0.145441 -1 -1 -1 0.52425 0.246348 0.0981442 -0.278797 0.427954 -1 -1 -0.45904 -1 -1 -1 0.60284 -0.926321 -0.424128 0.0819214 -0.0363041 -0.820367 -1 -1 -0.74348 0.372528 -1 -0.5188 -0.900509 0.168432 -1 -0.163201 -0.386008 -1 -1 -1 -0.170677 -1 -0.971993 -1 -1 -1 -0.15051 -0.894057 -0.0936405 -1 -0.307036 0.355249 0.249275 -1 0.0842224 -1 0.299555 -0.862775 0.802141 -0.880286 -0.0548906 -0.724598 -1 -1 -1 -1 -0.574362 0.148114 0.41182 0.136755 0.370441 -0.408898 -1 -0.355852 0.294376 -0.938328 0.28367 -0.504147 -0.935173 -1 -1 -1 -0.895405 
-0.460882 -1 -1 0.231841 -0.933051 -0.476449 -1 -0.944069 -0.368057 0.750226 0.106068 -0.621484 -0.92806 -0.313856 -0.577915 0.488611 -1 -1 -0.642864 -0.965436 -0.90316 0.198068 -0.920388 -0.870938 -1 -1 -1 -1 -0.055312 -1 -1 -1 0.00812013 0.246348 0.247787 -0.334089 0.317689 -1 -0.957362 -0.193471 -0.864719 -1 -0.931783 0.227796 -0.745905 -1 -0.154799 0.22344 -0.495245 -1 -1 -0.761562 0.390866 -1 -0.666972 -0.925686 -0.36885 -1 -0.907811 0.0456611 -0.613548 -0.850281 -0.589616 -0.193664 -1 -0.988972 -1 -1 -1 -0.464006 -0.919271 -0.345189 -0.81166 -0.286753 0.513213 0.626537 -1 0.578894 -1 -0.116225 -0.570527 0.751966 -1 -0.452604 -0.910075 -0.922179 -0.921725 -1 -1 -0.442023 -0.360882 0.203821 -0.0522675 0.173232 -0.603841 -1 -0.458413 0.320201 -0.500679 0.873827 -0.203765 -1 -0.824823 -0.74591 -0.789787 -0.785387 
-0.736202 -0.972617 -1 0.932284 -0.962315 -0.594313 -0.985758 -1 -0.341969 -0.0291677 0.291024 -1 -0.438553 -0.352043 -0.163747 -0.357889 -1 -0.973552 -0.900885 -0.844559 -0.932095 -0.205247 -0.847982 -0.341032 -0.896296 -1 -0.905064 -1 0.0267929 -1 -1 -0.80572 1 0.571934 0.00603223 -0.812645 0.338759 -1 -0.829531 -0.193471 -1 -0.788157 -0.598124 0.6125 -1 -0.581781 0.720104 0.196996 -0.602213 -0.95789 -1 -0.852596 0.336095 -1 0.292897 -1 -0.0855194 -1 -0.639841 -0.407367 -0.43632 -1 -0.166496 -0.543501 -0.776063 -0.366852 0.482765 -1 -0.937824 -0.741528 -0.7637 0.262547 -0.866263 -1 0.810703 0.0553755 -1 0.211269 -1 0.392969 -0.881798 0.34539 -0.518685 0.0419343 -0.875988 -1 -1 -1 -1 -1 -0.167657 -0.313754 0.295606 0.321518 -0.64786 -1 -0.650592 0.796192 -0.355528 1 -0.159524 -1 -1 -0.441765 -0.914301 -1 
-0.451568 -1 -1 0.388356 -1 -0.982419 -0.833897 -1 -0.365446 0.610687 -0.771884 -0.443787 -0.523516 -0.453519 -1 0.396006 -0.752311 -1 -0.129044 -0.906612 -0.90316 -0.326385 -0.920388 -1 -1 -1 -0.936161 -0.969396 -0.278893 -1 -1 -1 0.52425 0.246348 0.0981442 -0.278797 0.427954 -0.879432 -1 -0.193471 -1 -0.994069 -1 0.60284 -0.926321 -0.424128 0.0819214 -0.0363041 -1 -0.885277 -1 -0.74348 0.390866 -1 -0.5188 -0.900509 0.168432 -0.866745 -0.164223 0.01152 -0.87069 -1 -1 -0.217989 -0.985242 -0.443566 -0.998305 -1 -1 -0.15051 -0.894057 -0.0936405 -1 -0.286753 0.355249 -0.301598 -1 -0.0181733 -1 0.330278 -0.862775 0.802141 -0.880286 -0.0548906 -0.724598 -1 -1 -1 -1 -0.574362 0.148114 0.41182 0.136755 0.173232 -0.603841 -1 -0.866093 0.193789 -0.947771 0.77991 -0.504147 -1 -1 -1 -1 -0.895405 
-0.766971 -1 -1 0.231841 -1 -0.950936 -1 -0.944069 -0.318754 0.794389 0.113057 -0.319182 -0.483083 -0.313856 -0.564445 0.269068 -1 -1 -0.526052 -0.94632 -0.943763 -0.479652 -0.920388 -0.870938 -1 -1 -1 -1 -0.055312 -1 -1 -1 0.669413 0.246348 0.247787 -0.305535 0.342646 -1 -0.957362 -0.193471 -0.864719 -1 -1 0.241963 -0.771769 -0.404818 -0.154799 0.391551 -0.919717 -1 -1 -0.74348 0.588378 -1 -0.582671 -0.827189 0.168432 -1 -0.486871 -0.333596 -0.876746 -0.783982 -0.544488 -0.778482 -1 -1 -0.995321 -0.98034 -1 -0.464006 -0.844641 -0.303085 -1 -0.286753 -0.161859 0.626537 -1 0.652792 -1 0.072883 -0.478789 0.537175 -1 -0.221504 -0.910075 -1 -1 -1 -1 -0.713134 -0.169524 0.257219 0.163499 0.173232 -0.603841 -0.825229 -0.458413 0.330754 -0.424849 0.873827 -0.203765 -1 -0.824823 -0.74591 -1 -0.700806 
-0.451568 -1 -0.810428 0.231841 -0.863274 -0.489011 -1 -0.990666 -0.654343 0.750226 0.0162182 -0.608964 -0.340397 -0.313856 -0.564445 0.548928 -1 -1 -0.683265 -0.861261 -0.914472 0.0927023 -0.920388 -0.870938 -1 -1 -1 -1 -0.307772 -1 -1 -1 0.208203 -0.0362267 0.384385 -0.217982 0.317689 -1 -0.957362 -0.413651 -1 -1 -0.931783 0.227796 -0.818649 -1 -0.154799 0.269053 -0.495245 -0.88669 -1 -0.607277 0.546208 -1 -1 -1 -0.36885 -1 -1 -0.344429 -0.492662 -0.931214 -0.481557 -0.193664 -1 -0.988972 -1 -1 -1 -0.464006 -0.919271 -0.727326 -0.81166 -0.353382 0.634739 0.626537 -1 0.578894 -1 0.0430287 -1 0.328354 -1 -0.543087 -0.968749 -0.888032 -0.921725 -1 -1 -0.492102 -0.360882 0.0960549 -0.0522675 0.314581 -0.654714 -1 -1 0.320201 -0.424849 0.873827 -0.203765 -1 -1 -0.74591 -0.866631 -1 
-0.451568 -1 -1 0.194549 -0.878021 -0.386803 -1 -1 -0.331602 0.454595 0.113057 -0.443787 -0.483083 -0.313856 -0.564445 0.269068 -0.873257 -1 -0.424742 -0.938936 -1 0.198068 -0.920388 -0.870938 -1 -1 -1 -1 -0.354235 -1 -1 -0.934666 0.490118 -0.197695 -0.0836403 -0.334089 0.342715 -1 -1 -0.737973 -0.966015 -0.871226 -0.931783 0.227796 -0.991817 -0.53905 -0.154799 0.22344 -0.511653 -1 -1 -0.64731 0.32962 -1 -0.419857 -1 0.3603 -1 0.0340317 0.0993089 -0.668815 -1 -0.589616 -0.193664 -0.92424 -0.891498 -1 -0.943091 -1 -1 -1 -0.345189 -1 -0.258617 0.339016 0.626537 -1 0.267663 -1 -0.233519 -1 0.780121 -1 -0.221504 -0.810853 -0.868886 -0.849762 -1 -1 -0.99766 -0.360882 0.0651064 0.163499 0.173232 -0.729254 -0.968698 -0.445155 0.330754 -0.424849 0.873827 -0.259088 -1 -0.824823 -1 -0.978164 -0.785387 
-0.427472 -0.851737 -1 0.932284 -0.411294 -0.183965 -0.54972 -0.82609 -0.262063 0.725123 0.975954 0.705136 -0.601702 0.227678 -0.105894 0.269068 -0.426088 -0.629475 -0.179007 -0.847686 -0.499101 0.254501 -0.38052 -0.273012 -1 -0.689842 -0.12628 -0.600697 0.0193785 -0.446243 -0.880323 -0.671762 0.53845 0.408963 0.00603223 -0.0468916 0.496055 -0.754485 -0.477976 0.390996 -0.481396 -0.567229 -0.0241521 0.6125 -0.614751 -1 0.720104 0.744468 -0.376741 -1 -1 -0.776584 0.373215 -1 0.72328 -0.178635 -0.116974 -0.774228 0.14534 -0.103447 -0.213045 -1 0.282742 -0.217989 -1 0.139993 0.352877 -0.973012 -1 0.618409 -0.428641 0.172777 -1 -0.0408349 0.791912 0.796273 -1 0.977804 -1 0.392969 -0.466664 0.802141 -0.648202 0.985524 -0.82619 -1 -1 -0.605726 -1 0.477465 -0.167657 0.286826 0.28544 0.455256 -0.671964 -0.814495 -0.122368 0.637866 -0.482615 0.786075 -0.288558 -1 -0.491381 -0.0226054 -0.351347 -0.496028 
