-0.427472 -0.953432 -1 0.932284 -0.962315 -0.183965 -0.985758 -1 -0.262063 0.471907 0.291024 -0.202986 -0.417574 0.227678 -0.105894 0.269068 -0.884865 -0.629475 -0.179007 -0.938936 -0.90316 0.27967 -0.469914 -0.309142 -1 -1 -0.495685 -1 0.0193785 -0.0986847 -1 -0.797172 0.940016 0.571934 0.00603223 -0.0999132 0.495677 -1 -0.869704 -0.193471 -1 -0.567229 -0.598124 0.6125 -1 -0.761125 0.720104 0.634954 -0.376741 -0.95789 -0.802598 -0.776584 0.373215 -1 0.192767 -1 -0.165709 -1 -0.0296115 -0.213739 -0.190124 -1 0.0380469 -0.217989 -0.879537 0.139993 0.482765 -0.973012 -1 -0.0366132 -0.428641 0.631256 -0.903464 -0.316776 0.791912 0.965248 -1 0.7442 -1 0.392969 -0.420586 0.802141 -0.644613 0.477353 -0.988057 -1 -0.79971 -1 -1 0.00232853 -0.167657 0.399877 0.139863 0.455256 -0.673939 -0.653402 -0.122368 0.649352 -0.297826 0.842628 -0.159524 -0.84925 -0.491381 -0.566587 -0.914301 -0.319437 
-0.427472 -1 -1 0.833625 -0.953828 -0.229939 -0.985758 -1 -0.163522 0.602251 0.256857 -0.202986 -0.22425 0.227678 -0.664135 0.269068 -0.884865 -0.740842 -0.679874 -1 -1 0.106242 -0.442537 -0.434424 -1 -1 -0.349833 -1 0.0193785 -0.0986847 -1 -0.845422 0.940016 0.408963 -0.577277 -0.588004 0.495677 -0.898586 -1 -1 -1 -0.799496 -0.789858 0.6125 -1 -0.761125 0.720104 0.734891 -0.376741 -1 -0.9463 -0.776584 0.373215 -1 -0.0385957 -0.461302 -0.165709 -1 0.0692075 -0.263337 -0.190124 -1 -0.432561 -0.276416 -0.879537 -0.0484265 -0.125086 -0.973012 -1 -0.708888 -0.428641 0.0464079 -1 -0.800791 0.791912 1 -1 0.831363 -0.941993 -0.308945 -0.312123 0.802141 -1 0.826738 -0.934247 -1 -0.79971 -1 -1 -0.591616 -0.692747 0.399877 0.139863 -0.134301 -0.714663 -0.653402 -0.309477 0.649352 -0.243341 0.842628 -0.159524 -0.84925 -0.491381 -0.769318 -0.914301 -0.319437 
0.268453 -0.723193 -0.478893 -0.879268 -0.643754 -1 -0.270909 -1 -0.369952 -0.673286 -1 0.429752 -0.114349 -0.611152 0.350781 -0.335144 -1 0.171616 0.149642 -1 -0.274782 -1 -0.808039 0.0264202 0.398673 -0.983189 -0.782432 -0.78694 0.28191 -1 -0.0264403 -1 -0.0800358 0.901299 -0.699901 0.114034 -1 0.728754 -0.22371 0.392882 -0.454815 -0.542125 0.26941 0.777408 -0.345361 -0.735018 -0.436972 0.81262 1 -0.917761 -0.162269 0.823987 -0.380368 0.0550948 -0.122218 -1 -0.253597 0.454803 -1 -0.846544 0.339372 -1 -1 0.0519081 0.190295 -0.584832 -1 -0.829631 0.213782 0.388239 -0.282508 0.197716 -0.466658 -0.87546 0.0511523 -1 -1 -0.401228 -0.187057 -1 -0.413087 -1 0.981168 -1 0.822086 0.697056 -0.767388 -1 0.120548 -0.29374 -0.722792 0.159616 -1 0.259271 0.0933992 0.0272481 -0.23164 -1 0.196742 -1 0.637009 -0.338047 -1 -1 -0.874292 -0.710852 
-1 -1 -1 1 -0.962315 -0.183965 -0.985758 -1 -0.787428 0.725123 0.256857 -0.202986 -0.658527 0.227678 -0.105894 0.269068 -1 -0.629475 -0.179007 -0.938936 -0.90316 0.27967 -0.481467 -0.405715 -0.980422 -1 -0.453614 -1 -0.111902 -0.0986847 -1 -0.797172 0.940016 0.408963 -0.560119 -0.0999132 0.496055 -1 -0.869704 -0.193471 -1 -0.567229 -0.598124 0.60284 -0.960145 -0.761125 0.720104 0.744468 -0.376741 -0.95789 -0.802598 -0.776584 0.482442 -1 0.192767 -1 -0.116974 -1 0.0692075 -0.103447 -0.553724 -1 -0.113779 -0.241951 -0.811716 0.139993 0.122484 -1 -1 -0.328173 -0.428641 0.631256 -1 -0.286753 0.791912 0.965248 -1 0.829871 -0.970316 0.392969 -0.406141 0.802141 -0.644613 0.259685 -1 -1 -1 -1 -1 -0.0797719 -0.167657 0.14749 0.160781 0.455256 -0.673939 -1 -0.122405 0.649352 -0.432696 0.621778 -0.159524 -0.953229 -0.605408 -0.566587 -0.914301 -0.319437 
-0.427472 -0.851737 -1 0.932284 -0.411294 -0.183965 -0.490272 -0.82609 -0.262063 0.725123 1 0.642018 -0.601702 0.227678 -0.105894 0.130695 -0.426088 -0.629475 -0.179007 -0.847686 -0.499101 0.254501 -0.38052 -0.404623 -1 -0.689842 -0.12628 -0.575675 -0.290323 -0.0986847 -1 -0.671762 0.940016 0.408963 0.00603223 -0.0468916 0.496055 -1 -0.53532 0.390996 -0.528064 -0.567229 0.00801134 0.6125 -0.614751 -0.761125 0.720104 0.727404 -0.376741 -1 -1 -0.776584 0.373215 -1 0.72328 -0.178635 -0.116974 -0.83007 0.14534 -0.1116 -0.444847 -1 0.254788 -0.217989 -1 0.139993 -0.0260864 -0.973012 -0.918752 0.30127 -0.999674 0.631256 -1 0.117296 0.791912 0.796273 -1 0.977804 -1 0.392969 -0.466664 0.750237 -0.644613 0.826738 -0.842835 -1 -1 -0.62101 -1 0.477465 -0.167657 0.286826 0.28544 0.455256 -0.5954 -0.77816 -0.122368 0.603361 -0.396108 0.786075 -0.288558 -1 -0.491381 -0.13036 -0.351347 -0.451648 
-0.427472 -1 -1 0.41059 -0.962315 -0.183965 -1 -1 -0.785442 0.573316 0.256857 -0.449572 -0.369285 0.227678 -0.440698 -0.127437 -0.884865 -0.629475 -0.179007 -1 -0.978382 0.529166 -0.329749 -0.435458 -1 -1 -0.453614 -1 0.0193785 -1 -1 -0.797172 0.940016 0.408963 0.00603223 -0.0999132 0.495677 -1 -1 -0.193471 -1 -0.567229 -0.598124 0.752154 -1 -1 0.120728 0.744468 -0.412597 -0.95789 -0.802598 -0.776584 0.373215 -1 0.477575 -0.461302 -0.165709 -0.829459 0.0692075 -0.103447 -0.190124 -1 0.0575003 -0.357782 -1 0.139993 0.482765 -0.973012 -1 -0.783127 -0.428641 -0.200233 -1 -0.782439 0.791912 0.965248 -1 0.792276 -0.884211 0.392969 -0.312123 0.974076 -0.631212 0.826738 -0.988057 -1 -1 -1 -1 0.00232853 -0.167657 0.399877 0.274077 0.330805 -0.673939 -0.653402 -0.475867 0.44404 -0.297826 0.842628 -0.360687 -0.84925 -0.491381 -0.560112 -0.914301 -0.427654 
-0.427472 -0.851737 -1 1 -0.616116 -0.183965 -0.490272 -0.82609 -0.262063 0.725123 1 0.66503 -0.931657 0.227678 -0.105894 0.269068 -0.426088 -0.629475 -0.179007 -0.847686 -0.499101 0.254501 -0.38052 -0.404623 -1 -0.689842 -0.12628 -0.575675 -0.290323 -0.0986847 -1 -0.725379 0.940016 0.408963 0.00603223 -0.0468916 0.527671 -1 -0.477976 0.390996 -0.973982 -0.567229 -0.00727788 0.6125 -0.614751 -0.761125 0.720104 0.727404 -0.376741 -1 -1 -0.776584 0.373215 -1 0.72328 -0.178635 -0.116974 -0.682666 0.14534 -0.103447 -0.190124 -1 0.254788 -0.217989 -0.963125 0.139993 -0.1163 -0.973012 -0.983704 0.458019 -0.999674 0.631256 -1 0.117296 0.791912 0.796273 -1 0.942252 -1 0.392969 -0.466664 0.596978 -0.644613 0.826738 -0.842835 -1 -1 -0.821408 -1 0.477465 -0.167657 0.286826 0.28544 0.283288 -0.5954 -0.732051 -0.197789 0.603361 -0.627621 0.786075 -0.288558 -1 -0.491381 -0.0226054 -0.351347 -0.451648 
-0.192529 -0.939819 -0.784798 1 -0.0785222 -0.656672 -0.66058 -0.974304 0.303029 0.76011 0.670512 0.135312 -0.0292499 -0.337099 -0.15872 0.487695 -0.476896 -0.852091 -0.179007 -0.782739 -1 0.293178 -0.38052 -0.415413 -0.683553 -1 -0.129414 -0.600697 0.0193785 -0.0986847 -1 -0.930981 0.389885 -0.429358 -0.0772515 -0.29441 0.646051 -1 -0.455595 0.346222 -0.467618 -0.567229 0.0867372 0.6125 -1 -0.607158 0.800836 0.674723 -0.376741 -0.759921 -0.95565 -0.416869 0.316711 -0.910904 0.132857 -0.307899 0.100966 -1 -0.407066 -0.0656807 -0.190124 -0.652889 0.165254 -0.577722 -0.961075 0.044147 0.352877 -1 -1 0.745254 0.0171172 0.248068 -1 -0.0408349 0.791912 0.16105 -0.697251 0.284687 -0.916817 0.226308 -0.474192 0.427878 -0.644613 0.716138 -1 -1 -0.526033 -0.586867 -0.911385 0.400926 -0.386378 -0.135314 0.295752 0.0812409 -0.383587 -0.740179 -0.31947 0.637866 -0.482615 0.786075 -0.275965 -0.683369 -1 -0.225827 -0.506 0.470465 
-0.253982 -1 -1 0.371756 -0.962315 -0.183965 -0.985758 -1 -0.328845 0.553275 0.256857 -0.202986 -0.417574 0.227678 -0.564445 0.269068 -0.767773 -0.629475 -0.0439432 -0.938936 -0.90316 0.27967 -0.481467 -0.405715 -1 -1 -0.796762 -1 0.0193785 -0.56459 -1 -0.797172 0.940016 0.408963 0.00603223 -0.0999132 0.232441 -1 -0.911856 -0.193471 -1 -0.567229 -0.598124 0.60284 -1 -0.586018 0.259945 0.744468 -0.376741 -1 -0.802598 -0.776584 0.390866 -1 0.190476 -0.531819 0.00760233 -1 0.0692075 -0.103447 -0.190124 -0.825174 0.0380469 -0.217989 -1 0.139993 0.482765 -1 -1 -0.202462 -0.428641 0.0697039 -1 -0.286753 0.791912 0.965248 -1 0.535956 -1 0.340216 -0.312123 0.802141 -1 0.495646 -1 -1 -0.79971 -1 -1 -0.0666876 -0.167657 0.286826 0.139863 0.455256 -0.673939 -0.800054 -0.122368 0.7097 -0.432696 0.842628 -0.159524 -0.84925 -0.824823 -0.566587 -1 -0.391821 
-0.427472 -1 -1 0.371756 -0.962315 -0.102518 -0.985758 -1 -0.74329 0.334158 0.378692 -0.202986 -1 0.227678 -0.105894 0.269068 -0.780635 -1 -0.0439432 -0.938936 -0.90316 -0.0453702 -0.481467 -0.405715 -1 -0.811063 -0.890788 -1 0.0193785 0.0999121 -1 -0.797172 0.377122 0.408963 0.00603223 -0.0999132 0.237595 -1 -1 -0.193471 -1 -0.567229 -0.598124 0.60284 -1 -0.586018 0.469861 0.744468 -0.44961 -0.860747 -0.802598 -0.900914 -0.0428876 -1 0.190476 -0.531819 -0.116974 -1 0.0692075 -0.103447 -0.190124 -0.825174 0.0380469 -0.217989 -1 0.139993 0.482765 -0.767965 -1 -0.688959 -0.428641 0.631256 -1 -0.286753 0.791912 0.965248 -1 0.535956 -0.94893 0.340216 -0.312123 0.802141 -1 -0.035623 -1 -1 -0.79971 -1 -1 -0.0666876 -0.167657 0.33503 0.139863 0.455256 -0.673939 -0.800054 -0.122368 0.7097 -0.432696 0.842628 -0.159524 -0.84925 -0.689276 -0.634637 -0.914301 -1 
-0.449728 -1 -1 0.932284 -0.962315 -0.229487 -0.985758 -1 -0.262063 0.471907 0.256857 -0.454818 -0.417574 0.227678 -0.105894 0.269068 -0.884865 -0.629475 -0.179007 -0.938936 -0.90316 0.27967 -0.469914 -0.435458 -1 -0.930891 -0.453614 -1 -0.511362 -0.0986847 -1 -0.797172 0.440814 0.571934 0.00603223 -0.0999132 0.495677 -1 -0.869704 -0.193471 -0.870338 -0.735273 -0.598124 0.6125 -1 -0.761125 0.720104 0.634954 -0.176819 -0.95789 -0.802598 -0.776584 0.373215 -1 0.192767 -0.461302 -0.165709 -1 -0.0296115 -0.213739 -0.708994 -1 0.0380469 -0.217989 -0.879537 0.139993 0.523732 -0.973012 -0.845767 -0.202462 -0.428641 0.631256 -1 -0.316776 0.791912 0.965248 -1 0.792276 -1 -0.0484799 -0.420586 0.802141 -0.644613 0.712751 -0.988057 -0.958447 -0.79971 -1 -1 -0.404927 -0.197898 0.399877 0.139863 0.455256 -0.621962 -0.653402 -0.122368 0.649352 -0.552886 0.842628 -0.159524 -0.84925 -0.491381 -0.566587 -0.914301 -0.213379 
-0.427472 -0.736655 -1 1 -0.616116 -0.183965 -0.701893 -0.82609 -0.262063 0.725123 1 0.636811 -0.931657 0.227678 -0.105894 0.269068 -0.426088 -0.629475 -0.179007 -0.847686 -0.499101 0.254501 -0.38052 -0.404623 -1 -0.689842 -0.12628 -0.813521 -0.290323 -0.0986847 -1 -0.725379 0.940016 0.408963 -0.389475 -0.0468916 0.642204 -1 -0.477976 0.390996 -0.973982 -0.567229 -0.00727788 0.6125 -0.614751 -1 0.720104 0.751584 -0.376741 -1 -1 -0.776584 0.373215 -1 0.331048 -0.178635 -0.116974 -0.525909 0.14534 -0.103447 -0.190124 -1 0.254788 -0.217989 -1 0.139993 -0.1163 -0.973012 -0.983704 0.458019 -0.999674 0.631256 -1 0.117296 0.791912 0.796273 -1 0.942252 -1 0.392969 -0.466664 0.374396 -0.644613 0.826738 -0.842835 -1 -1 -0.821408 -1 0.477465 -0.167657 0.286826 0.28544 0.283288 -0.5954 -0.732051 -0.201547 0.603361 -0.627621 0.786075 -0.288558 -1 -0.491381 -0.0226054 -0.351347 -0.451648 
-1 -1 -1 0.932284 -0.962315 -0.183965 -0.985758 -1 -0.262063 0.725123 0.256857 -0.202986 -0.658527 0.227678 -0.105894 0.192243 -1 -0.629475 -0.151812 -0.938936 -0.90316 0.112172 -0.481467 -0.405715 -1 -0.901841 -0.453614 -1 0.0193785 -0.0986847 -1 -0.935845 1 0.408963 -0.560119 -0.0999132 0.496055 -1 -0.869704 -0.193471 -1 -0.567229 -0.878992 0.60284 -1 -0.761125 0.720104 0.405976 -0.465699 -0.95789 -0.802598 -0.776584 0.482442 -1 0.192767 -0.531819 -0.116974 -1 0.0692075 -0.103447 -0.570863 -1 -0.543766 -0.684796 -1 -0.177469 0.482765 -0.973012 -1 -0.202462 -0.428641 0.631256 -1 -0.286753 0.791912 0.965248 -0.920467 0.792276 -1 0.392969 -0.312123 0.364878 -0.644613 0.826738 -1 -1 -0.79971 -1 -1 -0.0666876 -0.167657 0.286826 0.160781 0.455256 -0.673939 -0.800054 -0.122368 0.649352 -0.432696 0.842628 -0.159524 -0.84925 -0.605408 -0.566587 -0.914301 -0.265253 
-0.427472 -0.851737 -1 0.932284 -0.411294 -0.464774 -0.366014 -0.82609 -0.551839 0.725123 1 0.376584 -0.81398 -0.237976 -0.217013 0.288559 -0.972551 -0.901985 -0.179007 -0.847686 -0.499101 -0.10078 -0.38052 -0.3264 -1 -1 -0.12628 -0.575675 -0.290323 -0.0986847 -1 -0.671762 0.940016 0.408963 -0.266758 -0.115932 0.103174 -1 -0.689068 0.390996 -0.903719 -0.567229 0.15185 0.178771 -1 -0.761125 0.517798 0.727404 -0.376741 -1 -1 -0.880048 0.515481 -0.816217 0.72328 -0.178635 -0.116974 -0.774228 0.14534 -0.103447 -0.190124 -1 0.254788 -0.217989 -1 -0.0568461 -0.0260864 -0.973012 -0.983704 0.579575 -1 0.22856 -1 0.117296 0.791912 0.482573 -1 0.977804 -1 0.392969 -0.466664 0.750237 -0.644613 0.826738 -0.696056 -1 -1 -0.62101 -1 0.285914 -0.167657 0.286826 0.28544 0.455256 -0.916821 -0.77816 -0.420253 0.603361 -0.482615 0.786075 -0.288558 -1 -0.491381 -0.0226054 -0.30795 -0.451648 
-0.427472 -1 -0.989427 0.932284 -0.962315 -0.183965 -0.985758 -1 -0.262063 0.471907 0.256857 -0.202986 -0.369285 0.227678 -0.105894 0.253215 -0.884865 -0.629475 -0.179007 -1 -0.978382 0.529166 -0.442537 -0.435458 -1 -1 -0.453614 -1 0.0193785 -1 -1 -0.797172 0.940016 0.408963 0.00603223 -0.0999132 0.495677 -1 -0.869704 -0.193471 -1 -0.567229 -0.598124 0.6125 -1 -0.761125 0.120728 0.744468 -0.376741 -0.95789 -0.802598 -0.776584 0.373215 -1 0.324671 -0.461302 -0.165709 -1 0.0692075 -0.103447 -0.190124 -1 0.0380469 -0.336056 -0.879537 0.139993 0.482765 -0.973012 -1 -0.202462 -0.428641 0.36787 -1 -0.782439 0.791912 0.965248 -1 0.792276 -0.884211 0.392969 -0.312123 0.742678 -0.644613 0.826738 -0.988057 -1 -1 -1 -1 0.00232853 -0.167657 0.399877 0.139863 0.330805 -0.673939 -0.653402 -0.122368 0.649352 -0.297826 0.842628 -0.159524 -0.84925 -0.536848 -0.566587 -0.914301 -0.427654 
-0.466793 -0.851737 -0.958654 0.932284 -0.411294 -0.183965 -0.490272 -0.82609 -0.641494 0.590357 1 0.642018 -0.601702 0.227678 -0.105894 0.269068 -0.39321 -0.629475 -0.253767 -0.847686 -0.499101 0.254501 -0.38052 -0.404623 -1 -0.689842 -0.12628 -0.575675 -0.290323 -0.0986847 -1 -0.671762 0.94786 0.408963 -0.0469244 -0.19159 0.496055 -1 -0.53532 0.340014 -0.528064 -1 0.00801134 0.6125 -0.614751 -0.761125 0.720104 0.727404 -0.376741 -1 -1 -1 0.0839171 -1 0.72328 -0.037135 -0.116974 -0.774228 0.14534 -0.103447 -0.190124 -1 0.254788 -0.217989 -1 0.139993 -0.0260864 -1 -1 0.458019 -0.999674 0.312193 -1 0.273084 0.791912 0.328376 -1 0.977804 -1 0.392969 -0.445268 0.750237 -0.644613 0.826738 -0.842835 -1 -1 -0.62101 -1 0.477465 -0.167657 0.286826 -0.0826678 0.430322 -0.5954 -0.77816 -0.122368 0.603361 -0.482615 0.786075 -0.288558 -1 -0.491381 -0.0226054 -0.351347 -0.451648 
-0.427472 -1 -0.926148 0.932284 -0.962315 -0.183965 -1 -1 -0.262063 0.725123 0.163156 -0.202986 -0.534632 0.227678 -0.105894 0.269068 -1 -0.999637 -0.179007 -1 -0.90316 0.165953 -0.442537 -0.435458 -1 -1 -0.453614 -0.824749 -0.219551 -0.0986847 -1 -0.889338 0.469493 0.408963 0.00603223 -0.0999132 0.496055 -1 -0.869704 -0.193471 -0.992501 -0.567229 -0.598124 0.6125 -1 -0.761125 0.720104 0.670885 -0.376741 -1 -0.802598 -1 0.373215 -1 0.192767 -0.461302 -0.324784 -1 0.0692075 -0.103447 -0.190124 -1 -0.31813 -0.217989 -1 0.139993 0.197574 -0.973012 -1 -0.202462 -0.428641 0.631256 -1 -0.286753 0.791912 0.38189 -1 0.792276 -1 0.392969 -0.312123 0.740873 -0.644613 0.678513 -1 -0.923412 -0.79971 -1 -1 -0.578451 -0.722402 0.322563 0.139863 0.455256 -0.673939 -0.800054 -0.122368 0.649352 -0.297826 0.842628 -0.159524 -0.882179 -0.726154 -0.67476 -0.975004 -0.611462 
-0.427472 -0.851737 -1 0.932284 -0.411294 -0.183965 -0.490272 -0.82609 -0.262063 0.725123 1 0.642018 -0.601702 0.227678 -0.105894 0.288559 -0.9476 -0.629475 -0.179007 -0.847686 -0.707443 -0.0945975 -0.38052 -0.234303 -1 -1 -0.191157 -0.575675 -0.290323 0.0455419 -1 -1 1 0.224741 0.00603223 -0.115932 0.496055 -1 -0.53532 0.390996 -0.528064 -0.567229 -0.446251 0.482307 -0.716381 -0.761125 0.720104 0.727404 -0.376741 -0.8459 -1 -0.776584 0.373215 -1 0.72328 -0.178635 -0.116974 -0.774228 0.14534 -0.103447 -0.190124 -1 0.254788 -0.217989 -1 0.139993 -0.119375 -0.816001 -0.983704 0.579575 -1 0.631256 -1 0.117296 0.791912 0.796273 -1 0.977804 -1 0.392969 -0.466664 0.750237 -0.644613 0.622353 -0.842835 -1 -1 -0.62101 -1 0.296376 -0.167657 0.286826 0.28544 0.455256 -0.5954 -1 -0.420253 0.603361 -0.482615 0.786075 -0.288558 -1 -0.491381 -0.0357086 -0.351347 -0.451648 
-0.427472 -0.851737 -1 1 -0.507122 -0.183965 -0.490272 -0.82609 -0.262063 0.725123 1 0.66503 -0.931657 0.227678 -0.105894 0.269068 -0.93512 -0.629475 -0.179007 -0.847686 -0.499101 0.254501 -0.460688 -0.404623 -1 -0.689842 -0.12628 -0.810319 -0.618631 -0.0986847 -1 -0.725379 0.940016 0.408963 0.00603223 -0.0468916 0.527671 -1 -0.477976 0.390996 -0.973982 -0.567229 -0.00727788 0.6125 -0.614751 -0.761125 0.720104 0.727404 -0.376741 -1 -1 -0.776584 0.373215 -1 0.72328 -0.178635 -0.116974 -0.682666 0.110557 -0.103447 -0.190124 -1 0.254788 -0.217989 -1 0.139993 0.0819244 -0.973012 -0.983704 0.458019 -0.999674 0.631256 -0.886167 0.117296 0.791912 0.796273 -1 0.942252 -1 0.392969 -0.466664 0.596978 -0.644613 0.826738 -0.842835 -1 -1 -0.821408 -1 0.142492 -0.167657 0.286826 0.28544 0.283288 -1 -0.732051 -0.201547 0.603361 -0.627621 0.786075 -0.288558 -1 -0.491381 -0.0226054 -0.351347 -0.451648 
-0.253982 -1 -1 0.354756 -0.962315 -0.183965 -0.985758 -1 -0.340629 0.553275 0.256857 -0.45427 -0.417574 0.227678 -0.564445 0.269068 -0.767773 -0.629475 -0.0439432 -0.938936 -0.90316 0.27967 -0.481467 -0.405715 -1 -1 -0.816981 -1 0.217961 -0.56459 -1 -0.797172 0.709929 0.408963 -0.388943 -0.0999132 0.232441 -1 -0.852004 -0.193471 -1 -0.567229 -0.598124 0.60284 -1 -0.586018 0.259945 0.744468 -0.376741 -1 -0.802598 -0.776584 0.390866 -1 0.190476 -0.531819 0.00760233 -1 0.0692075 -0.103447 -0.190124 -0.825174 0.0380469 -0.217989 -1 0.139993 0.482765 -1 -1 -0.202462 -0.428641 0.0697039 -1 -0.286753 0.791912 0.965248 -1 0.535956 -1 0.340216 -0.312123 0.802141 -1 0.495646 -1 -1 -0.79971 -1 -1 -0.0666876 -0.167657 0.286826 0.139863 0.455256 -0.673939 -0.883475 -0.122368 0.7097 -0.432696 0.842628 -0.159524 -1 -1 -0.566587 -1 -0.391821 
-0.277547 -0.736655 -1 1 -0.616116 -0.183965 -0.701893 -0.82609 -0.89537 0.778138 1 0.636811 -0.931657 0.227678 -0.105894 0.269068 -0.426088 -0.629475 -0.179007 -1 -1 -0.263432 -0.38052 -0.822059 -1 -1 -0.12628 -0.735696 -0.368698 -0.339932 -1 -0.725379 1 0.408963 -0.548506 -0.0468916 0.642204 -1 -0.477976 0.390996 -1 -0.567229 -0.00727788 0.6125 -0.984048 -1 0.276781 0.929475 -0.376741 -1 -1 -0.776584 0.104558 -1 0.331048 -0.178635 -0.10832 -0.525909 -0.356702 -0.103447 -0.69375 -1 0.254788 -0.217989 -0.958009 -0.0101708 -0.640481 -0.973012 -1 0.458019 -0.999674 0.368402 -1 0.117296 0.791912 0.796273 -1 0.942252 -1 0.392969 -0.466664 0.464036 -0.644613 0.826738 -0.842835 -1 -1 -1 -0.990849 0.477465 -0.0464072 0.286826 -0.697452 0.283288 -0.510274 -0.732051 -0.201547 0.603361 -0.526876 0.786075 -0.288558 -1 -0.491381 -0.0226054 -0.807405 -0.944508 
-0.427472 -0.851737 -1 1 -0.616116 -0.183965 -0.490272 -0.82609 -0.262063 0.725123 1 0.66503 -0.931657 0.227678 -0.105894 0.269068 -0.426088 -0.629475 -0.179007 -0.847686 -0.499101 0.254501 -0.38052 -0.404623 -1 -0.689842 -0.12628 -0.575675 -0.290323 -0.0986847 -1 -0.725379 0.940016 0.408963 0.00603223 -0.0468916 0.527671 -1 -0.477976 0.390996 -0.973982 -0.567229 -0.00727788 0.6125 -0.614751 -0.761125 0.720104 0.727404 -0.376741 -1 -1 -0.776584 0.373215 -1 0.72328 -0.178635 -0.116974 -0.682666 0.14534 -0.103447 -0.190124 -1 0.254788 -0.217989 -1 0.139993 -0.1163 -0.973012 -0.983704 0.458019 -0.999674 0.631256 -1 0.117296 0.791912 0.796273 -1 0.942252 -1 0.392969 -0.466664 0.596978 -0.644613 0.826738 -0.842835 -1 -1 -0.821408 -1 0.477465 -0.167657 0.286826 0.28544 0.283288 -0.5954 -0.732051 -0.201547 0.603361 -0.627621 0.786075 -0.288558 -1 -0.491381 -0.0226054 -0.351347 -0.451648 
-0.427472 -0.953432 -1 0.932284 -0.962315 -0.183965 -0.985758 -1 -0.262063 0.471907 0.291024 -0.202986 -0.417574 0.227678 -0.105894 0.269068 -0.884865 -0.629475 -0.179007 -0.938936 -0.90316 0.27967 -0.469914 -0.309142 -1 -1 -0.495685 -1 0.0193785 -0.0986847 -1 -0.797172 0.825114 0.571934 0.00603223 -0.0999132 0.121209 -1 -0.951059 -0.193471 -1 -0.567229 -0.598124 0.6125 -1 -0.761125 0.720104 0.634954 -0.376741 -0.95789 -1 -0.776584 0.373215 -1 0.192767 -1 -0.165709 -1 -0.0296115 -0.16327 -0.190124 -1 0.0380469 -0.217989 -0.879537 0.139993 0.482765 -0.973012 -1 -0.0366132 -0.428641 0.631256 -0.903464 -0.316776 0.791912 0.965248 -1 0.7442 -1 0.392969 -0.420586 0.802141 -0.644613 0.477353 -0.988057 -1 -0.79971 -1 -1 0.00232853 -0.276042 0.399877 0.293517 0.455256 -0.532587 -0.653402 -0.122368 0.649352 -0.297826 0.842628 -0.159524 -0.84925 -0.491381 -0.566587 -0.914301 -0.319437 
-0.427472 -0.851737 -1 1 -0.616116 -0.556699 -0.490272 -0.82609 -0.262063 0.725123 0.697829 0.66503 -0.931657 0.227678 -0.105894 0.459993 -0.426088 -0.629475 -0.179007 -0.847686 -0.499101 0.254501 -0.38052 -0.404623 -1 -0.689842 -0.12628 -0.575675 -0.290323 -0.0986847 -1 -0.725379 0.940016 0.10997 0.00603223 -0.0468916 0.527671 -1 -0.477976 0.390996 -0.973982 -0.567229 -0.00727788 0.6125 -0.614751 -0.761125 0.720104 0.727404 -0.376741 -1 -1 -0.776584 0.373215 -1 0.72328 -0.178635 -0.116974 -0.682666 0.14534 -0.103447 -0.190124 -1 0.254788 -0.217989 -0.963125 0.139993 -0.1163 -0.973012 -0.983704 0.458019 -0.999674 0.631256 -1 -0.128093 0.791912 0.696126 -1 0.942252 -1 0.392969 -0.466664 0.596978 -0.644613 0.826738 -0.842835 -1 -1 -0.821408 -1 0.124301 -0.167657 0.286826 0.28544 0.283288 -0.5954 -0.732051 -0.197789 0.603361 -0.627621 0.786075 -0.288558 -1 -0.491381 -0.0226054 -0.351347 -0.451648 
-0.427472 -0.851737 -1 0.932284 -0.411294 -0.519429 -0.490272 -1 -0.262063 0.725123 1 0.642018 -0.601702 0.232385 -0.635768 0.269068 -0.426088 -0.629475 -0.179007 -0.847686 -0.499101 0.254501 -0.38052 -0.404623 -1 -0.689842 -0.438969 -0.597321 -0.290323 -0.0986847 -1 -0.671762 0.940016 0.545735 0.00603223 -0.0468916 0.496055 -1 -0.97581 0.123404 -0.918507 -0.567229 0.00801134 0.267081 -0.614751 -0.761125 0.720104 0.727404 -0.376741 -1 -1 -0.776584 0.373215 -1 0.72328 -0.178635 -0.589211 -0.774228 0.14534 -0.103447 -0.190124 -1 0.254788 -0.217989 -1 0.139993 0.183953 -0.973012 -0.983704 0.458019 -0.999674 0.631256 -1 -0.191481 0.791912 0.380066 -1 0.977804 -1 0.392969 -0.466664 0.211819 -0.847618 0.326578 -0.842835 -1 -1 -1 -1 0.477465 -0.167657 0.323278 0.28544 0.455256 -0.5954 -0.77816 -0.0778304 0.603361 -0.919451 0.76897 -0.288558 -1 -0.491381 -0.0226054 -0.351347 -0.451648 
-0.427472 -0.851737 -1 0.932284 -0.411294 -0.520016 -0.490272 -0.82609 -0.262063 0.725123 0.931879 0.642018 -0.601702 0.227678 -0.105894 0.130695 -0.426088 -0.629475 -0.179007 -0.786431 -0.499101 0.254501 -0.38052 -0.404623 -1 -0.689842 -0.141861 -0.575675 -0.200885 -0.0986847 -1 -0.508976 0.940016 0.408963 0.00603223 -0.0872359 0.640482 -1 -0.53532 0.390996 -0.528064 -0.567229 0.00801134 0.6125 -0.614751 -1 0.720104 0.822855 -0.376741 -1 -1 -0.776584 0.373215 -1 0.72328 -0.178635 -0.116974 -0.774228 0.14534 -0.885573 -0.444847 -1 0.254788 -0.217989 -1 0.038665 -0.0260864 -0.784041 -0.918752 0.30127 -1 0.631256 -1 -0.309217 0.791912 0.796273 -1 0.977804 -1 0.392969 -0.466664 0.750237 -0.644613 0.826738 -0.842835 -1 -1 -0.62101 -0.897969 0.477465 -0.167657 -0.272855 0.28544 0.455256 -0.5954 -0.77816 -0.122368 0.603361 -0.396108 0.786075 -0.710046 -1 -0.491381 -0.13036 -0.567845 -0.74158 
-0.885162 -0.851737 -1 0.932284 -0.726121 -0.183965 -0.375622 -0.82609 -0.262063 0.725123 0.975954 0.463631 -0.601702 0.227678 -0.105894 0.269068 -0.899511 -0.560872 -0.0585219 -1 -0.562739 0.190044 -0.799464 -0.273012 -1 -0.689842 -0.12628 -1 0.0193785 -0.0986847 -1 -1 0.495731 -0.0679762 0.00603223 -0.0468916 0.442698 -0.754485 -0.930546 0.280932 -0.528064 -0.567229 0.00801134 0.6125 -0.614751 -0.682735 0.720104 0.42422 -0.376741 -1 -1 -0.776584 0.373215 -1 0.72328 -0.178635 -0.605799 -0.825078 0.156401 -0.427323 -0.0187363 -0.894344 0.254788 -0.217989 -1 0.0294934 0.00112516 -0.938544 -1 0.458019 -0.428641 -0.512058 -1 -0.0408349 0.640625 0.796273 -1 0.747132 -1 0.270292 -0.428715 0.381392 -0.644613 0.826738 -0.842835 -1 -1 -0.62101 -1 0.477465 -0.167657 0.286826 0.218084 0.455256 -0.755004 -0.792555 -0.470044 0.31134 -1 0.786075 -0.288558 -1 -0.491381 -0.0226054 -0.959678 -0.496028 
-0.427472 -0.953432 -1 0.932284 -1 -0.183965 -0.985758 -1 -0.262063 0.471907 0.291024 -0.0267006 -0.417574 0.227678 -0.179743 0.269068 -0.884865 -0.629475 -0.179007 -0.938936 -0.90316 0.27967 -0.469914 -0.309142 -1 -1 -0.495685 -1 0.0193785 -0.0986847 -1 -0.797172 0.825114 0.571934 0.00603223 -0.0999132 0.121209 -1 -0.951059 -0.193471 -1 -0.567229 -0.598124 0.6125 -1 -0.761125 0.651352 0.634954 -0.376741 -0.95789 -1 -0.776584 0.062336 -1 0.192767 -1 -0.165709 -1 -0.0296115 -0.16327 -0.588351 -1 0.0380469 -0.217989 -0.879537 0.139993 0.482765 -0.973012 -1 -0.0366132 -0.440973 0.631256 -0.903464 -0.316776 0.791912 0.965248 -1 0.707345 -1 0.392969 -0.420586 0.802141 -0.644613 0.226131 -0.988057 -1 -0.79971 -1 -1 0.00232853 -0.276042 -0.120363 0.293517 0.455256 -0.568006 -0.653402 -0.122368 0.649352 -0.297826 0.842628 -0.159524 -0.84925 -0.491381 -0.566587 -0.914301 -0.319437 
-0.427472 -1 -1 0.932284 -0.962315 -0.183965 -1 -1 -0.262063 0.725123 0.256857 -0.202986 -0.534632 0.227678 -0.105894 0.269068 -1 -0.999637 -0.179007 -0.938936 -0.90316 0.165953 -0.442537 -0.435458 -1 -1 -0.453614 -1 0.0193785 -0.0986847 -1 -0.889338 0.469493 0.408963 0.00603223 -0.0999132 0.496055 -1 -0.869704 -0.193471 -0.992501 -0.567229 -0.598124 0.6125 -1 -0.761125 0.720104 0.670885 -0.376741 -1 -0.802598 -0.776584 0.373215 -1 0.192767 -0.461302 -0.324784 -1 0.0692075 -0.103447 -0.190124 -1 -0.31813 -0.217989 -1 0.139993 0.197574 -0.973012 -1 -0.202462 -0.428641 0.631256 -1 -0.286753 0.791912 0.965248 -1 0.792276 -1 0.392969 -0.312123 0.740873 -0.644613 0.826738 -1 -1 -0.79971 -1 -1 -0.0666876 -0.722402 0.322563 0.139863 0.455256 -0.673939 -0.800054 -0.122368 0.649352 -0.297826 0.842628 -0.159524 -0.882179 -0.312557 -0.67476 -0.975004 -0.284477 
-0.450295 -0.851737 -1 0.932284 -0.38277 -0.343223 -0.490272 -0.851163 -0.262063 -0.196352 0.975954 0.705136 -0.601702 -0.0630611 -0.105894 0.211972 -0.397061 -0.629475 -0.751938 -1 -0.770417 0.254501 -0.583504 -0.273012 -1 -0.689842 -0.12628 -0.600697 -0.395015 -0.301691 -1 -0.982891 0.367754 0.286615 0.00603223 -0.0468916 0.496055 -0.579068 -0.477976 0.445433 -0.528064 -0.567229 0.00801134 0.304712 -0.795659 -0.764632 0.484242 0.273677 -0.376741 -1 -1 -0.776584 -1 -1 0.759582 -0.270737 0.0159126 -0.774228 -0.155459 -0.44816 -0.707868 -1 -0.109585 -0.104061 -1 0.139993 0.352877 -0.803669 -1 0.458019 -0.521869 0.631256 -1 -0.0408349 0.573495 0.270287 -1 1 -1 -0.17819 -0.478257 0.548827 -0.694151 0.826738 -1 -1 -1 -0.62101 -1 -0.0552731 -0.0558657 0.136314 0.28544 0.536853 -0.671964 -0.966516 -0.122368 0.637866 -0.482615 0.790462 -0.288558 -1 -1 -0.0226054 -0.351347 -0.994361 
-0.427472 -1 -1 0.157703 -0.941228 -0.183965 -1 -1 -0.262063 0.553275 0.256857 -0.331553 -0.417574 0.227678 -0.105894 0.269068 -0.884865 -0.629475 -0.0240118 -0.938936 -1 0.27967 -0.811488 -0.405715 -1 -0.811063 -0.890788 -1 0.0193785 -0.0986847 -1 -0.797172 0.940016 -0.209296 0.00603223 -0.0999132 0.237595 -0.689058 -0.979605 -0.193471 -1 -0.567229 -0.598124 0.60284 -1 -0.546353 0.469861 0.833523 -0.376741 -0.860747 -0.802598 -0.924061 0.390866 -1 0.272335 -0.531819 -0.116974 -1 -0.488452 -0.286564 -0.190124 -1 -0.294179 -0.217989 -1 0.139993 0.482765 -0.792908 -1 -0.3911 -0.428641 0.473998 -1 -0.286753 0.791912 0.965248 -1 0.535956 -1 0.340216 -0.312123 0.802141 -1 -0.0593098 -1 -1 -0.79971 -0.873449 -1 -0.0666876 -0.167657 0.286826 0.139863 0.455256 -0.673939 -0.800054 -0.122368 0.7097 -0.432696 0.842628 -0.159524 -0.84925 -0.824823 -0.817423 -0.914301 -0.590515 
-0.427472 -0.851737 -1 0.932284 -0.411294 -0.183965 -0.490272 -0.82609 -0.262063 0.725123 1 0.642018 -0.601702 0.227678 -0.105894 0.288559 -0.9476 -0.629475 -0.179007 -0.847686 -0.499101 -0.0945975 -0.38052 -0.234303 -1 -1 -0.12628 -0.575675 -0.290323 -0.0986847 -1 -0.671762 0.940016 0.408963 0.00603223 -0.115932 0.496055 -1 -0.53532 0.390996 -0.528064 -0.567229 0.00801134 0.6125 -0.716381 -0.761125 0.720104 0.727404 -0.376741 -1 -1 -0.776584 0.373215 -1 0.72328 -0.178635 -0.116974 -0.774228 0.14534 -0.103447 -0.190124 -1 0.254788 -0.217989 -1 0.139993 -0.0260864 -0.973012 -0.983704 0.435723 -1 0.631256 -1 0.117296 0.791912 0.796273 -1 0.977804 -1 0.392969 -0.466664 0.750237 -0.644613 0.826738 -0.842835 -1 -1 -0.62101 -1 0.285914 -0.167657 0.286826 0.28544 0.455256 -0.5954 -0.77816 -0.420253 0.603361 -0.482615 0.786075 -0.3624 -1 -0.491381 -0.0226054 -0.351347 -0.451648 
-0.466793 -0.851737 -0.958654 0.824072 -0.411294 -0.183965 -0.490272 -0.82609 -0.641494 0.590357 1 0.165549 -0.601702 0.227678 -0.105894 0.0573883 -0.39321 -0.629475 -0.253767 -0.847686 -0.499101 0.254501 -0.38052 -0.404623 -1 -0.689842 -0.12628 -0.575675 -0.290323 -0.0986847 -1 -0.671762 0.94786 0.324077 -0.0469244 -0.769664 0.496055 -1 -0.53532 0.340014 -0.528064 -1 -0.303908 0.6125 -0.865286 -0.761125 0.74371 0.727404 -0.376741 -1 -1 -1 0.0839171 -1 0.72328 -0.037135 -0.116974 -0.774228 0.170858 -0.103447 -0.190124 -1 0.254788 -0.217989 -1 0.139993 0.0205099 -1 -1 0.458019 -0.999674 -0.156839 -1 0.273084 0.791912 0.328376 -1 0.977804 -1 0.392969 -0.445268 0.750237 -0.514565 0.826738 -0.842835 -1 -0.813059 -0.62101 -0.938944 0.0150278 -0.167657 0.286826 -0.0826678 0.430322 -0.5954 -0.77816 -0.122368 0.603361 -0.482615 0.786075 -0.288558 -1 -0.491381 0.154508 -0.351347 -0.451648 
-0.615135 -1 -1 0.932284 -0.962315 -0.183965 -0.985758 -1 -0.262063 0.725123 0.256857 -0.202986 -0.417574 0.227678 -0.105894 0.269068 -0.9073 -1 -0.179007 -0.938936 -0.90316 0.165953 -0.611544 -0.985161 -1 -1 -0.453614 -1 0.0193785 -0.0986847 -1 -0.889338 0.469493 0.408963 0.00603223 -0.0999132 0.496055 -1 -0.869704 -0.193471 -1 -0.567229 -1 0.6125 -0.864763 -0.761125 0.720104 0.670885 -0.376741 -1 -0.802598 -0.776584 0.373215 -1 0.192767 -0.461302 -0.114935 -1 0.0692075 -0.103447 -0.190124 -1 -0.31813 -0.217989 -1 0.139993 0.197574 -0.973012 -1 -0.202462 -0.428641 0.631256 -1 -0.286753 0.791912 0.965248 -1 0.792276 -1 0.392969 -0.312123 0.740873 -1 0.826738 -1 -1 -0.79971 -1 -1 -0.547074 -0.167657 0.286826 0.139863 0.455256 -1 -0.800054 -0.532935 0.649352 -0.297826 0.828059 -0.159524 -0.84925 -0.825953 -0.566587 -1 -0.284477 
-0.427472 -0.722106 -1 0.932284 -0.874023 -0.464774 -0.783884 -0.82609 -0.262063 0.725123 1 0.642018 -0.81398 0.299438 -0.217013 0.288559 -0.9476 -1 -0.179007 -0.847686 -0.499101 -0.0945975 -0.38052 -0.234303 -1 -1 -0.12628 -0.575675 -0.290323 -0.0986847 -1 -0.671762 0.925897 0.560012 -0.0128916 -0.115932 0.496055 -1 -1 0.390996 -0.896206 -0.567229 0.00801134 0.178771 -0.716381 -0.761125 0.720104 0.727404 -0.376741 -1 -1 -0.880048 0.373215 -1 0.850608 -0.178635 -0.116974 -0.579438 0.14534 -0.103447 -0.190124 -0.999174 0.254788 -0.547548 -1 0.139993 -0.0260864 -1 -0.983704 0.579575 -1 0.631256 -1 0.117296 0.791912 0.796273 -1 0.977804 -1 0.392969 -0.466664 0.750237 -0.644613 0.826738 -0.780955 -1 -1 -0.62101 -1 0.285914 -0.167657 0.286826 0.28544 0.0822189 -0.5954 -0.77816 -0.420253 0.603361 -0.482615 0.786075 -0.648482 -1 -0.646426 -0.0226054 -0.358593 -0.458141 
-0.427472 -0.851737 -1 0.932284 -0.411294 -0.183965 -0.490272 -0.82609 -0.262063 0.765002 0.705719 0.642018 -0.601702 0.227678 -0.105894 0.130695 -0.426088 -0.629475 -0.477893 -0.915624 -0.657825 0.254501 -0.38052 -0.404623 -1 -0.689842 -0.141861 -0.575675 -0.290323 -0.579268 -1 -0.938074 0.459664 0.408963 0.00603223 -0.57311 -0.0624453 -1 -0.679271 0.390996 -0.528064 -0.567229 0.00801134 0.234295 -0.614751 -0.761125 0.720104 0.727404 -0.376741 -1 -1 -0.776584 0.313657 -1 0.72328 0.00999068 -0.116974 -0.833574 -0.212302 -0.671726 -0.444847 -0.838163 0.254788 -0.217989 -1 -0.298786 -0.361315 -0.973012 -0.884384 -0.206571 -0.999674 0.631256 -1 0.283086 0.791912 0.437143 -1 0.977804 -0.830791 0.392969 -0.466664 0.750237 -1 0.826738 -0.842835 -1 -1 -0.62101 -1 0.477465 -0.167657 0.286826 -0.079501 0.455256 -0.5954 -0.77816 0.0131949 0.635431 -0.396108 0.745292 -0.307821 -1 -0.339092 -0.13036 -0.509544 -0.503584 
-0.277547 -0.736655 -1 1 -0.616116 -0.183965 -0.701893 -0.82609 -0.89537 0.725123 1 0.636811 -0.931657 0.227678 -0.105894 0.269068 -0.426088 -0.629475 -0.179007 -1 -0.553017 -0.263432 -0.38052 -0.404623 -1 -1 -0.12628 -0.735696 -0.368698 -0.339932 -1 -0.725379 0.940016 0.408963 -0.548506 -0.0468916 0.642204 -1 -0.477976 0.390996 -1 -0.567229 -0.00727788 0.6125 -0.984048 -1 0.276781 0.751584 -0.376741 -1 -1 -0.776584 0.104558 -1 0.331048 -0.178635 -0.10832 -0.525909 0.14534 -0.103447 -0.69375 -1 0.254788 -0.217989 -0.958009 -0.0101708 -0.640481 -0.973012 -1 0.458019 -0.999674 0.368402 -1 0.117296 0.791912 0.796273 -1 0.942252 -0.805275 0.392969 -0.466664 0.464036 -0.644613 0.826738 -0.842835 -1 -1 -0.821408 -1 0.477465 -0.167657 0.286826 -0.183154 0.283288 -0.510274 -0.732051 -0.201547 0.603361 -0.526876 0.786075 -0.288558 -1 -0.491381 -0.0226054 -0.351347 -0.712062 
-0.449728 -0.953432 -1 0.932284 -0.962315 -0.183965 -0.985758 -1 -0.262063 0.471907 0.256857 -0.202986 -0.417574 0.227678 -0.105894 0.269068 -0.884865 -0.629475 -0.179007 -0.938936 -0.90316 0.27967 -0.469914 -0.435458 -1 -1 -0.453614 -1 -0.511362 -0.0986847 -1 -0.797172 0.940016 0.571934 0.00603223 -0.0999132 0.495677 -1 -0.869704 -0.193471 -0.870338 -0.567229 -0.598124 0.6125 -1 -0.761125 0.720104 0.634954 -0.376741 -0.95789 -0.802598 -0.776584 0.373215 -1 0.192767 -0.461302 -0.165709 -1 -0.0296115 -0.213739 -0.190124 -1 0.0380469 -0.217989 -0.879537 0.139993 0.523732 -0.973012 -1 -0.202462 -0.428641 0.631256 -1 -0.316776 0.791912 0.965248 -1 0.792276 -1 -0.0484799 -0.420586 0.802141 -0.644613 0.712751 -0.988057 -1 -0.79971 -1 -1 -0.404927 -0.167657 0.399877 0.139863 0.455256 -0.621962 -0.653402 -0.122368 0.649352 -0.552886 0.842628 -0.159524 -0.84925 -0.491381 -0.566587 -0.914301 -0.213379 
-0.427472 -0.953432 -1 0.706941 -0.962315 -0.183965 -0.985758 -1 -0.262063 -0.124833 0.291024 -0.202986 -0.417574 0.227678 -0.105894 0.269068 -0.884865 -0.918385 -0.179007 -0.938936 -0.90316 0.27967 -0.469914 -0.309142 -1 -1 -0.495685 -1 0.0193785 -0.0986847 -1 -0.797172 0.825114 0.571934 0.00603223 -0.0999132 0.121209 -1 -0.951059 -0.193471 -1 -0.567229 -0.598124 0.6125 -1 -0.761125 0.720104 0.634954 -0.376741 -0.95789 -1 -0.776584 0.373215 -1 0.192767 -1 -0.165709 -1 -0.0296115 -0.16327 -0.190124 -1 0.0380469 -0.217989 -0.879537 0.139993 0.482765 -0.973012 -1 -0.0366132 -0.428641 0.631256 -0.903464 -0.316776 0.791912 0.965248 -1 0.7442 -1 0.392969 -0.420586 0.802141 -0.644613 0.0864558 -0.988057 -1 -0.79971 -1 -1 0.00232853 -0.589639 0.399877 0.293517 0.455256 -0.532587 -0.653402 -0.122368 0.649352 -0.297826 0.842628 -0.159524 -0.84925 -0.491381 -0.566587 -0.914301 -0.319437 
-0.427472 -1 -1 0.932284 -0.962315 -0.183965 -0.985758 -1 -0.262063 0.725123 0.256857 -0.202986 -0.417574 0.227678 -0.105894 0.269068 -1 -0.629475 -0.179007 -0.938936 -0.984359 0.165953 -0.442537 -0.919072 -1 -1 -0.453614 -1 0.0193785 -0.0986847 -0.97467 -0.889338 0.469493 0.408963 0.00603223 -0.0999132 0.496055 -1 -0.869704 -0.193471 -1 -0.567229 -0.598124 0.6125 -1 -0.761125 0.720104 0.670885 -0.376741 -1 -0.802598 -0.776584 0.373215 -1 0.192767 -0.461302 -0.116974 -1 0.0692075 -0.103447 -0.190124 -1 -0.31813 -0.785174 -1 -0.26044 0.197574 -1 -1 -0.202462 -0.428641 0.631256 -1 -0.286753 0.791912 0.6765 -1 0.792276 -1 0.392969 -0.312123 0.740873 -0.644613 0.612714 -1 -1 -0.79971 -1 -1 -0.0666876 -0.167657 0.286826 0.139863 0.455256 -0.673939 -0.800054 -0.122368 0.649352 -0.375307 0.842628 -0.159524 -0.84925 -0.771982 -0.566587 -0.975004 -0.284477 
-0.427472 -0.851737 -1 0.932284 -0.411294 -0.464774 -0.366014 -0.82609 -0.526278 0.725123 1 0.642018 -0.81398 -0.237976 -0.217013 0.288559 -0.9476 -0.901985 -0.179007 -0.847686 -0.499101 -0.0945975 -0.38052 -0.3264 -1 -1 -0.12628 -0.575675 -0.290323 -0.0986847 -1 -0.671762 0.940016 0.408963 -0.266758 -0.115932 0.496055 -1 -0.689068 0.390996 -0.903719 -0.567229 0.00801134 0.178771 -0.716381 -0.761125 0.517798 0.727404 -0.376741 -1 -1 -0.880048 0.373215 -1 0.72328 -0.178635 -0.116974 -0.774228 0.14534 -0.103447 -0.190124 -1 0.254788 -0.217989 -1 0.139993 -0.0260864 -0.973012 -0.983704 0.579575 -1 0.631256 -1 0.117296 0.791912 0.796273 -1 0.977804 -1 0.392969 -0.466664 0.750237 -0.644613 0.826738 -0.842835 -1 -1 -0.62101 -1 0.285914 -0.167657 0.286826 0.28544 0.455256 -0.916821 -0.77816 -0.420253 0.603361 -0.482615 0.786075 -0.288558 -1 -0.491381 -0.0226054 -0.30795 -0.451648 
-0.634536 -1 -1 0.371756 -0.938566 -0.183965 -0.985758 -0.889965 -0.262063 0.33029 0.256857 -0.0195282 -0.417574 0.227678 -0.105894 0.072955 -0.884865 -1 0.0367634 -0.823785 -0.90316 0.27967 -0.481467 -0.609761 -1 -0.811063 -0.890788 -1 0.0193785 -0.0279139 -1 -0.797172 0.58687 0.408963 0.00603223 -0.0500828 0.237595 -1 -1 -0.677735 -1 -0.825448 -0.598124 0.60284 -1 -0.586018 0.62713 0.506573 -0.837411 -1 -0.802598 -0.776584 0.390866 -1 0.254522 -0.531819 -0.541885 -0.839734 0.093961 -0.251815 -0.190124 -0.825174 0.0301745 -0.217989 -1 -0.181008 0.482765 -1 -1 -0.202462 -0.836639 0.631256 -1 -0.251925 0.968507 0.965248 -1 0.535956 -1 0.340216 -0.196407 0.802141 -1 0.104706 -1 -1 -0.79971 -1 -1 0.0303367 -0.162186 0.286826 0.139863 0.455256 -0.763349 -0.800054 0.0491018 0.7097 -0.432696 0.842628 -0.159524 -0.84925 -1 -0.457892 -1 -0.420511 
-0.427472 -0.80086 -1 0.833625 -0.953828 -0.229939 -0.985758 -1 -0.377339 0.602251 0.256857 -0.202986 -0.22425 0.227678 -0.664135 0.269068 -0.884865 -0.740842 -0.679874 -1 -1 0.106242 -0.442537 -0.434424 -1 -1 -0.349833 -1 0.0193785 -0.0986847 -1 -0.845422 0.940016 0.408963 -0.577277 -0.588004 0.495677 -1 -1 -1 -1 -0.799496 -0.789858 0.6125 -1 -0.761125 0.720104 0.734891 -0.376741 -1 -0.9463 -0.776584 -0.0152694 -1 -0.0385957 -0.461302 -0.0347843 -1 0.0692075 -0.263337 -0.190124 -1 -0.947516 -0.276416 -0.879537 -0.0484265 -0.125086 -0.973012 -1 -0.708888 -0.428641 0.0464079 -1 -0.800791 0.791912 1 -1 0.831363 -1 -0.308945 -0.312123 0.802141 -1 0.826738 -0.934247 -0.994549 -0.79971 -1 -1 -0.591616 -0.692747 0.399877 0.139863 -0.134301 -0.714663 -0.653402 -0.309477 0.282683 -0.243341 0.842628 -0.159524 -0.84925 -0.852892 -0.769318 -0.914301 -0.457438 
-0.427472 -0.851737 -1 0.402275 -0.411294 -0.464774 -0.366014 -0.82609 -0.551839 0.725123 1 0.376584 -0.81398 -0.0530477 -0.217013 0.288559 -0.972551 -0.901985 -0.179007 -0.847686 -0.975892 -0.10078 -0.38052 -0.3264 -1 -1 -0.12628 -0.575675 -0.290323 -0.0986847 -1 -0.671762 0.940016 0.408963 -0.266758 -0.115932 -0.0557507 -0.825315 -0.689068 0.390996 -0.903719 -0.567229 0.15185 0.178771 -1 -0.761125 0.517798 0.727404 -0.376741 -1 -1 -0.880048 0.515481 -0.953011 0.72328 -0.178635 -0.116974 -0.635841 0.313445 -0.103447 -0.190124 -1 0.254788 -0.217989 -1 -0.0568461 -0.0260864 -0.973012 -0.983704 0.579575 -1 0.22856 -1 0.117296 0.791912 0.482573 -1 0.977804 -1 0.392969 -0.466664 0.750237 -0.644613 0.981079 -0.696056 -1 -1 -0.62101 -1 0.141722 -0.167657 0.286826 0.28544 -0.0300429 -0.916821 -0.77816 -0.420253 0.603361 -0.857417 0.786075 -0.295288 -1 -0.433349 -0.0226054 -0.483307 -0.451648 
-0.427472 -0.851737 -1 1 -0.616116 -0.631211 -0.490272 -0.949295 -0.20568 0.725123 0.584358 0.66503 -0.931657 0.227678 -0.229257 0.453097 -0.426088 -0.629475 -0.179007 -1 -0.499101 0.254501 -0.38052 -0.404623 -1 -0.689842 -0.656044 -0.575675 -0.290323 -0.0986847 -1 -0.725379 0.940016 0.408963 0.00603223 -0.0468916 0.527671 -1 -0.377537 0.390996 -1 -0.567229 -0.00727788 0.6125 -0.614751 -0.761125 0.720104 0.727404 -0.376741 -1 -1 -0.776584 0.373215 -1 0.482619 -0.178635 -0.116974 -0.682666 0.14534 -0.103447 -0.190124 -1 0.254788 -0.816718 -0.858686 -0.146727 -0.585646 -1 -0.983704 0.458019 -1 0.631256 -0.945814 0.117296 0.791912 0.796273 -1 0.942252 -1 0.392969 -0.766303 0.596978 -0.492128 0.315378 -0.842835 -1 -1 -0.821408 -1 0.477465 -0.167657 0.286826 0.28544 -0.344032 -0.5954 -0.732051 -0.197789 0.603361 -0.627621 0.786075 -0.288558 -1 -0.491381 -0.0226054 -0.351347 -0.451648 
-0.427472 -1 -0.848104 0.833625 -0.953828 -0.229939 -0.985758 -1 -0.163522 0.602251 0.256857 -0.202986 -0.22425 0.227678 -0.993196 -0.234943 -0.884865 -0.740842 -0.679874 -0.754412 -1 0.106242 -0.832845 -0.434424 -1 -1 -0.349833 -1 0.0193785 -0.655602 -1 -0.845422 0.956506 -0.0756163 -0.577277 -0.588004 0.495677 -1 -1 -1 -1 -0.799496 -0.598124 0.6125 -1 -0.761125 0.168845 0.543444 -0.376741 -1 -0.773405 -0.776584 0.0977538 -1 -0.0385957 -0.855395 -0.165709 -1 0.0692075 -0.20916 -0.509847 -1 -0.296117 -0.439289 -0.725165 0.139993 -0.125086 -1 -0.957099 -1 -0.428641 0.822664 -1 -0.800791 0.791912 1 -1 0.831363 -1 -0.0149343 -0.19178 0.802141 -1 0.826738 -0.934247 -1 -0.79971 -1 -0.897412 -0.591616 -1 0.399877 0.139863 0.455256 -0.854292 -0.653402 -0.196284 0.649352 -0.243341 0.842628 0.00972906 -0.84925 -0.491381 -0.769318 -0.914301 -0.319437 
-0.427472 -1 -0.989427 0.932284 -0.962315 -0.183965 -0.985758 -1 -0.262063 0.471907 0.256857 -0.421673 -0.369285 0.135573 -0.105894 0.391572 -0.884865 -0.629475 -0.179007 -1 -0.978382 0.529166 -0.442537 -0.435458 -1 -1 -0.453614 -1 0.0193785 -1 -1 -0.797172 0.940016 0.408963 0.00603223 -0.0999132 0.495677 -1 -0.869704 -0.193471 -1 -0.567229 -0.598124 0.6125 -1 -0.761125 0.120728 0.744468 -0.376741 -0.95789 -0.802598 -0.776584 0.373215 -1 0.324671 -0.461302 -0.165709 -1 0.0692075 -0.103447 -0.395485 -1 0.0380469 -0.336056 -0.879537 0.139993 0.482765 -0.973012 -1 -0.202462 -0.428641 -0.123558 -1 -0.782439 0.617851 0.965248 -1 0.792276 -0.884211 0.392969 -0.312123 0.587665 -0.644613 0.826738 -0.988057 -1 -1 -1 -0.845447 0.00232853 -0.167657 0.399877 0.139863 0.330805 -0.699765 -0.653402 -0.122368 0.649352 -0.297826 0.842628 -0.159524 -0.84925 -0.536848 -0.566587 -0.914301 -0.427654 
-0.466793 -0.851737 -0.958654 0.932284 -0.411294 -0.183965 -0.490272 -0.82609 -0.641494 0.590357 1 0.642018 -0.601702 0.227678 -0.105894 0.269068 -0.39321 -0.629475 -0.253767 -0.847686 -0.499101 0.254501 -0.38052 -0.404623 -1 -0.689842 -0.12628 -0.575675 -0.290323 -0.0986847 -1 -0.671762 0.94786 0.408963 0.00603223 -0.19159 0.496055 -1 -0.53532 0.390996 -0.528064 -1 0.00801134 0.6125 -0.614751 -0.761125 0.720104 0.727404 -0.376741 -1 -0.986032 -1 0.0839171 -1 0.72328 -0.037135 -0.116974 -0.774228 0.14534 -0.103447 -0.190124 -1 0.258289 -0.217989 -1 0.139993 -0.0260864 -1 -1 0.458019 -0.999674 0.312193 -1 0.273084 0.791912 0.328376 -1 0.977804 -1 0.392969 -0.445268 0.750237 -0.644613 0.826738 -0.842835 -1 -1 -0.62101 -1 0.477465 -0.167657 0.286826 -0.0826678 0.430322 -0.5954 -0.77816 -0.122368 0.603361 -0.482615 0.786075 -0.288558 -1 -0.491381 -0.0226054 -0.351347 -0.451648 
-0.427472 -1 -1 0.932284 -0.962315 -0.183965 -0.985758 -1 -0.528796 0.725123 0.250402 -0.202986 -0.417574 0.227678 -0.105894 0.269068 -0.9073 -0.629475 -0.524022 -0.869207 -0.90316 0.165953 -0.442537 -0.435458 -1 -1 -0.453614 -1 -0.143749 -0.0986847 -0.97467 -0.889338 0.469493 0.408963 -0.377465 -0.25968 -0.0822041 -0.958355 -1 -0.193471 -1 -0.869749 -0.670917 0.6125 -1 -1 0.720104 0.670885 -0.722041 -1 -0.802598 -0.776584 0.373215 -1 0.192767 -0.461302 -0.114935 -1 0.175257 -0.151877 -0.190124 -1 -0.31813 -0.488028 -1 0.199688 0.39422 -0.973012 -1 -0.202462 -0.428641 0.631256 -0.932137 -0.286753 0.791912 0.965248 -1 0.792276 -1 0.135385 -0.454561 0.740873 -0.965442 0.826738 -1 -1 -0.79971 -1 -1 -0.201706 -0.167657 0.286826 0.139863 0.455256 -1 -0.800054 -0.122368 0.649352 -0.297826 0.842628 -0.159524 -1 -1 -0.566587 -1 -0.284477 
-0.427472 -0.953432 -1 0.932284 -0.962315 -0.183965 -0.985758 -1 -0.262063 0.471907 0.256857 -0.202986 -0.417574 0.227678 -0.105894 -0.308246 -0.884865 -0.629475 -0.179007 -0.938936 -0.90316 0.27967 -0.442537 -0.435458 -1 -1 -0.944502 -1 0.0193785 -0.288663 -1 -0.797172 0.940016 0.408963 0.00603223 -0.0999132 0.495677 -1 -0.869704 -0.193471 -1 -0.567229 -0.598124 0.6125 -1 -0.761125 0.551672 0.744468 -0.376741 -0.95789 -0.802598 -0.776584 0.373215 -1 0.192767 -0.461302 -0.165709 -1 0.0692075 -0.213739 -0.655089 -1 0.0380469 -0.217989 -0.879537 0.139993 0.482765 -0.973012 -1 -0.202462 -0.428641 0.505148 -1 -0.242422 0.716736 0.965248 -1 0.792276 -1 0.392969 -0.420586 0.802141 -0.644613 0.826738 -0.988057 -1 -0.79971 -1 -1 0.00232853 -0.167657 0.399877 0.325839 0.455256 -0.673939 -0.777282 -0.122368 0.649352 -0.297826 0.842628 -0.159524 -0.84925 -0.491381 -0.566587 -0.914301 -0.319437 
