-0.298994 -1 -0.959015 -0.888261 0.457355 -0.778306 -1 -0.984142 -1 -0.824022 -0.86473 -0.882657 -0.93745 -0.803601 -1 -1 0.882244 -1 -0.557015 -0.731144 0.522645 -0.76818 -1 0.048894 -0.986706 -0.996141 -1 -0.412569 -1 -1 -1 0.405623 -1 0.13546 -1 -1 0.0972597 -0.574738 -0.806968 -1 -1 -1 -1 -1 -0.774137 -0.652069 -0.958538 -0.324158 -1 -1 -1 -1 -1 -0.754489 -1 -1 -1 -0.627466 -1 -1 -0.925946 -1 -0.710626 -1 -0.364745 -0.408909 -1 -0.79518 -0.971693 0.392546 -1 -1 -0.706517 -0.164549 -0.73184 -1 -1 -0.905482 -0.838347 -1 0.0194607 -1 -0.261286 0.295898 -1 -0.982444 -1 0.956253 -1 -1 -1 -0.791725 -0.905699 0.908073 0.0709628 -1 -0.888304 -1 -0.820314 -0.679819 -0.61029 -1 -0.61189 -1 -1 -1 
-0.705498 -0.490723 -0.216353 -0.853872 0.00196028 0.0896748 0.295943 0.860568 -0.757546 0.214671 -0.835867 0.778025 -0.147124 -0.0519217 0.25045 -0.473992 0.702327 -0.811773 0.0381379 0.669558 -0.134631 -0.925367 0.955058 -0.238717 -0.228593 -0.769897 -0.585374 0.526865 0.356257 -1 0.0521749 0.376366 -0.629635 -0.346616 0.889895 0.663837 -0.377771 -0.0745104 0.0421138 -0.455255 0.967588 0.815041 -0.614329 0.386211 -1 -0.229585 0.364583 -0.355554 0.0837066 -0.282042 0.224453 0.277256 -0.595962 -0.382487 0.931259 -0.532488 0.15275 -0.55952 0.194158 -1 0.584305 0.541239 0.441015 0.658266 -1 0.365276 0.929106 -0.173517 0.27323 -0.0152955 -0.234207 0.618682 -0.63613 -0.474552 -1 0.825362 0.077184 0.888468 0.399204 0.664601 0.698821 -0.976239 0.0540214 -0.315628 -0.680384 0.581664 0.23982 0.101562 0.180662 0.47718 0.706596 -0.350226 -0.502799 0.71423 -0.27804 0.927103 0.993559 -0.107096 -0.838553 -0.147726 -0.471777 0.595428 0.477985 0.132675 -0.501218 0.742957 
-0.43092 -1 -0.900628 -0.927953 0.405183 -0.885727 -1 -0.857308 -1 -1 -1 -0.882657 -1 -1 -0.82345 -1 0.488301 -0.835576 -0.287821 -1 0.164426 -1 -0.748229 -0.342023 -0.978466 -1 -1 -1 -0.980876 -1 -0.828794 0.137347 -0.844521 0.06943 -0.971889 -1 0.0972597 -0.917478 -0.920457 -1 -1 -0.735004 -1 -1 -0.759599 -0.596909 -1 -0.308487 -1 -1 -0.955137 -1 -0.841584 -1 -1 -0.898112 -1 -0.627466 -1 -1 -1 -0.957688 -0.404178 -1 -0.252192 -0.392353 -1 -0.343744 -1 -0.00362577 -1 -1 -0.440351 -0.839502 -0.762964 -1 -1 -1 -1 -1 -0.0718761 -1 -0.918323 0.284544 -1 -0.996387 -0.917291 0.956253 -1 -1 -1 -0.602303 -1 1 0.739757 -0.972076 -0.977624 -0.804215 -0.81947 -0.620687 -0.61029 -1 -1 -1 -1 -1 
-0.278714 -1 -1 -1 0.457355 -0.778306 -0.822585 -1 -1 -0.922314 -1 -0.93964 -1 -0.852489 -1 -1 0.882244 -1 -0.281409 -0.77993 0.10154 -0.811582 -0.990571 -0.10998 -1 -0.996141 -1 -0.613017 -0.853922 -1 -1 -0.150969 -0.844521 0.0997906 -1 -1 0.0238096 -0.603436 -1 -1 -0.902091 -1 -1 -1 -0.774137 -0.241221 -0.958538 -0.324158 -1 -1 -1 -1 -1 -0.879213 -1 -1 -1 -0.690632 -1 -1 -0.925946 -0.970857 -0.547927 -1 -0.364745 -0.408909 -1 -0.623592 -0.971693 0.235641 -0.944269 -1 -0.440351 -0.164549 -0.562764 -1 -1 -0.905482 -0.959244 -1 0.0448373 -0.969658 -0.425141 0.218949 -0.992749 -1 -0.95551 0.897741 -1 -1 -1 -0.47276 -0.905699 0.908073 0.657712 -1 -0.883986 -0.980063 -0.803678 -0.781138 -0.61029 -1 -0.61189 -0.840987 -1 -1 
-0.278714 -0.963907 -1 -1 0.457355 -0.72077 -1 -1 -1 -1 -1 -1 -0.805661 -0.997445 -1 -1 0.882244 -1 -0.281409 -0.77993 0.440253 -0.76818 -1 0.048894 -0.986706 -0.88711 -1 -0.443034 -1 -1 -1 0.39778 -1 0.0997906 -1 -1 -0.0831879 -0.583701 -1 -1 -0.906189 -1 -1 -1 -0.948642 -0.431053 -1 -0.726623 -1 -1 -1 -1 -0.963686 -0.754489 -1 -0.91079 -1 -0.621175 -1 -1 -1 -1 -1 -0.934084 -0.364745 -0.303643 -1 -0.909396 -0.971693 -0.710849 -0.973135 -1 -0.440351 -0.519559 -1 -1 -1 -0.885298 -0.959244 -1 0.0448373 -0.969658 -0.261286 0.295898 -0.896807 -1 -1 0.897741 -1 -1 -1 -0.471409 -0.905699 0.63506 0.657712 -1 -0.883986 -0.974023 -0.728767 -0.596135 -0.61029 -1 -0.61189 -0.839889 -0.966501 -1 
-0.233359 -1 -1 -0.832358 0.457355 -0.778306 -1 -1 -1 -0.713173 -1 -0.882657 -0.97054 -1 -1 -1 0.816827 -0.835576 -0.0853731 -1 0.651833 -1 -0.88195 -0.32378 -0.978466 -1 -0.889899 -1 -1 -0.814178 -0.828794 0.39778 -0.844521 -0.104495 -0.971889 -1 0.0972597 -0.776826 -1 -0.917531 -0.837252 -0.838535 -1 -1 -0.759599 -0.700502 -1 -0.442081 -0.821414 -1 -0.955137 -0.933653 -1 -0.642691 -1 -0.898112 -1 -0.627466 -1 -1 -0.925946 -0.988505 -0.454922 -1 -0.252192 -0.392353 -1 -0.343744 -1 -0.00362577 -1 -1 -0.440351 -0.281231 -0.762964 -1 -0.995854 -0.969757 -1 -0.994859 -0.0718761 -1 -0.278651 0.0878671 -1 -0.989399 -0.869995 0.956253 -1 -1 -1 -0.602303 -1 1 0.666133 -1 -0.846656 -0.804215 -1 -0.620687 -0.61029 -1 -0.691075 -1 -1 -1 
-0.298994 -1 -0.835208 -0.888261 0.457355 -0.778306 -1 -0.984142 -1 -0.824022 -1 -0.882657 -0.93745 -0.803601 -1 -1 0.882244 -1 -0.557015 -0.731144 0.522645 -0.76818 -1 0.048894 -0.986706 -0.996141 -1 -0.412569 -1 -1 -1 0.405623 -1 0.13546 -1 -1 0.0972597 -0.574738 -0.806968 -1 -1 -1 -1 -1 -0.774137 -0.187078 -0.958538 -0.51552 -1 -0.868171 -1 -1 -1 -0.754489 -1 -1 -0.918625 -0.983906 -1 -1 -0.925946 -1 -0.710626 -1 -0.364745 -0.635407 -1 -0.79518 -0.971693 0.235641 -0.944269 -1 -0.706517 -0.164549 -1 -1 -1 -0.905482 -0.838347 -1 0.0194607 -1 -0.217348 0.295898 -0.992749 -1 -1 0.956253 -1 -1 -1 -0.663642 -0.905699 0.908073 0.36629 -1 -0.888304 -1 -0.677357 -0.679819 -0.61029 -1 -0.61189 -0.839889 -1 -1 
-0.278714 -0.974737 -0.831926 -1 0.457355 -0.778306 -1 -0.984142 -1 -0.712302 -1 -1 -1 -0.803601 -1 -1 0.882244 -1 -0.246608 -0.731144 0.702917 -0.76818 -1 0.048894 -0.986706 -0.996141 -1 -0.412569 -1 -1 -1 0.405623 -0.776756 0.13546 -1 -1 -0.337836 -0.550665 -1 -1 -0.902091 -1 -1 -1 -0.774137 -0.187078 -0.958538 -0.324158 -1 -1 -1 -1 -1 -0.754489 -1 -1 -1 -1 -1 -1 -0.925946 -1 -0.549552 -1 -0.364745 -0.408909 -0.982328 -0.623592 -0.971693 0.235641 -1 -0.862134 -0.440351 -0.164549 -0.73184 -1 -0.916354 -0.790681 -1 -1 0.0448373 -0.969658 -0.261286 0.295898 -0.992749 -1 -1 0.956253 -1 -1 -1 -0.514911 -1 0.908073 0.657712 -1 -0.774575 -0.835831 -0.712548 -0.679819 -0.61029 -1 -0.648626 -0.839889 -1 -1 
-0.278714 -1 -0.934135 -1 0.632643 -0.716168 -1 -1 -1 -0.780874 -1 -0.882657 -1 -1 -1 -1 1 -0.801342 -0.0653328 -0.801693 0.34253 -0.76818 -1 0.0441065 -1 -1 -1 -0.945148 -0.966037 -1 -1 0.346733 -1 0.471823 -1 -1 -0.207529 -0.643013 -1 -1 -1 -1 -1 -0.885245 -1 -0.500617 -1 -0.38449 -0.894207 -0.8874 -1 -1 -1 -1 -1 -1 -1 -0.627466 -0.885729 -1 -0.925946 -1 -0.68043 -1 -0.364745 -0.62892 -1 -0.252213 -1 0.188615 -1 -1 -0.751523 -0.164549 -0.534388 -1 -1 -1 -1 -0.795653 -0.149127 -0.969658 -0.212145 0.196898 -0.992749 -1 -1 0.854057 -1 -1 -1 -0.465935 -1 1 0.797478 -1 -1 -1 -0.633401 -0.667683 -0.635879 -0.950693 -0.704195 -1 -1 -1 
-0.278714 -1 -0.857354 -0.863774 0.0692103 -0.862647 -1 -0.984142 -1 -0.704812 -1 -0.882657 -0.961635 -1 -1 -1 1 -0.945098 -0.0653328 -0.731144 0.487745 -0.718657 -1 0.048894 -1 -1 -1 -0.545864 -1 -1 -1 0.426411 -1 0.42323 -1 -1 0.0157768 -0.643013 -0.9373 -1 -0.950765 -0.237364 -1 -1 -0.774137 -0.38649 -1 -0.259764 -1 -1 -0.960489 -1 -1 -0.630719 -0.851123 -1 -1 -1 -0.885729 -1 -0.92509 -0.866651 -0.350975 -1 0.116702 -0.392627 -1 -0.175917 -1 0.544317 -0.94979 -1 -0.00642627 -0.164549 -0.429063 -1 -1 -0.905482 -1 -0.865374 -0.160188 -1 -0.239602 0.196898 -1 -0.998549 -1 1 -0.699458 -0.917776 -0.516496 -0.660667 -1 0.9457 0.606863 -1 -0.99574 -0.767397 -0.417837 -0.667683 -0.728441 -0.950693 -0.692608 -1 -0.94585 -1 
-0.298994 -1 -0.959015 -0.888261 0.457355 -0.778306 -1 -0.984142 -1 -0.824022 -1 -0.882657 -0.93745 -0.803601 -1 -1 0.882244 -1 -0.557015 -0.731144 0.522645 -0.76818 -1 0.048894 -0.986706 -0.996141 -1 -0.412569 -1 -1 -1 0.405623 -1 0.13546 -1 -1 0.0972597 -0.574738 -0.806968 -1 -1 -1 -1 -1 -0.774137 -0.187078 -0.958538 -0.324158 -1 -1 -1 -1 -1 -0.754489 -1 -1 -1 -0.593507 -1 -1 -0.925946 -1 -0.710626 -1 -0.364745 -0.408909 -1 -0.79518 -0.971693 0.235641 -0.944269 -1 -0.706517 -0.164549 -0.73184 -1 -1 -0.905482 -0.838347 -1 0.0194607 -1 -0.261286 0.295898 -0.992749 -1 -1 0.956253 -1 -1 -1 -0.583183 -0.905699 0.908073 0.657712 -1 -0.888304 -1 -0.677357 -0.679819 -0.61029 -1 -0.61189 -0.839889 -1 -1 
-0.278714 -1 -1 -1 0.457355 -0.72077 -0.976825 -1 -1 -1 -1 -1 -0.805661 -0.997445 -1 -1 0.882244 -1 -0.281409 -0.77993 0.440253 -0.76818 -1 0.048894 -0.986706 -0.88711 -1 -0.443034 -1 -0.91865 -1 0.39778 -1 0.0997906 -1 -1 -0.0831879 -0.583701 -1 -1 -0.906189 -1 -1 -1 -0.948642 -0.38649 -1 -0.726623 -1 -1 -1 -1 -0.963686 -0.754489 -0.998776 -0.91079 -1 -0.621175 -1 -1 -1 -1 -1 -1 -0.364745 -0.303643 -1 -0.909396 -0.971693 -0.710849 -0.973135 -1 -0.440351 -0.519559 -1 -1 -1 -0.981478 -0.959244 -1 0.0448373 -0.969658 -0.110938 0.295898 -1 -0.845201 -1 0.897741 -1 -0.873568 -1 -0.471409 -0.905699 0.908073 0.658232 -1 -0.883986 -0.974023 -0.728767 -1 -0.61029 -1 -0.61189 -1 -0.966501 -1 
-0.208888 -1 -1 -0.832358 0.457355 -0.778306 -0.979388 -0.967885 -1 -0.713173 -1 -0.882657 -1 -1 -0.82345 -1 0.928166 -0.835576 -0.0853731 -1 0.487745 -1 -0.88195 0.235851 -0.978466 -1 -0.889899 -1 -0.980876 -1 -0.828794 0.39778 -0.844521 -0.256939 -0.971889 -1 -0.446929 -0.833497 -1 -1 -0.949095 -0.838535 -1 -1 -0.759599 -0.596909 -1 -0.442081 -0.811435 -1 -0.955137 -1 -1 -0.833304 -0.991558 -0.898112 -1 -0.627466 -0.958039 -1 -1 -1 -0.404178 -1 -0.252192 -0.392353 -1 -0.343744 -1 -0.00362577 -1 -1 -0.450339 -0.281231 -1 -1 -1 -1 -1 -1 -0.0718761 -0.844548 -0.278651 0.284544 -1 -1 -0.949954 0.956253 -1 -1 -1 -0.602303 -0.971586 1 0.739757 -1 -0.883986 -1 -0.775295 -0.634012 -0.61029 -1 -0.691075 -1 -0.956329 -1 
-0.233359 -1 -1 -0.832358 0.457355 -0.778306 -1 -0.967885 -1 -0.713173 -1 -1 -0.97054 -1 -0.82345 -1 0.928166 -0.835576 -0.287821 -1 0.0893411 -1 -0.88195 -0.342023 -0.978466 -1 -0.889899 -1 -0.980876 -1 -0.828794 0.39778 -0.844521 0.06943 -0.971889 -1 0.0972597 -0.917478 -0.920457 -1 -0.949095 -0.838535 -1 -1 -0.759599 -0.596909 -1 -0.442081 -0.821414 -1 -0.955137 -1 -1 -0.833304 -1 -0.898112 -1 -0.627466 -1 -1 -1 -0.957688 -0.404178 -1 -0.223749 -0.392353 -1 -0.343744 -1 -0.00362577 -1 -1 -0.440351 -0.281231 -0.762964 -1 -1 -0.969757 -1 -1 -0.0718761 -1 -0.475412 0.284544 -1 -0.996387 -0.949954 0.956253 -1 -1 -1 -0.602303 -1 1 0.739757 -1 -0.883986 -0.804215 -0.81947 -0.620687 -0.61029 -1 -0.691075 -1 -1 -1 
-0.253804 -1 -0.961443 -1 0.457355 -1 -1 -0.967885 -1 -0.713173 -1 -0.882657 -0.971937 -1 -1 -1 1 -1 -0.125454 -1 0.487745 -0.980283 -1 0.150286 -0.985547 -1 -1 -1 -1 -1 -0.910407 0.39778 -0.844521 0.157689 -1 -1 -0.0368932 -0.849805 -1 -1 -1 -1 -1 -1 -0.759599 -1 -0.958538 -0.783807 -0.744544 -1 -0.898879 -1 -1 -0.833304 -1 -0.876236 -1 -1 -1 -1 -0.993231 -1 -0.482394 -1 -0.374712 -0.360515 -1 -0.252213 -1 0.276923 -1 -1 -0.440351 -0.281231 -0.789393 -1 -0.977557 -0.969757 -1 -1 -0.10762 -0.844548 -0.278651 0.225694 -1 -1 -0.937899 0.956253 -1 -1 -1 -0.466595 -1 1 0.657712 -1 -0.883986 -0.804215 -0.727117 -0.620687 -0.61029 -1 -0.704195 -1 -0.954675 -1 
0.97596 -0.333406 -1 -1 0.907759 -0.959748 -0.883071 0.636754 -1 -1 -0.564356 -0.334839 -0.900532 -1 -1 -0.960197 0.813644 -1 0.279245 -0.729559 0.548304 -0.797925 -1 0.267181 -0.463616 -1 -1 -0.944548 -0.134855 -1 -0.937219 1 -0.559689 0.337211 -1 -1 0.0946591 -0.143643 -0.441527 -1 -0.964814 -0.180129 -1 -1 -0.207951 -0.824961 -1 0.325979 -1 -1 -0.394184 -0.142274 -0.763693 -0.722694 -0.849793 -1 -0.953689 -0.00388418 -0.457789 -0.583411 -0.599616 -1 -0.0648652 -0.604647 -0.227577 -0.580781 -0.817647 -0.435361 -1 0.545649 -1 -1 -0.719907 -0.829814 -0.0159155 -0.956864 -0.903964 0.633378 -0.882085 -0.79234 0.298404 -0.682835 -0.559274 -0.181778 -0.977704 -0.111441 -1 0.886202 -0.00960565 -0.687003 -1 0.0768563 -1 0.0893864 0.293023 -0.812105 -0.866023 -0.639097 -0.242319 -0.588884 -1 -0.492494 -1 -1 0.964524 -0.485741 
-0.398188 -1 -0.934135 -1 0.632643 -0.716168 -1 -1 -1 -0.781633 -1 -0.882657 -1 -1 -1 -1 1 -0.801342 -0.0653328 -0.669267 0.487745 -0.76818 -1 -0.0738713 -1 -1 -1 -0.850861 -1 -1 -1 0.451435 -1 0.471823 -1 -1 -0.207529 -0.643013 -1 -1 -0.975627 -1 -1 -0.885245 -1 -0.500617 -1 -0.269758 -0.832716 -1 -1 -1 -1 -1 -1 -1 -1 -0.627466 -0.885729 -1 -0.925946 -1 -0.574567 -1 -0.364745 -0.62892 -1 -0.252213 -1 0.188615 -1 -1 -0.735667 -0.307713 -0.534388 -1 -1 -1 -1 -0.804375 -0.149127 -0.969658 -0.212145 0.196898 -1 -0.962 -1 0.854057 -1 -1 -1 -0.465935 -0.873562 1 0.657712 -1 -1 -1 -0.633401 -0.667683 -0.635879 -0.950693 -1 -1 -1 -0.827399 
-0.253804 -1 -0.961443 -1 0.375022 -1 -1 -0.967885 -1 -0.713173 -1 -0.882657 -0.990562 -1 -1 -1 1 -1 -0.125454 -1 0.487745 -0.980283 -1 0.155471 -0.985547 -1 -1 -1 -0.992311 -1 -0.910407 0.39778 -0.844521 0.157689 -1 -1 -0.0368932 -0.849805 -1 -1 -1 -1 -1 -1 -0.759599 -1 -1 -0.783807 -0.744544 -1 -0.898879 -1 -1 -0.833304 -1 -0.734519 -1 -1 -1 -1 -0.79539 -1 -0.482394 -1 -0.374712 -0.360515 -1 -0.252213 -1 0.134927 -1 -1 -0.440351 -0.281231 -0.789393 -1 -0.928001 -0.969757 -1 -1 -0.0264724 -0.844548 -0.689742 0.225694 -1 -1 -1 0.956253 -1 -1 -1 -0.466595 -1 1 0.657712 -1 -0.883986 -0.804215 -0.727117 -0.620687 -0.61029 -1 -0.704195 -1 -1 -1 
0.834636 -0.299609 -0.991658 -1 0.907759 -1 -1 0.636754 -1 -1 -0.564356 -1 -1 -1 -0.845103 -1 0.813644 -1 0.279245 -1 0.0305243 -1 -1 0.267181 -1 -0.934868 -1 -0.811729 -0.580857 -0.860739 -0.869818 0.920214 -0.559689 0.337211 -1 -1 0.321825 -0.74833 -0.197359 -1 -0.964814 -0.436731 -1 -1 0.366558 -0.32615 -1 0.325979 -1 -1 -0.335799 -0.190803 -0.763693 -0.722694 -1 -1 -1 -0.329404 -0.457789 -0.508863 -0.650084 -0.685134 -0.126226 -0.566576 -0.993385 -0.670955 -0.977878 -0.590198 -1 0.508779 -1 -0.941805 -0.0757333 -0.458111 -0.0159155 -0.984185 -0.903964 0.516664 -0.882085 -0.553398 0.292683 -1 -0.572486 -0.581095 -0.977704 -0.536996 -1 0.585377 0.342135 -0.935117 -0.862365 0.270994 -1 -0.209943 0.969104 -0.96364 -0.979301 -0.0901314 -0.242319 -0.675939 -1 -0.378758 -1 -0.557851 -0.12732 -0.779479 
-0.278714 -1 -1 -1 0.457355 -0.778306 -1 -0.984142 -1 -0.922314 -1 -0.93964 -1 -0.852489 -1 -1 0.882244 -1 -0.281409 -0.77993 0.440253 -0.76818 -0.990571 0.048894 -0.986706 -0.996141 -1 -0.412569 -1 -1 -1 0.348469 -0.844521 0.0997906 -1 -1 0.0972597 -0.550665 -1 -1 -0.902091 -1 -1 -1 -0.774137 -0.38649 -0.958538 -0.324158 -1 -1 -0.951308 -1 -1 -0.754489 -1 -1 -1 -0.759971 -1 -1 -0.925946 -1 -0.547927 -1 -0.364745 -0.514478 -1 -0.623592 -0.971693 0.235641 -0.944269 -1 -0.440351 -0.164549 -0.73184 -1 -1 -0.905482 -0.959244 -1 0.0448373 -0.969658 -0.261286 0.295898 -1 -1 -1 0.897741 -0.970866 -1 -1 -0.514911 -0.905699 0.908073 0.657712 -1 -0.883986 -1 -0.803678 -0.679819 -0.61029 -1 -0.61189 -0.840987 -1 -1 
-0.278714 -1 -0.934135 -1 0.632643 -0.716168 -1 -1 -1 -0.713173 -1 -1 -1 -1 -1 -1 1 -0.801342 -0.201693 -0.801693 0.487745 -1 -1 0.0441065 -1 -1 -1 -0.945148 -1 -1 -1 0.39778 -1 0.440891 -1 -1 -0.207529 -0.643013 -1 -1 -1 -1 -0.862596 -0.885245 -1 -0.500617 -1 -0.259764 -0.894207 -0.8874 -1 -1 -1 -1 -1 -1 -1 -0.627466 -0.885729 -1 -0.925946 -0.866651 -0.404178 -1 -0.364745 -0.632152 -1 -0.252213 -1 0.188615 -0.872069 -1 -0.635016 -0.164549 -0.534388 -1 -1 -1 -1 -0.804375 -0.149127 -0.969658 -0.696558 0.196898 -0.992749 -1 -1 0.854057 -1 -1 -1 -0.78136 -1 1 -0.100816 -1 -1 -1 -0.633401 -0.667683 -0.635879 -0.950693 -0.704195 -1 -1 -0.986472 
-0.278714 -1 -0.857354 -0.863774 0.427915 -0.862647 -1 -0.984142 -1 -0.704812 -1 -0.882657 -0.961635 -1 -1 -1 1 -0.945098 -0.0653328 -0.731144 0.487745 -0.76818 -1 0.048894 -1 -1 -1 -0.545864 -1 -1 -1 0.39778 -0.844521 0.42323 -1 -1 0.0157768 -0.643013 -0.9373 -1 -1 -0.237364 -1 -1 -0.774137 -0.38649 -1 -0.259764 -1 -1 -0.960489 -1 -1 -0.630719 -0.851123 -1 -1 -0.800706 -0.885729 -1 -0.92509 -0.866651 -0.350975 -1 0.116702 -0.392627 -1 -0.175917 -1 0.544317 -0.94979 -0.952731 -0.00642627 -0.164549 -0.429063 -1 -1 -0.905482 -1 -0.865374 -0.160188 -1 -0.239602 0.196898 -1 -0.998549 -1 1 -0.699458 -0.917776 -0.516496 -0.514911 -1 0.9457 0.606863 -1 -0.99574 -0.767397 -0.417837 -0.667683 -0.728441 -0.950693 -0.692608 -1 -0.94585 -1 
-0.398188 -1 -0.934135 -1 0.632643 -0.716168 -1 -1 -1 -1 -1 -0.882657 -1 -1 -1 -1 1 -0.801342 -0.0653328 -0.801693 0.487745 -0.76818 -1 -0.085411 -1 -1 -0.912794 -0.752562 -1 -1 -1 0.39778 -1 0.471823 -1 -1 -0.207529 -0.643013 -1 -1 -0.975627 -1 -1 -1 -1 -0.500617 -0.920145 -0.259764 -0.894207 -0.838124 -1 -1 -1 -1 -1 -1 -1 -0.627466 -0.92067 -1 -0.925946 -1 -0.404178 -0.960303 -0.364745 -0.62892 -1 -0.252213 -1 0.146464 -1 -1 -0.866288 -0.307713 -0.534388 -1 -1 -1 -1 -0.804375 -0.149127 -0.969658 -0.212145 0.196898 -1 -1 -1 0.854057 -1 -1 -1 -0.465935 -1 1 0.657712 -1 -1 -1 -0.633401 -0.667683 -0.635879 -0.950693 -1 -1 -1 -0.827399 
-0.278714 -1 -1 -1 0.457355 -0.896796 -1 -1 -1 -0.824022 -1 -1 -1 -0.803601 -1 -1 0.882244 -1 -0.534321 -0.731144 0.28022 -0.76818 -1 -0.45888 -0.986706 -0.996141 -1 -0.618569 -1 -1 -1 0.593737 -1 0.13546 -1 -1 0.0972597 -0.550665 -1 -1 -0.902091 -1 -1 -1 -0.985546 -0.38649 -1 -0.596553 -0.998209 -0.994594 -0.727561 -1 -1 -0.754489 -1 -1 -1 -0.902539 -1 -1 -1 -1 -0.739066 -0.956014 -0.364745 -0.408909 -1 -0.623592 -1 0.157281 -1 -0.92327 -1 -0.303315 -0.73184 -1 -1 -1 -1 -1 -0.079351 -1 -0.130588 0.207723 -1 -1 -0.933866 0.956253 -1 -1 -1 -0.53241 -0.905699 1 0.533296 -0.864854 -0.807407 -1 -0.712548 -1 -1 -1 -0.622115 -0.839889 -1 -1 
-0.43092 -1 -0.900628 -0.927953 0.405183 -0.885727 -1 -0.857308 -1 -1 -1 -0.882657 -1 -1 -0.82345 -1 0.533424 -0.835576 -0.287821 -1 0.164426 -0.945173 -0.748229 -0.342023 -0.978466 -1 -1 -1 -0.980876 -1 -0.828794 0.137347 -0.844521 0.06943 -0.971889 -1 0.0972597 -0.917478 -0.920457 -1 -1 -0.735004 -1 -1 -0.759599 -0.596909 -1 -0.204788 -1 -1 -1 -1 -0.977094 -1 -1 -0.898112 -1 -1 -1 -1 -1 -0.957688 -0.404178 -1 -0.252192 -0.643995 -1 -0.343744 -0.940197 -0.00362577 -1 -1 -0.440351 -0.839502 -0.762964 -1 -1 -1 -1 -1 -0.0718761 -1 -0.918323 0.284544 -1 -0.996387 -0.917291 0.956253 -1 -1 -1 -0.602303 -1 1 0.739757 -1 -0.977624 -0.804215 -0.81947 -0.620687 -0.61029 -1 -1 -1 -1 -1 
-0.233359 -1 -1 -0.832358 0.457355 -0.778306 -0.979388 -0.967885 -1 -0.713173 -1 -0.882657 -0.97054 -1 -0.82345 -1 0.816827 -0.835576 -0.0853731 -1 0.487745 -1 -0.88195 0.190172 -0.978466 -1 -0.889899 -1 -0.980876 -1 -0.828794 0.39778 -0.844521 -0.0690087 -0.971889 -1 0.0972597 -0.576574 -1 -1 -0.949095 -0.838535 -1 -1 -0.759599 -0.596909 -1 -0.442081 -0.821414 -1 -0.955137 -1 -1 -0.833304 -1 -0.898112 -1 -0.627466 -1 -1 -0.925946 -0.988505 -0.404178 -1 -0.252192 -0.392353 -1 -0.343744 -1 -0.00362577 -1 -1 -0.440351 -0.281231 -0.762964 -1 -0.995854 -0.969757 -1 -1 -0.0718761 -0.844548 -0.278651 0.284544 -1 -0.989399 -0.879975 0.956253 -1 -1 -1 -0.571193 -1 1 0.666133 -1 -0.883986 -0.804215 -0.775295 -0.620687 -0.61029 -1 -0.691075 -1 -1 -1 
-0.278714 -1 -0.934135 -1 0.632643 -0.716168 -1 -1 -1 -0.713173 -1 -0.882657 -1 -1 -1 -1 1 -0.801342 -0.0653328 -0.801693 0.487745 -1 -1 0.0441065 -1 -1 -1 -0.945148 -1 -1 -1 0.39778 -1 0.471823 -1 -1 -0.207529 -0.643013 -1 -1 -1 -1 -0.862596 -0.885245 -1 -0.500617 -1 -0.259764 -0.894207 -0.8874 -1 -1 -1 -1 -1 -1 -1 -0.627466 -0.885729 -1 -0.925946 -0.866651 -0.404178 -1 -0.364745 -0.632152 -1 -0.252213 -1 0.188615 -0.872069 -1 -0.635016 -0.164549 -0.534388 -1 -1 -1 -1 -0.948763 -0.149127 -0.969658 -0.696558 0.196898 -0.992749 -1 -1 0.854057 -1 -1 -1 -0.465935 -1 1 0.301478 -1 -1 -1 -0.633401 -0.667683 -0.635879 -0.950693 -0.704195 -1 -1 -1 
-0.278714 -1 -1 -1 0.39241 -0.778306 -1 -0.984142 -1 -0.824022 -1 -0.882657 -1 -0.803601 -1 -1 0.882244 -1 -0.196688 -0.731144 0.522645 -0.76818 -1 0.048894 -0.986706 -0.996141 -1 -0.4846 -1 -1 -1 0.405623 -1 0.13546 -1 -1 0.0972597 -0.550665 -1 -1 -0.902091 -1 -1 -1 -0.774137 -0.137136 -0.958538 -0.324158 -1 -1 -1 -1 -1 -0.832707 -1 -1 -1 -0.627466 -1 -1 -0.925946 -1 -0.549552 -1 -0.395529 -0.408909 -1 -0.623592 -0.971693 0.235641 -0.944269 -1 -0.440351 -0.164549 -0.73184 -1 -1 -0.905482 -1 -1 0.0448373 -0.969658 -0.261286 0.295898 -0.992749 -1 -1 0.956253 -1 -1 -1 -0.514911 -0.905699 0.908073 0.657712 -1 -0.82491 -1 -0.712548 -0.679819 -0.61029 -1 -0.61189 -1 -1 -1 
-0.233359 -1 -1 -0.832358 0.457355 -0.778306 -1 -0.967885 -1 -0.713173 -1 -0.882657 -0.97054 -1 -0.82345 -1 0.928166 -0.835576 -0.287821 -1 0.0893411 -1 -0.88195 -0.342023 -0.978466 -1 -0.889899 -1 -0.980876 -1 -0.828794 0.39778 -0.844521 0.06943 -0.971889 -1 0.0972597 -0.917478 -0.920457 -1 -0.949095 -0.838535 -1 -1 -0.759599 -0.596909 -1 -0.442081 -0.821414 -1 -0.955137 -1 -1 -0.833304 -1 -0.898112 -1 -0.627466 -1 -1 -1 -0.957688 -0.404178 -1 -0.252192 -0.392353 -1 -0.343744 -1 -0.00362577 -1 -1 -0.440351 -0.281231 -0.762964 -1 -1 -0.969757 -1 -1 -0.0718761 -1 -0.539605 0.284544 -1 -0.996387 -0.949954 0.956253 -1 -1 -1 -0.602303 -1 1 0.739757 -1 -0.883986 -0.804215 -0.81947 -0.620687 -0.61029 -1 -0.691075 -1 -0.952175 -1 
-0.233359 -1 -1 -0.832358 0.457355 -0.778306 -0.979388 -0.967885 -1 -0.713173 -1 -0.882657 -0.97054 -1 -0.82345 -1 0.860885 -0.835576 -0.0853731 -1 0.487745 -1 -1 0.190172 -0.978466 -1 -0.889899 -1 -0.980876 -1 -0.828794 0.39778 -0.844521 0.000507012 -0.951605 -1 0.0972597 -0.576574 -1 -1 -0.949095 -0.838535 -1 -1 -0.678076 -0.5708 -1 -0.442081 -0.821414 -1 -0.955137 -1 -1 -1 -1 -0.898112 -1 -0.627466 -1 -1 -0.948152 -1 -0.451077 -1 -0.252192 -0.49049 -1 -0.343744 -1 -0.00362577 -1 -1 -0.440351 -0.281231 -0.568424 -1 -0.995854 -0.969757 -1 -1 -0.0718761 -0.844548 -0.278651 0.435791 -1 -1 -0.879975 0.956253 -1 -1 -1 -0.602303 -1 1 0.666133 -1 -0.883986 -0.802538 -0.775295 -0.620687 -0.61029 -1 -0.691075 -1 -1 -1 
0.834636 -0.221476 -1 -0.829157 0.907759 -0.804382 -0.900051 0.636754 -0.817775 -0.034903 -0.564356 -0.73087 -1 -1 -1 -0.883103 0.713446 -0.931778 0.279245 -1 -0.0692593 -0.797925 -1 0.354176 -0.34643 -1 -0.945486 -0.787217 -0.0221865 -0.605221 -0.624004 0.501632 -0.28718 0.722009 -1 -0.756974 0.651901 -0.799844 0.172502 -1 -1 -0.466159 -0.44325 -1 -0.354064 -1 -0.647878 -0.58496 -0.807295 -0.429553 -0.335799 -0.553156 -0.560899 -0.496225 -1 -0.829125 -0.163696 -0.553634 -1 -0.508863 -0.599616 -1 -0.260828 -1 0.305659 -0.291409 -1 -0.483226 -1 0.508779 -0.932819 -0.755665 -0.138253 0.293866 -0.159044 -1 -1 0.297525 -0.906441 -1 0.298404 -1 -0.11982 -0.296889 -1 -0.221563 -1 0.822921 0.342135 -1 -0.00449826 0.188297 -1 0.134903 0.969104 -1 -0.844868 -0.880628 -0.242319 -0.675939 -0.867057 -1 -0.956351 -1 0.889164 -1 
-0.246256 -1 -0.959015 -1 0.457355 -0.778306 -1 -0.834455 -1 -0.824022 -1 -0.882657 -1 -0.803601 -1 -1 0.882244 -1 -0.281409 -0.731144 0.522645 -0.76818 -1 0.048894 -0.986706 -0.996141 -1 -0.487345 -1 -1 -1 0.405623 -0.844521 0.0511019 -1 -1 0.135828 -0.550665 -1 -1 -0.902091 -1 -1 -1 -0.774137 -0.187078 -0.958538 -0.887779 -1 -1 -1 -1 -1 -0.754489 -1 -1 -1 -0.627466 -1 -1 -0.925946 -1 -0.683429 -1 -0.960183 -0.408909 -1 -0.623592 -1 0.235641 -0.944269 -1 -0.440351 -0.164549 -0.73184 -1 -1 -0.905482 -1 -1 0.0448373 -0.969658 -0.261286 0.295898 -0.992749 -1 -1 0.956253 -1 -1 -1 -0.514911 -0.905699 0.908073 0.657712 -1 -0.774575 -1 -0.712548 -0.679819 -0.61029 -1 -0.648626 -0.839889 -1 -1 
-0.278714 -1 -1 -1 0.457355 -0.896796 -1 -0.984142 -1 -0.824022 -1 -1 -1 -0.803601 -1 -1 0.882244 -1 -0.534321 -1 0.28022 -0.76818 -1 -0.415904 -0.986706 -0.996141 -1 -0.412569 -1 -1 -1 0.593737 -0.882987 0.13546 -1 -1 0.0972597 -0.550665 -1 -1 -0.902091 -1 -1 -1 -0.985546 -0.38649 -1 -0.596553 -0.998209 -0.994594 -0.875489 -1 -1 -0.754489 -1 -1 -1 -0.902539 -1 -1 -1 -1 -0.739066 -0.956014 -0.364745 -0.408909 -1 -0.623592 -1 0.157281 -1 -1 -1 -0.215105 -0.73184 -1 -1 -1 -1 -1 -0.079351 -1 -0.0435427 0.0725786 -1 -1 -0.933866 0.956253 -1 -1 -1 -0.514911 -0.905699 1 0.533296 -0.864854 -0.883986 -1 -0.712548 -1 -0.61029 -1 -0.622115 -0.839889 -1 -1 
-0.278714 -1 -0.959015 -1 0.457355 -0.778306 -1 -1 -1 -0.824022 -1 -0.882657 -1 -0.803601 -1 -1 0.882244 -1 -0.281409 -0.731144 0.522645 -0.76818 -1 0.048894 -0.986706 -0.996141 -1 -0.412569 -1 -1 -1 0.405623 -0.844521 0.0511019 -1 -1 0.135828 -0.550665 -1 -1 -0.902091 -1 -1 -1 -0.774137 -0.187078 -0.958538 -0.324158 -1 -1 -1 -1 -1 -0.754489 -1 -1 -1 -0.627466 -1 -1 -0.925946 -1 -0.683429 -1 -0.416384 -0.408909 -1 -0.623592 -0.971693 0.235641 -0.944269 -1 -0.440351 -0.164549 -0.73184 -1 -1 -0.905482 -1 -1 0.0448373 -0.969658 -0.261286 0.295898 -0.992749 -1 -1 0.956253 -1 -1 -1 -0.514911 -0.905699 0.908073 0.657712 -1 -0.774575 -1 -0.712548 -0.679819 -0.61029 -1 -0.648626 -0.839889 -1 -1 
-0.233359 -1 -1 -0.832358 0.473014 -0.778306 -1 -1 -1 -0.713173 -1 -0.882657 -0.97054 -1 -0.82345 -1 0.928166 -0.835576 -0.287821 -1 0.0893411 -1 -0.88195 -0.342023 -0.978466 -1 -1 -1 -0.980876 -1 -0.828794 0.39778 -0.844521 0.06943 -1 -1 0.0972597 -0.917478 -0.920457 -1 -0.949095 -0.838535 -1 -1 -0.759599 -0.596909 -1 -0.442081 -0.821414 -1 -0.955137 -1 -0.875044 -0.833304 -1 -1 -1 -0.627466 -1 -1 -1 -0.957688 -0.873096 -1 -0.252192 -0.392353 -1 -0.343744 -1 -0.00362577 -1 -1 -0.440351 -0.281231 -0.762964 -1 -1 -1 -1 -1 -0.0718761 -1 -0.539605 0.284544 -1 -0.996387 -0.949954 0.956253 -1 -1 -1 -0.602303 -1 1 0.739757 -1 -1 -0.804215 -0.81947 -0.893073 -0.61029 -1 -0.691075 -1 -0.952175 -1 
-0.278714 -1 -0.934135 -1 0.632643 -0.716168 -1 -1 -1 -0.713173 -1 -0.882657 -1 -1 -1 -1 1 -0.801342 -0.0653328 -0.801693 0.487745 -0.76818 -1 0.0441065 -1 -1 -1 -0.945148 -1 -1 -1 0.39778 -1 0.471823 -1 -1 -0.207529 -0.643013 -1 -1 -1 -1 -1 -0.885245 -1 -0.500617 -1 -0.259764 -0.894207 -0.8874 -1 -1 -1 -1 -1 -1 -1 -0.627466 -0.885729 -1 -0.925946 -0.866651 -0.404178 -1 -0.364745 -0.632152 -1 -0.252213 -1 0.188615 -1 -1 -0.635016 -0.164549 -0.534388 -1 -1 -1 -1 -0.804375 -0.149127 -0.969658 -0.212145 0.196898 -0.992749 -1 -1 0.854057 -1 -1 -1 -0.465935 -1 1 0.657712 -1 -1 -1 -0.633401 -0.667683 -0.635879 -0.950693 -0.704195 -1 -1 -1 
-0.278714 -1 -1 -1 0.457355 -0.896796 -1 -0.984142 -1 -0.824022 -1 -1 -1 -0.803601 -1 -1 0.882244 -1 -0.534321 -0.731144 0.28022 -0.76818 -1 -0.45888 -0.986706 -0.996141 -1 -0.412569 -1 -1 -1 0.593737 -0.882987 0.13546 -1 -1 0.0972597 -0.550665 -1 -1 -0.902091 -1 -1 -1 -0.985546 -0.38649 -1 -0.596553 -0.998209 -0.994594 -0.824693 -1 -1 -0.754489 -1 -1 -1 -0.902539 -1 -1 -1 -1 -0.739066 -0.956014 -0.364745 -0.408909 -1 -0.623592 -1 0.157281 -1 -1 -1 -0.215105 -0.73184 -1 -1 -1 -1 -1 -0.079351 -1 -0.130588 0.216392 -1 -1 -0.933866 0.956253 -1 -1 -1 -0.514911 -0.916819 1 0.533296 -0.864854 -0.883986 -1 -0.712548 -1 -0.61029 -1 -0.622115 -0.839889 -1 -1 
-0.732681 -1 -0.959015 -1 0.457355 -0.778306 -1 -0.984142 -1 -0.896745 -1 -1 -1 -0.803601 -1 -1 0.882244 -1 -0.281409 -0.731144 0.522645 -0.76818 -1 0.00255648 -0.986706 -0.996141 -1 -0.327421 -1 -1 -1 0.378529 -0.844521 0.13546 -1 -0.990612 -0.287519 -0.550665 -1 -1 -0.902091 -1 -1 -1 -0.855897 -0.137136 -0.958538 -0.324158 -1 -1 -1 -1 -1 -0.754489 -1 -1 -1 -0.627466 -1 -1 -0.925946 -1 -0.549552 -1 -0.364745 -0.408909 -1 -0.623592 -0.971693 0.235641 -0.944269 -1 -0.440351 -0.164549 -1 -1 -1 -1 -1 -1 0.0448373 -0.969658 -0.261286 0.295898 -1 -1 -1 0.956253 -1 -1 -1 -0.514911 -0.812586 0.908073 0.109847 -1 -0.838097 -1 -0.691786 -0.679819 -0.61029 -1 -0.61189 -0.839889 -1 -1 
-0.233359 -1 -1 -1 0.489566 -0.778306 -1 -0.967885 -1 -0.713173 -1 -0.882657 -0.97054 -1 -1 -1 0.928166 -1 -0.287821 -1 0.0893411 -1 -0.88195 -0.189225 -1 -1 -0.889899 -1 -1 -1 -0.828794 0.39778 -0.844521 0.06943 -0.971889 -1 0.0972597 -0.917478 -1 -1 -0.949095 -0.838535 -1 -1 -1 -0.596909 -1 -0.504606 -0.821414 -1 -0.955137 -1 -1 -0.833304 -1 -0.898112 -1 -0.627466 -1 -1 -0.810484 -0.957688 -0.404178 -1 -0.385007 -0.392353 -1 -0.343744 -1 -0.00362577 -1 -1 -0.440351 -0.802156 -0.762964 -1 -1 -0.969757 -1 -0.849641 -0.0718761 -1 -0.475412 0.284544 -1 -0.996387 -0.949954 0.956253 -1 -0.949364 -1 -0.602303 -1 1 0.266268 -1 -0.883986 -0.804215 -0.81947 -0.620687 -0.61029 -1 -0.691075 -1 -1 -1 
0.97596 -0.299609 -1 -1 0.907759 -1 -0.883071 0.636754 -1 -1 -0.564356 -0.50258 -1 -1 -1 -1 0.813644 -1 0.279245 -0.729559 0.548304 -0.797925 -1 0.267181 -0.463616 -1 -1 -0.944548 -0.134855 -1 -1 1 -0.559689 0.337211 -1 -1 0.378149 -0.253642 -0.441527 -1 -0.964814 -0.180129 -1 -0.969911 -0.207951 -0.824961 -1 0.325979 -1 -1 -0.335799 -0.190803 -0.763693 -0.722694 -0.849793 -1 -0.953689 -0.00388418 -0.457789 -0.583411 -0.599616 -0.866158 -0.0531889 -0.55376 -0.418753 -0.580781 -0.817647 -0.435361 -1 0.524079 -1 -1 -0.672655 -1 -0.0159155 -1 -0.903964 0.633378 -0.882085 -0.79234 0.298404 -0.682835 -0.559274 -0.181778 -0.977704 -0.111441 -1 0.822921 0.342135 -0.687003 -1 0.0768563 -1 0.229971 0.293023 -0.884203 -0.866023 -0.0901314 -0.242319 -0.675939 -1 -0.492494 -1 -1 0.964524 -0.485741 
-0.298994 -1 -0.835208 -0.888261 0.457355 -0.778306 -1 -0.984142 -1 -0.824022 -1 -0.882657 -0.93745 -0.849419 -1 -1 0.882244 -1 -0.557015 -0.731144 0.522645 -0.76818 -1 0.048894 -0.986706 -0.996141 -1 -0.412569 -1 -1 -1 0.405623 -1 0.13546 -1 -1 0.0972597 -0.574738 -0.806968 -1 -1 -1 -1 -1 -0.774137 -0.187078 -0.958538 -0.51552 -1 -0.868171 -1 -1 -1 -0.754489 -1 -0.995836 -0.918625 -0.983906 -1 -1 -0.925946 -1 -0.710626 -1 -0.364745 -0.635407 -1 -0.79518 -0.971693 0.235641 -0.944269 -1 -0.706517 -0.164549 -1 -1 -1 -0.905482 -0.838347 -1 0.0194607 -1 -0.217348 0.295898 -0.992749 -1 -1 0.956253 -1 -1 -1 -0.663642 -0.905699 0.908073 0.36629 -1 -0.888304 -1 -0.677357 -0.679819 -0.61029 -1 -0.61189 -0.839889 -1 -1 
-0.253804 -1 -0.961443 -0.81278 0.457355 -1 -0.884311 -0.967885 -1 -0.713173 -1 -0.882657 -0.971937 -1 -1 -1 1 -1 -0.125454 -1 0.487745 -0.980283 -1 0.150286 -0.985547 -1 -1 -1 -1 -1 -0.910407 0.39778 -0.844521 0.157689 -1 -1 -0.0368932 -0.895433 -1 -1 -1 -1 -1 -1 -0.759599 -1 -0.958538 -0.783807 -0.744544 -1 -0.898879 -1 -1 -0.833304 -1 -0.876236 -1 -1 -1 -0.855125 -0.993231 -1 -0.482394 -1 -0.374712 -0.641693 -1 -0.252213 -1 0.276923 -1 -1 -0.440351 -0.281231 -1 -1 -0.977557 -0.969757 -0.823236 -1 -0.10762 -0.844548 -0.278651 0.225694 -1 -1 -0.937899 0.956253 -1 -1 -1 -0.466595 -1 1 0.657712 -1 -0.883986 -0.804215 -0.727117 -0.620687 -0.61029 -1 -0.704195 -1 -0.954675 -1 
0.0707448 -0.800137 -1 -0.84327 0.380499 -1 -1 -0.938305 -1 -1 -0.927578 -0.704778 -1 -0.997431 -1 -1 0.757565 -1 -0.0694933 -0.765566 0.487745 -0.76818 -1 0.296341 -0.960417 -1 -1 -0.411743 -1 -1 -1 0.486508 -1 0.42323 -1 -1 -0.359158 -0.658263 -0.664796 -1 -1 -0.401963 -1 -1 -0.95877 -0.271891 -0.958052 0.185744 -1 -1 -0.853364 -1 -0.840914 -1 -1 -0.832248 -0.983275 -0.968682 -1 -1 -1 -1 -0.350975 -0.907288 0.116702 -0.607837 -1 -0.0106093 -1 0.448333 -0.87748 -0.825889 0.0558472 -0.12174 -0.664516 -1 -1 -1 -1 -0.865374 -0.0713056 -1 -0.239602 0.21795 -0.827927 -1 -1 1 -1 -0.917776 -0.516496 -0.554142 -1 0.881488 0.657712 -1 -1 -0.408747 -0.372819 -0.615796 -0.930687 -1 -0.692608 -0.956667 -0.599122 -1 
-0.278714 -1 -1 -1 0.457355 -0.778306 -1 -0.984142 -1 -0.922314 -1 -0.93964 -1 -0.852489 -1 -1 0.882244 -1 -0.689031 -0.77993 0.129234 -0.76818 -0.990571 0.0390869 -0.986706 -0.996141 -1 -0.412569 -0.990734 -1 -1 0.348469 -0.844521 -0.0955676 -1 -1 0.0972597 -0.550665 -1 -1 -0.902091 -1 -1 -1 -0.774137 -0.38649 -0.958538 -0.324158 -1 -1 -0.951308 -1 -1 -0.754489 -1 -1 -1 -0.759971 -1 -1 -0.925946 -1 -0.547927 -1 -0.364745 -0.514478 -1 -0.623592 -0.971693 0.235641 -0.944269 -1 -0.440351 -0.546263 -0.73184 -1 -1 -0.905482 -0.959244 -1 0.0448373 -0.799137 -0.261286 0.40712 -1 -1 -1 0.897741 -0.970866 -1 -1 -0.514911 -1 0.908073 0.657712 -1 -0.883986 -1 -0.803678 -0.679819 -0.61029 -1 -0.61189 -0.840987 -1 -1 
-0.278714 -1 -1 -1 0.457355 -0.778306 -1 -0.984142 -1 -0.879088 -1 -0.882657 -1 -0.852489 -1 -1 0.882244 -1 -0.281409 -0.731144 0.522645 -0.76818 -1 0.048894 -0.986706 -0.996141 -0.973358 -0.412569 -1 -1 -1 0.405623 -0.844521 0.149374 -1 -1 0.0972597 -0.550665 -1 -1 -0.902091 -1 -1 -1 -0.774137 -0.474751 -0.958538 -0.324158 -1 -1 -1 -1 -1 -0.954373 -1 -1 -1 -0.627466 -1 -1 -0.924697 -1 -0.547927 -1 -0.364745 -0.419993 -1 -0.623592 -1 0.235641 -0.944269 -1 -0.440351 -0.164549 -0.73184 -1 -1 -1 -1 -1 0.0448373 -0.969658 -0.261286 0.295898 -0.992749 -1 -1 0.956253 -1 -1 -1 -0.514911 -0.905699 0.908073 0.2151 -1 -0.883986 -1 -0.712548 -1 -0.61029 -1 -0.61189 -0.839889 -1 -1 
-0.278714 -1 -1 -1 0.39241 -0.778306 -0.960262 -0.984142 -1 -0.824022 -1 -0.882657 -1 -0.803601 -1 -1 0.882244 -1 -0.196688 -0.731144 0.522645 -0.76818 -1 0.048894 -0.986706 -0.996141 -1 -0.412569 -1 -1 -1 0.405623 -1 0.13546 -1 -1 0.0972597 -0.550665 -1 -1 -0.902091 -1 -1 -1 -0.774137 -0.137136 -0.958538 -0.324158 -1 -1 -1 -1 -1 -0.763942 -1 -1 -1 -0.627466 -1 -1 -0.925946 -1 -0.549552 -1 -0.395529 -0.408909 -1 -0.623592 -0.971693 0.235641 -0.944269 -1 -0.440351 -0.164549 -0.73184 -1 -1 -0.905482 -1 -1 0.0448373 -0.969658 -0.261286 0.295898 -0.992749 -1 -1 0.956253 -1 -1 -1 -0.514911 -0.905699 0.908073 0.657712 -1 -0.731681 -1 -0.712548 -0.679819 -0.61029 -1 -0.61189 -1 -1 -1 
-0.488378 -1 -0.835208 -0.888261 0.457355 -0.778306 -1 -0.984142 -1 -0.824022 -1 -0.882657 -0.93745 -0.803601 -1 -1 0.882244 -1 -0.557015 -0.731144 0.522645 -0.76818 -1 0.048894 -0.986706 -0.996141 -1 -0.412569 -1 -1 -1 0.405623 -1 0.13546 -1 -1 0.0972597 -0.574738 -0.806968 -1 -1 -1 -1 -1 -0.774137 -0.187078 -0.958538 -0.370336 -1 -1 -1 -1 -1 -0.754489 -1 -1 -0.918625 -0.983906 -1 -1 -0.925946 -1 -0.710626 -1 -0.364745 -0.635407 -1 -0.79518 -0.971693 0.235641 -0.944269 -1 -0.706517 -0.164549 -1 -1 -1 -0.905482 -0.838347 -1 0.0194607 -1 -0.217348 0.295898 -0.992749 -1 -1 0.956253 -1 -1 -1 -0.663642 -0.905699 0.86961 0.36629 -1 -0.888304 -1 -0.677357 -0.679819 -0.61029 -1 -0.61189 -0.839889 -1 -1 
-0.233359 -1 -0.854475 -1 0.457355 -0.586468 -1 -0.967885 -1 -0.713173 -1 -0.882657 -0.97054 -0.832956 -0.82345 -1 0.928166 -0.835576 -0.862285 -1 0.0893411 -1 -0.88195 -0.342023 -0.978466 -1 -0.889899 -1 -1 -1 -0.828794 0.39778 -0.844521 0.06943 -1 -1 0.139581 -0.917478 -1 -1 -0.949095 -0.838535 -1 -1 -1 -0.596909 -1 -0.442081 -0.821414 -1 -0.955137 -1 -1 -0.833304 -1 -1 -1 -0.627466 -1 -1 -1 -0.957688 -0.404178 -1 -0.71337 -0.392353 -1 -0.343744 -1 -0.00362577 -1 -1 -0.440351 -0.252813 -0.762964 -1 -1 -0.969757 -1 -1 -0.0718761 -1 -0.475412 0.284544 -1 -0.996387 -0.949954 0.956253 -1 -1 -1 -0.602303 -0.881146 1 0.816518 -1 -0.883986 -0.804215 -0.81947 -0.620687 -0.509441 -1 -0.691075 -1 -1 -1 
-0.278714 -1 -0.831926 -1 0.0411329 -0.778306 -1 -0.984142 -1 -0.712302 -1 -0.924788 -1 -0.803601 -1 -1 0.882244 -1 -0.246608 -0.731144 0.702917 -0.76818 -1 0.048894 -0.791825 -0.996141 -1 -0.944162 -1 -1 -1 0.405623 -0.776756 0.13546 -1 -1 -0.337836 -0.550665 -1 -1 -0.902091 -1 -1 -1 -0.774137 -0.187078 -1 -0.324158 -1 -1 -1 -1 -1 -0.754489 -1 -1 -1 -1 -1 -1 -0.925946 -1 -0.384905 -1 -0.364745 -0.408909 -0.982328 -0.623592 -0.971693 0.235641 -1 -0.862134 -0.440351 -0.164549 -0.73184 -1 -0.916354 -0.790681 -1 -1 0.0448373 -0.969658 -0.261286 0.295898 -0.992749 -1 -1 0.956253 -1 -1 -1 -0.514911 -1 0.908073 0.657712 -1 -0.774575 -0.835831 -0.712548 -0.679819 -0.61029 -1 -0.648626 -0.839889 -1 -1 
-0.278714 -1 -1 -1 0.39241 -0.778306 -1 -0.984142 -1 -0.824022 -1 -0.882657 -1 -0.803601 -1 -1 0.882244 -1 -0.196688 -0.731144 0.522645 -0.76818 -1 0.048894 -0.986706 -0.996141 -1 -0.412569 -1 -1 -1 0.405623 -1 0.13546 -1 -1 0.0972597 -0.550665 -1 -1 -0.902091 -1 -1 -1 -0.774137 -0.137136 -0.958538 -0.324158 -1 -1 -1 -1 -1 -0.754489 -1 -1 -1 -0.627466 -1 -1 -0.925946 -1 -0.549552 -1 -0.395529 -0.408909 -1 -0.623592 -0.971693 0.235641 -0.944269 -1 -0.440351 -0.164549 -0.73184 -1 -1 -0.905482 -1 -1 0.0448373 -0.969658 -0.261286 0.295898 -0.992749 -1 -1 0.956253 -1 -1 -1 -0.514911 -0.905699 0.908073 0.657712 -1 -0.731681 -1 -0.712548 -0.679819 -0.61029 -1 -0.61189 -1 -1 -1 
