0.0707448 -1 -0.857354 -0.863774 0.572661 -1 -1 -0.984142 -1 -0.704812 -0.927578 -0.704778 -1 -0.847697 -1 -1 1 -1 -0.0694933 -0.731144 0.487745 -0.76818 -1 0.125115 -1 -1 -1 -0.609024 -1 -0.865158 -1 0.327141 -0.844521 0.42323 -1 -1 0.202998 -0.643013 -0.897038 -0.980785 -1 -0.237364 -1 -1 -0.464433 -0.32615 -0.945431 0.0913197 -1 -1 -1 -0.822809 -1 -0.630719 -1 -0.832248 -0.983275 -0.995501 -1 -1 -0.987279 -0.957876 -0.350975 -0.907288 0.116702 -0.366503 -1 -0.705616 -1 0.370186 -1 -0.952731 0.488035 -0.164549 -0.664516 -1 -0.868763 -0.57627 -1 -0.865374 -0.0713056 -1 -0.239602 0.21795 -1 -1 -0.8854 1 -1 -0.895414 -0.577677 -0.647662 -1 0.776421 0.0718502 -1 -1 -0.385302 -0.550131 -0.615796 -0.925413 -1 -0.692608 -1 -0.599122 -1 
0.834636 -0.221476 -1 -0.829157 0.907759 -0.804382 -0.900051 0.636754 -0.817775 0.00417562 -0.564356 -1 -1 -1 -1 -0.883103 0.713446 -1 0.101103 -1 -0.0692593 -0.797925 -1 0.354176 -0.34643 -1 -0.945486 -0.787217 -0.0221865 -0.605221 -0.8493 0.00857699 -0.28718 0.722009 -1 -0.756974 0.415384 -0.799844 0.172502 -1 -1 -0.466159 -0.44325 -1 -0.354064 -1 -0.793778 -1 -0.807295 -0.429553 -0.335799 -0.553156 -0.560899 -0.496225 -1 -0.829125 -0.505698 -0.553634 -1 -0.508863 -0.599616 -1 -1 -1 0.274634 -0.324227 -1 -0.483226 -1 0.508779 -0.932819 -0.755665 -0.138253 0.293866 -0.159044 -1 -1 0.463987 -0.906441 -1 0.298404 -1 -0.11982 -0.21855 -1 -0.221563 -1 0.822921 -0.0613887 -1 -0.00449826 0.188297 -1 0.134903 0.969104 -1 -1 -0.880628 -0.242319 -0.675939 -0.867057 -1 -0.956351 -1 0.889164 -0.839317 
0.0707448 -0.938261 -1 -0.875481 0.539751 -1 -1 -1 -1 -1 -1 -0.704778 -1 -1 -1 -1 1 -1 0.128006 -1 -0.00156748 -1 -1 0.296341 -1 -1 -1 -0.717591 -1 -1 -1 -0.308081 -0.844521 0.603387 -1 -1 0.299403 -0.459943 -1 -1 -1 -0.401963 -1 -0.837179 -1 -0.964206 -1 -0.116028 -1 -0.853099 -0.927191 -0.822809 -1 -0.630719 -1 -1 -0.983275 -1 -1 -1 -0.987279 -1 -0.854649 -1 0.0952 -0.857888 -1 -0.0106093 -1 -0.564515 -0.667076 -0.952731 0.359338 -0.587481 -0.664516 -1 -1 -0.426331 -0.957148 -0.99773 -0.964036 -0.951984 -0.0977247 0.21795 -0.886063 -1 -0.983672 0.749496 -0.752054 -0.834435 -0.516496 -0.554142 -1 0.948314 0.694082 -0.729113 -1 -0.385302 -0.548394 -0.409604 -1 -1 -0.971917 -0.769363 -1 -1 
-0.278714 -1 -0.816816 -1 0.427915 -1 -1 -0.984142 -1 -0.704812 -0.959451 -0.882657 -0.961635 -1 -1 -0.947556 1 -1 -0.0653328 -0.731144 0.487745 -0.833644 -1 -0.288231 -1 -1 -1 -0.545864 -1 -1 -1 0.39778 -0.844521 0.42323 -1 -1 0.0157768 -0.643013 -0.9373 -1 -1 -0.237364 -1 -1 -0.774137 -0.38649 -1 -0.259764 -1 -0.858699 -0.960489 -1 -0.978673 -0.630719 -0.851123 -1 -1 -0.800706 -0.885729 -1 -1 -0.866651 -0.350975 -1 0.116702 -0.392627 -1 -0.37598 -1 0.544317 -0.94979 -0.952731 -0.00642627 -0.164549 -0.429063 -1 -1 -1 -1 -0.865374 -0.160188 -1 -0.239602 0.245271 -1 -0.998549 -1 1 -0.699458 -1 -0.621786 -0.514911 -1 0.9457 0.705763 -0.948602 -0.99574 -0.767397 -0.417837 -0.667683 -0.728441 -0.950693 -0.692608 -1 -0.94585 -1 
-0.181862 -1 -0.904426 -1 0.457355 -0.724172 -1 -0.984142 -1 -0.713173 -0.926221 -0.767478 -1 -0.9062 -0.985008 -1 1 -1 -0.0653328 -0.731144 0.487745 -0.76818 -1 0.048894 -1 -1 -0.844674 -0.412569 -1 -0.954233 -1 0.39778 -0.844521 0.112097 -1 -1 0.0780961 -0.52622 -1 -1 -1 -1 -0.893844 -1 -1 -0.385532 -0.810648 -0.162719 -1 -1 -1 -1 -1 -0.760921 -1 -1 -1 -0.627466 -1 -1 -1 -1 -0.916823 -1 -0.464556 -0.992903 -1 -0.252213 -0.821913 0.241397 -1 -1 -0.475606 -0.755492 -0.675925 -0.980133 -0.801127 -1 -0.887201 -0.971192 0.0448373 -0.956031 -0.261286 0.295898 -0.992749 -1 -1 0.956253 -0.699458 -1 -1 -0.61002 -0.948278 1 0.386066 -1 -1 -0.804215 -0.712548 -0.901126 -0.927981 -1 -0.704195 -1 -1 -1 
-0.278714 -1 -1 -1 0.457355 -0.778306 -1 -0.984142 -1 -0.713173 -1 -0.882657 -1 -1 -1 -1 1 -1 -0.0653328 -0.731144 0.487745 -0.76818 -1 0.048894 -1 -0.945046 -1 -0.412569 -1 -1 -1 0.39778 -0.844521 0.195913 -1 -1 0.0972597 -0.52622 -1 -1 -1 -1 -0.893844 -1 -0.774137 -0.38649 -0.958538 -0.324158 -1 -1 -1 -1 -1 -0.760921 -1 -1 -1 -0.627466 -1 -1 -0.925946 -1 -0.404178 -1 -0.364745 -0.408909 -1 -0.252213 -1 0.336255 -1 -1 -0.440351 -0.164549 -0.72302 -1 -1 -0.905482 -1 -1 0.0448373 -0.969658 -0.261286 0.295898 -0.992749 -1 -1 0.956253 -1 -1 -1 -0.514911 -0.994725 1 0.657712 -1 -0.883986 -0.804215 -0.712548 -0.679819 -0.61029 -1 -0.704195 -1 -1 -1 
-0.278714 -1 -1 -1 0.457355 -0.862647 -1 -0.984142 -1 -0.713173 -1 -1 -0.961635 -1 -0.985008 -1 0.698354 -1 -0.258911 -0.731144 0.487745 -0.877675 -1 0.048894 -1 -1 -1 -0.890554 -1 -1 -0.983802 0.39778 -0.844521 -0.0488795 -1 -0.975131 0.0357121 -0.643013 -1 -1 -1 -1 -0.890585 -1 -0.774137 -0.38649 -0.956788 -0.309234 -1 -0.852061 -1 -0.844381 -1 -0.760921 -1 -1 -1 -0.627466 -1 -1 -0.925946 -1 -0.274053 -1 -0.139809 -0.293474 -1 -0.252213 -0.927544 0.544317 -1 -0.911877 -0.58835 -0.102343 -0.383102 -1 -1 -0.905482 -1 -0.971192 -0.0345943 -0.969658 -0.261286 0.196898 -1 -1 -1 1 -0.699458 -0.757995 -0.778574 -0.818873 -0.948278 1 0.657712 -1 -0.843603 -0.804215 -0.417837 -0.667683 -0.635879 -1 -0.692608 -1 -0.827325 -1 
-0.278714 -1 -1 -0.863774 0.457355 -0.724172 -1 -0.984142 -1 -1 -1 -0.844997 -0.961635 -1 -0.985008 -1 1 -1 -0.0653328 -0.731144 0.487745 -0.76818 -1 0.048894 -1 -1 -1 -0.545864 -1 -1 -1 0.0871749 -0.844521 0.42323 -1 -1 0.0357121 -0.643013 -1 -1 -1 -1 -0.893844 -1 -0.774137 -0.38649 -0.958538 -0.259764 -1 -0.8874 -0.818145 -1 -1 -0.760921 -1 -1 -1 -0.627466 -0.905665 -1 -1 -0.866651 -0.404178 -1 -0.364745 -0.493683 -1 -0.252213 -0.966177 0.188615 -1 -1 -0.58835 -0.164549 -0.534388 -1 -1 -0.905482 -1 -0.971192 -0.149127 -0.78887 -0.261286 0.196898 -0.831274 -1 -1 0.854057 -0.699458 -0.917776 -1 -0.514911 -0.948278 0.902336 0.511575 -1 -1 -0.835572 -0.417837 -0.667683 -0.635879 -0.950693 -0.704195 -1 -1 -1 
-0.278714 -1 -0.934135 -1 0.632643 -0.716168 -1 -0.984142 -1 -0.713173 -0.903068 -0.882657 -0.961635 -1 -0.985008 -1 1 -1 -0.0653328 -0.731144 0.487745 -0.76818 -1 0.048894 -1 -1 -1 -0.887336 -1 -1 -1 0.39778 -1 0.42323 -1 -1 -0.207529 -0.643013 -1 -1 -1 -1 -0.893844 -1 -1 -0.38649 -0.958538 -0.259764 -1 -0.8874 -1 -1 -1 -1 -1 -1 -1 -0.627466 -0.885729 -1 -0.925946 -0.866651 -0.404178 -1 -0.364745 -0.632152 -1 -0.252213 -1 0.188615 -1 -1 -0.58835 -0.164549 -0.534388 -1 -1 -0.905482 -1 -0.953642 -0.149127 -0.969658 -0.298783 0.196898 -0.992749 -1 -1 0.854057 -1 -1 -1 -0.465935 -0.948278 1 0.657712 -1 -0.843603 -0.979997 -0.417837 -0.667683 -0.635879 -0.950693 -0.704195 -1 -1 -1 
-0.616871 -1 -1 -1 0.457355 -0.724172 -1 -0.984142 -1 -0.713173 -1 -0.874138 -1 -1 -0.985008 -1 1 -1 -0.0741612 -0.731144 0.487745 -0.827088 -1 0.048894 -1 -0.945046 -1 -0.412569 -1 -1 -1 0.39778 -0.844521 0.112097 -1 -1 -0.0496129 -0.52622 -1 -1 -1 -1 -0.893844 -1 -0.774137 -0.38649 -1 -0.259764 -1 -1 -1 -1 -1 -0.760921 -1 -1 -1 -0.487014 -1 -1 -1 -1 -0.874463 -1 -0.364745 -0.493683 -0.968848 -0.252213 -1 0.336255 -1 -1 -0.475606 -0.164549 -0.675925 -1 -1 -0.817993 -1 -0.971192 0.0448373 -0.969658 -0.261286 0.295898 -0.992749 -1 -1 0.735139 -0.699458 -1 -1 -0.471409 -0.948278 1 0.657712 -1 -1 -0.804215 -0.712548 -0.679819 -0.61077 -1 -0.704195 -1 -1 -1 
0.0707448 -1 -0.857354 -0.863774 0.380499 -1 -1 -0.938305 -1 -0.659454 -0.927578 -0.704778 -1 -0.847697 -1 -1 1 -1 -0.0694933 -0.562344 0.487745 -0.76818 -1 0.296341 -0.958731 -1 -1 -0.609024 -1 -1 -1 0.327141 -0.844521 0.42323 -1 -1 0.299403 -0.658263 -0.897038 -1 -1 -0.237364 -1 -1 -0.590803 -0.32615 -1 0.185744 -1 -1 -0.853364 -0.822809 -1 -0.630719 -1 -0.832248 -0.983275 -0.995501 -0.754323 -1 -0.987279 -1 -0.350975 -0.907288 0.116702 -0.959203 -1 -0.0726763 -1 0.544317 -0.87748 -0.952731 0.488035 -0.164549 -0.881548 -1 -1 -0.357628 -1 -0.865374 -0.0713056 -1 -0.239602 0.21795 -1 -1 -0.810146 1 -0.920774 -0.917776 -0.516496 -0.554142 -1 0.776421 0.657712 -1 -1 -0.385302 -0.550131 -0.615796 -0.782221 -1 -0.692608 -0.856649 -0.599122 -1 
0.834636 -0.221476 -1 -0.829157 0.907759 -0.804382 -0.900051 0.636754 -0.817775 -0.034903 -0.564356 -0.73087 -1 -1 -1 -0.883103 0.713446 -0.931778 0.279245 -1 -0.0692593 -0.797925 -1 0.354176 -0.34643 -1 -0.945486 -0.787217 -0.0221865 -0.605221 -0.624004 0.501632 -0.28718 0.722009 -1 -0.756974 0.651901 -0.799844 0.172502 -1 -1 -0.466159 -0.44325 -1 -0.354064 -1 -0.647878 -0.58496 -0.807295 -0.429553 -0.335799 -0.553156 -0.560899 -0.496225 -1 -0.829125 -0.163696 -0.553634 -1 -0.508863 -0.599616 -1 -0.260828 -1 0.305659 -0.291409 -1 -0.483226 -1 0.508779 -0.932819 -0.755665 -0.138253 0.293866 -0.159044 -1 -1 0.297525 -0.906441 -1 0.298404 -1 -0.11982 -0.296889 -1 -0.221563 -1 0.822921 0.342135 -1 -0.00449826 0.188297 -1 0.134903 0.969104 -1 -0.844868 -0.880628 -0.242319 -0.675939 -0.867057 -1 -0.956351 -1 0.889164 -1 
-0.708191 -1 -1 -1 0.457355 -0.778306 -1 -0.984142 -1 -0.713173 -1 -0.882657 -1 -1 -1 -1 1 -1 -0.0653328 -0.731144 0.487745 -0.76818 -1 0.048894 -1 -0.945046 -1 -0.214897 -1 -1 -1 0.39778 -0.844521 0.195913 -1 -1 0.0972597 -0.52622 -1 -1 -1 -1 -0.893844 -1 -0.774137 -0.282808 -0.958538 -0.324158 -1 -1 -1 -1 -1 -0.760921 -0.83645 -1 -1 -0.627466 -1 -1 -0.925946 -1 -0.404178 -1 -0.647471 -0.408909 -0.979814 -0.252213 -1 -0.144024 -0.951102 -1 -0.818769 -0.164549 -0.72302 -1 -1 -0.905482 -1 -0.897294 0.0448373 -0.969658 -0.261286 0.295898 -1 -1 -1 0.956253 -1 -1 -1 -0.514911 -0.994725 1 0.657712 -1 -0.883986 -0.804215 -1 -0.679819 -0.805238 -1 -0.704195 -1 -1 -1 
-0.278714 -1 -1 -0.863774 0.457355 -0.724172 -1 -0.984142 -0.897461 -0.713173 -1 -0.882657 -0.961635 -1 -0.985008 -1 1 -1 -0.0653328 -0.731144 0.487745 -0.76818 -1 0.048894 -1 -1 -1 -0.545864 -1 -1 -1 0.39778 -0.844521 0.318428 -1 -1 0.0357121 -0.643013 -1 -1 -1 -1 -0.893844 -1 -0.774137 -0.38649 -0.958538 -0.259764 -1 -0.8874 -1 -1 -1 -0.760921 -1 -1 -1 -0.627466 -0.885729 -1 -0.925946 -0.866651 -0.404178 -1 -0.364745 -0.493683 -1 -0.252213 -0.966177 0.188615 -1 -1 -0.58835 -0.164549 -0.534388 -1 -1 -0.905482 -1 -0.971192 -0.149127 -0.969658 -0.261286 0.196898 -0.992749 -1 -1 0.854057 -0.699458 -0.917776 -1 -0.514911 -0.948278 1 0.657712 -1 -0.843603 -0.835572 -0.417837 -0.667683 -0.635879 -0.950693 -0.704195 -1 -1 -1 
0.0707448 -1 -0.857354 -0.863774 0.572661 -1 -0.981163 -0.984142 -1 -0.704812 -0.927578 -0.704778 -1 -0.847697 -1 -1 1 -1 -0.0694933 -0.731144 0.487745 -0.76818 -1 0.125115 -0.958731 -1 -1 -0.609024 -1 -1 -1 0.327141 -0.844521 0.42323 -1 -1 0.299403 -0.643013 -0.897038 -1 -1 -0.237364 -1 -1 -0.590803 -0.32615 -1 0.0509952 -1 -1 -1 -0.822809 -1 -0.630719 -1 -0.832248 -0.983275 -0.995501 -0.885729 -1 -1 -0.957876 -0.350975 -0.907288 0.116702 -0.366503 -1 -0.0106093 -1 0.544317 -0.87748 -0.818034 0.488035 -0.164549 -0.720581 -1 -1 -0.357628 -1 -0.865374 -0.0711727 -1 -0.239602 0.21795 -1 -1 -0.810146 1 -1 -0.917776 -0.516496 -0.554142 -1 0.706033 0.657712 -1 -1 -0.385302 -0.550131 -0.615796 -0.925413 -1 -0.692608 -1 -0.599122 -1 
-0.278714 -1 -1 -1 0.457355 -0.862647 -1 -0.984142 -1 -0.713173 -1 -1 -0.961635 -1 -0.985008 -1 0.698354 -1 -0.258911 -0.731144 0.487745 -0.76818 -1 0.048894 -1 -0.912182 -1 -0.890554 -1 -1 -1 0.39778 -0.844521 -0.0488795 -1 -0.975131 0.0357121 -0.643013 -1 -1 -1 -1 -0.890585 -1 -0.774137 -0.38649 -1 -0.309234 -1 -0.8874 -1 -0.835317 -1 -0.760921 -1 -1 -1 -0.627466 -0.885729 -1 -0.925946 -1 -0.350975 -1 0.116702 -0.392627 -1 -0.252213 -0.927544 0.544317 -0.94979 -1 -0.58835 -0.102343 -0.534388 -1 -1 -0.905482 -1 -0.971192 -0.149127 -0.969658 -0.261286 0.196898 -1 -1 -1 1 -0.699458 -0.882048 -0.778574 -0.514911 -0.948278 1 0.657712 -1 -0.843603 -0.804215 -0.417837 -0.667683 -0.635879 -1 -0.692608 -1 -0.827325 -1 
-0.278714 -1 -0.816816 -1 0.427915 -0.862647 -1 -0.984142 -1 -0.704812 -0.959451 -0.882657 -0.961635 -1 -1 -0.947556 1 -1 -0.0653328 -0.731144 0.487745 -0.76818 -1 -0.288231 -1 -1 -1 -0.545864 -1 -1 -1 0.39778 -0.844521 0.42323 -1 -1 0.0157768 -0.643013 -0.9373 -1 -1 -0.237364 -1 -1 -0.774137 -0.38649 -1 -0.259764 -1 -0.858699 -0.960489 -1 -0.978673 -0.630719 -0.851123 -1 -1 -0.800706 -0.885729 -1 -0.935249 -0.866651 -0.350975 -1 0.116702 -0.392627 -1 -0.37598 -1 0.544317 -0.94979 -0.952731 -0.00642627 -0.164549 -0.429063 -1 -1 -1 -1 -0.865374 -0.160188 -1 -0.239602 0.245271 -1 -0.998549 -1 1 -0.699458 -1 -0.621786 -0.514911 -1 0.9457 0.705763 -1 -0.99574 -0.767397 -0.417837 -0.667683 -0.728441 -0.950693 -0.692608 -1 -0.94585 -1 
-0.278714 -1 -1 -1 0.457355 -0.862647 -1 -1 -1 -0.713173 -1 -1 -0.961635 -1 -0.995339 -1 0.815558 -1 -0.393349 -0.731144 0.487745 -0.76818 -1 0.048894 -1 -1 -1 -0.890554 -1 -1 -1 0.39778 -0.844521 -0.0488795 -1 -1 0.0357121 -0.643013 -1 -1 -1 -1 -0.893844 -1 -0.774137 -0.38649 -1 -0.309234 -1 -0.8874 -1 -0.835317 -1 -0.760921 -1 -1 -0.800304 -0.627466 -0.885729 -1 -0.925946 -1 -0.313145 -1 0.116702 -0.392627 -1 -0.252213 -0.960905 0.544317 -0.94979 -1 -0.589171 -0.102343 -0.534388 -1 -1 -0.905482 -1 -0.971192 -0.149127 -0.969658 -0.261286 0.196898 -1 -1 -1 1 -0.699458 -0.917776 -0.510754 -0.514911 -0.948278 1 0.657712 -1 -1 -0.804215 -0.417837 -0.641126 -0.635879 -0.950693 -0.692608 -1 -0.827325 -1 
-0.278714 -1 -1 -1 0.388203 -0.862647 -1 -0.984142 -1 -0.713173 -1 -1 -0.961635 -1 -0.995339 -1 0.815558 -1 -0.258911 -0.731144 0.487745 -0.76818 -1 0.048894 -1 -1 -1 -0.890554 -1 -1 -1 0.39778 -0.844521 -0.0488795 -0.987977 -0.962887 1.4469e-05 -0.643013 -1 -1 -1 -1 -0.893844 -0.865012 -0.774137 -0.38649 -1 -0.525185 -1 -0.8874 -1 -0.835317 -1 -0.760921 -1 -1 -0.800304 -0.627466 -1 -1 -1 -1 -0.350975 -1 -0.0101645 -0.392627 -1 -0.252213 -0.960905 0.544317 -0.94979 -1 -0.604312 -0.102343 -0.534388 -1 -1 -0.905482 -1 -0.814685 -0.103728 -0.969658 -0.261286 0.196898 -1 -1 -1 1 -0.699458 -0.917776 -0.510754 -0.514911 -0.948278 0.938326 0.657712 -1 -0.843603 -0.804215 -0.354915 -0.667683 -0.635879 -0.950693 -1 -1 -0.827325 -1 
-0.278714 -1 -1 -0.93218 0.632643 -0.716168 -1 -0.984142 -1 -0.713173 -1 -0.882657 -0.961635 -1 -0.985008 -1 1 -1 -0.0653328 -0.731144 0.487745 -0.76818 -1 0.048894 -1 -1 -1 -0.887336 -1 -1 -1 0.39778 -0.788714 0.42323 -1 -1 0.0357121 -0.643013 -1 -1 -1 -1 -0.893844 -1 -0.774137 -0.38649 -0.958538 -0.259764 -1 -0.8874 -1 -1 -1 -1 -1 -1 -1 -0.627466 -0.885729 -1 -0.925946 -0.866651 -0.404178 -1 -0.364745 -0.493683 -1 -0.252213 -1 0.188615 -1 -1 -0.58835 -0.164549 -0.534388 -1 -1 -0.905482 -1 -0.971192 -0.149127 -0.969658 -0.261286 0.196898 -0.992749 -1 -1 0.854057 -0.699458 -0.974028 -1 -0.465935 -0.93434 1 0.657712 -1 -0.843603 -0.835572 -0.417837 -0.667683 -0.635879 -0.950693 -0.704195 -1 -1 -1 
0.0707448 -0.938261 -1 -0.875481 0.539751 -1 -1 -1 -0.873537 -1 -1 -0.704778 -1 -1 -1 -1 1 -1 0.0832665 -1 -0.00156748 -1 -1 0.296341 -1 -1 -1 -0.717591 -1 -1 -1 -0.308081 -0.844521 0.603387 -1 -1 0.299403 -0.459943 -1 -1 -1 -0.401963 -1 -0.837179 -1 -0.379086 -1 -0.116028 -1 -1 -0.927191 -0.822809 -1 -0.630719 -1 -1 -0.983275 -1 -1 -1 -0.987279 -1 -0.379029 -1 0.0952 -0.857888 -1 -0.0106093 -1 -0.564515 -0.667076 -0.952731 0.359338 -0.587481 -0.664516 -1 -1 -0.426331 -0.957148 -1 -0.652135 -0.951984 -0.0977247 -0.27605 -0.827927 -1 -0.983672 0.749496 -0.752054 -0.748508 -0.516496 -0.554142 -1 0.948314 0.657712 -0.729113 -1 -0.385302 -0.548394 -0.409604 -1 -1 -1 -0.769363 -1 -1 
-0.278714 -1 -1 -0.863774 0.457355 -0.724172 -1 -0.984142 -1 -1 -1 -0.882657 -0.961635 -1 -0.985008 -1 1 -1 -0.0653328 -0.731144 0.487745 -0.76818 -1 0.048894 -1 -1 -1 -0.545864 -1 -1 -1 0.0871749 -0.844521 0.42323 -1 -1 0.0357121 -0.643013 -1 -1 -0.979734 -1 -0.893844 -1 -0.774137 -0.38649 -0.958538 -0.259764 -1 -0.8874 -0.818145 -1 -1 -0.760921 -1 -1 -1 -0.627466 -0.905665 -1 -1 -0.866651 -0.404178 -1 -0.364745 -0.493683 -1 -0.252213 -0.966177 0.188615 -1 -1 -0.58835 -0.164549 -0.534388 -1 -1 -0.905482 -1 -0.971192 -0.149127 -0.78887 -0.261286 0.196898 -0.831274 -0.981579 -1 0.854057 -0.699458 -0.917776 -1 -0.514911 -0.948278 0.902336 0.511575 -1 -1 -0.835572 -0.417837 -0.667683 -0.635879 -0.950693 -0.704195 -1 -1 -1 
0.834636 -0.221476 -1 -0.829157 0.907759 -0.804382 -0.900051 0.636754 -0.817775 -0.034903 -0.564356 -0.73087 -1 -1 -1 -0.883103 0.713446 -0.931778 0.279245 -1 -0.0692593 -0.797925 -1 0.354176 -0.34643 -1 -0.945486 -0.787217 -0.0221865 -0.605221 -0.624004 0.501632 -0.28718 0.722009 -1 -0.756974 0.651901 -0.799844 0.172502 -1 -1 -0.466159 -0.44325 -1 -0.354064 -1 -0.647878 -0.58496 -0.807295 -0.429553 -0.335799 -0.553156 -0.560899 -0.496225 -1 -0.829125 -0.163696 -0.553634 -1 -0.508863 -0.599616 -1 -0.260828 -1 0.305659 -0.291409 -1 -0.483226 -1 0.508779 -0.932819 -0.755665 -0.138253 0.293866 -0.159044 -1 -1 0.297525 -0.906441 -1 0.298404 -1 -0.11982 -0.296889 -1 -0.221563 -1 0.822921 0.342135 -1 -0.00449826 0.188297 -1 0.134903 0.969104 -1 -0.844868 -0.880628 -0.242319 -0.675939 -0.867057 -1 -0.956351 -1 0.889164 -1 
-0.826028 -1 -1 -0.863774 0.457355 -0.724172 -1 -0.984142 -1 -1 -1 -0.882657 -0.961635 -1 -0.985008 -1 1 -1 -0.0653328 -0.731144 0.487745 -0.76818 -1 0.048894 -1 -1 -1 -1 -1 -1 -1 0.0871749 -0.844521 0.42323 -1 -1 0.0357121 -0.643013 -1 -1 -0.979734 -1 -0.893844 -1 -0.774137 -0.38649 -0.958538 -0.259764 -1 -0.8874 -0.818145 -1 -1 -0.760921 -1 -1 -1 -0.627466 -0.905665 -1 -1 -0.866651 -0.404178 -1 -0.176134 -0.493683 -1 -0.252213 -0.966177 0.188615 -0.87559 -1 -0.58835 -0.164549 -0.534388 -1 -1 -0.905482 -1 -1 -0.149127 -0.78887 -0.261286 0.196898 -0.831274 -0.981579 -1 0.783664 -0.699458 -0.917776 -1 -0.514911 -0.948278 0.902336 0.511575 -1 -1 -0.835572 -0.417837 -0.667683 -0.635879 -0.950693 -0.704195 -1 -1 -1 
-0.278714 -1 -1 -1 0.457355 -0.862647 -1 -0.984142 -1 -0.713173 -1 -1 -0.961635 -1 -0.995339 -1 0.815558 -1 -0.393349 -0.731144 0.487745 -0.76818 -1 0.048894 -1 -0.984299 -1 -0.994496 -1 -1 -1 0.39778 -0.844521 -0.0488795 -1 -1 0.0357121 -0.643013 -1 -0.924882 -0.855701 -1 -0.893844 -1 -0.774137 -0.337619 -1 -0.309234 -0.844027 -0.8874 -1 -0.835317 -1 -0.760921 -1 -1 -0.800304 -0.627466 -0.885729 -1 -1 -1 -0.313145 -0.97843 -0.140397 -0.392627 -1 -0.252213 -0.960905 0.368301 -0.94979 -1 -0.589171 -0.0333827 -0.534388 -1 -1 -0.905482 -1 -0.971192 -0.149127 -0.969658 -0.261286 0.196898 -1 -1 -1 1 -0.699458 -0.917776 -0.510754 -0.514911 -0.948278 1 0.657712 -1 -0.96139 -0.804215 -0.417837 -0.667683 -0.635879 -0.950693 -0.692608 -1 -0.827325 -1 
0.0707448 -1 -0.857354 -0.863774 0.380499 -1 -1 -0.938305 -1 -0.704812 -0.927578 -0.704778 -1 -0.847697 -1 -1 1 -1 -0.0694933 -0.731144 0.487745 -0.76818 -1 0.296341 -0.958731 -1 -1 -0.609024 -1 -1 -1 0.327141 -0.844521 0.42323 -1 -1 0.299403 -0.658263 -0.897038 -1 -1 -0.237364 -1 -1 -0.590803 -0.32615 -1 0.185744 -1 -1 -0.853364 -0.822809 -1 -0.630719 -1 -0.832248 -0.983275 -0.995501 -0.754323 -1 -0.987279 -1 -0.350975 -0.907288 0.116702 -0.607837 -1 -0.0106093 -1 0.544317 -0.87748 -0.952731 0.488035 -0.164549 -0.664516 -1 -1 -0.357628 -1 -0.865374 -0.0713056 -1 -0.239602 0.21795 -1 -1 -0.810146 1 -0.920774 -0.917776 -0.516496 -0.554142 -1 0.776421 0.657712 -1 -1 -0.385302 -0.550131 -0.615796 -0.925413 -1 -0.692608 -0.856649 -0.599122 -1 
0.0707448 -1 -0.857354 -0.801692 0.743964 -1 -1 -0.984142 -1 -0.704812 -0.927578 -1 -1 -0.847697 -1 -1 1 -1 -0.0694933 -0.731144 0.487745 -1 -1 0.0971799 -0.958731 -1 -1 -0.609024 -1 -1 -1 0.327141 -1 0.42323 -1 -0.969459 0.202998 -0.643013 -1 -1 -1 -0.237364 -1 -1 -0.752548 -0.549941 -0.945431 0.0509952 -1 -1 -1 -0.822809 -1 -0.671041 -1 -0.832248 -0.983275 -1 -0.885729 -1 -1 -0.957876 -0.350975 -1 0.116702 -0.366503 -1 -0.159325 -1 0.120658 -0.87748 -0.952731 0.488035 -0.164549 -0.664516 -1 -1 -0.357628 -0.871896 -0.865374 -0.0713056 -1 -0.805292 0.21795 -1 -1 -0.810146 1 -0.870892 -0.917776 -0.516496 -0.554142 -1 0.776421 0.657712 -1 -0.961316 -0.385302 -0.550131 -0.615796 -0.925413 -1 -0.692608 -1 -0.599122 -1 
0.834636 -0.221476 -1 -0.829157 0.907759 -0.804382 -0.900051 0.636754 -0.817775 -0.034903 -0.564356 -0.73087 -1 -1 -1 -0.883103 0.713446 -0.931778 0.279245 -1 -0.0692593 -0.797925 -1 0.354176 -0.34643 -1 -0.945486 -0.787217 -0.0221865 -0.605221 -0.624004 0.501632 -0.28718 0.722009 -1 -0.756974 0.651901 -0.799844 0.172502 -1 -1 -0.466159 -0.44325 -1 -0.354064 -1 -0.647878 -0.58496 -0.807295 -0.429553 -0.335799 -0.553156 -0.560899 -0.496225 -1 -0.829125 -0.163696 -0.553634 -1 -0.508863 -0.599616 -1 -0.260828 -1 0.305659 -0.291409 -1 -0.483226 -1 0.508779 -0.932819 -0.755665 -0.138253 0.293866 -0.159044 -1 -1 0.297525 -0.906441 -1 0.298404 -1 -0.11982 -0.296889 -1 -0.221563 -1 0.822921 0.342135 -1 -0.00449826 0.188297 -1 0.134903 0.969104 -1 -0.844868 -0.880628 -0.242319 -0.675939 -0.867057 -1 -0.956351 -1 0.889164 -1 
0.834636 -0.299609 -1 -1 0.907759 -1 -1 0.479828 -1 -0.981771 -0.564356 -0.75908 -1 -1 -0.845103 -1 0.813644 -1 0.279245 -1 0.0305243 -1 -1 0.267181 -1 -0.934868 -1 -0.811729 -0.580857 -0.860739 -0.869818 0.920214 -0.559689 0.337211 -1 -1 0.321825 -0.74833 -0.53037 -1 -0.964814 -0.436731 -1 -0.972029 0.47276 -0.32615 -1 0.311636 -1 -1 -0.335799 -0.190803 -0.763693 -0.950222 -1 -1 -1 -0.329404 -0.457789 -0.36601 -0.650084 -0.685134 -0.126226 -0.566576 -1 -0.670955 -0.977878 -0.590198 -1 0.269696 -1 -0.941805 -0.0757333 -0.458111 -0.0159155 -0.984185 -0.903964 0.516664 -0.882085 -0.96093 0.292683 -1 -0.559274 -0.581095 -0.977704 -0.111441 -1 0.585377 0.303665 -0.935117 -1 -0.120585 -1 -0.0802192 0.969104 -0.96364 -0.979301 -0.0901314 -0.242319 -0.675939 -1 -0.378758 -1 -0.557851 -0.0949089 -0.779479 
-0.278714 -1 -1 -0.863774 0.457355 -0.724172 -1 -0.984142 -0.897461 -0.713173 -0.950278 -0.882657 -0.792141 -1 -0.985008 -1 1 -1 -0.0653328 -0.731144 0.533229 -0.76818 -1 0.048894 -0.959173 -1 -1 -0.725524 -1 -1 -1 -0.202035 -0.844521 0.42323 -1 -1 0.0357121 -1 -1 -1 -1 -1 -0.843964 -1 -0.774137 -0.38649 -0.958538 -0.259764 -1 -0.8874 -0.96704 -1 -1 -0.760921 -1 -1 -1 -1 -0.885729 -1 -0.925946 -0.866651 -0.601855 -1 -0.364745 -0.493683 -1 -0.252213 -1 0.188615 -1 -1 -0.58835 -0.462137 -0.534388 -1 -1 -1 -1 -0.971192 -0.149127 -0.969658 -0.261286 0.178827 -1 -1 -1 0.854057 -0.699458 -1 -1 -0.514911 -1 1 0.481544 -1 -0.843603 -0.804215 -0.417837 -1 -1 -0.950693 -1 -1 -1 -1 
-0.278714 -1 -1 -1 0.388203 -0.862647 -1 -0.984142 -1 -0.713173 -1 -1 -0.961635 -1 -0.995339 -1 0.815558 -1 -0.258911 -0.731144 0.487745 -0.76818 -1 0.048894 -1 -1 -1 -0.890554 -1 -1 -1 0.39778 -0.844521 -0.0488795 -0.987977 -1 0.0357121 -0.643013 -1 -1 -1 -1 -0.893844 -1 -0.774137 -0.38649 -1 -0.309234 -1 -0.8874 -1 -0.835317 -1 -0.760921 -1 -1 -0.800304 -0.627466 -1 -1 -0.925946 -1 -0.350975 -1 0.116702 -0.392627 -1 -0.252213 -0.960905 0.544317 -0.94979 -1 -0.593384 -0.102343 -0.534388 -1 -1 -0.905482 -1 -0.971192 -0.149127 -0.969658 -0.261286 0.196898 -1 -1 -1 1 -0.699458 -0.917776 -0.510754 -0.514911 -0.948278 0.938326 0.657712 -1 -0.843603 -0.804215 -0.417837 -0.667683 -0.635879 -0.950693 -0.826922 -1 -0.827325 -1 
-0.278714 -1 -1 -1 0.457355 -0.724172 -1 -0.984142 -1 -0.713173 -1 -0.882657 -1 -1 -0.985008 -1 1 -1 -0.0653328 -0.689434 0.487745 -0.76818 -1 0.048894 -1 -0.945046 -1 -0.412569 -1 -1 -1 0.39778 -0.844521 0.112097 -1 -1 0.0386877 -0.52622 -1 -1 -1 -1 -0.983563 -1 -0.774137 -0.38649 -0.958538 -0.343906 -1 -1 -1 -1 -1 -0.760921 -1 -1 -1 -0.627466 -1 -1 -0.925946 -1 -0.404178 -1 -0.364745 -0.800517 -1 -0.252213 -1 0.336255 -1 -1 -0.475606 -0.201069 -0.675925 -1 -1 -1 -1 -0.971192 0.0448373 -0.969658 -0.261286 0.307649 -0.992749 -1 -1 0.956253 -0.699458 -1 -1 -0.589181 -0.948278 1 0.657712 -0.916741 -1 -0.804215 -0.712548 -0.679819 -0.61077 -1 -0.704195 -1 -1 -1 
-0.278714 -1 -1 -1 0.457355 -0.778306 -1 -0.984142 -1 -0.713173 -1 -0.882657 -1 -1 -1 -1 1 -1 -0.0653328 -0.731144 0.487745 -0.76818 -1 0.048894 -1 -0.945046 -1 -0.412569 -1 -1 -1 0.39778 -0.844521 0.195913 -1 -1 0.0972597 -0.52622 -1 -1 -1 -1 -0.893844 -1 -0.774137 -0.38649 -0.958538 -0.324158 -1 -1 -1 -1 -1 -0.747409 -1 -1 -1 -0.627466 -1 -1 -0.925946 -1 -0.404178 -1 -0.364745 -0.408909 -1 -0.252213 -1 0.336255 -1 -1 -0.440351 -0.164549 -0.72302 -1 -1 -0.905482 -1 -1 0.0448373 -0.969658 -0.261286 0.295898 -0.992749 -1 -1 0.956253 -1 -1 -1 -0.602303 -0.994725 1 0.657712 -1 -0.883986 -0.804215 -0.712548 -0.679819 -0.61029 -1 -0.704195 -1 -1 -1 
-0.489713 -1 -1 -1 0.388203 -0.862647 -1 -0.984142 -1 -0.713173 -1 -1 -0.961635 -1 -0.995339 -1 0.815558 -1 -0.258911 -0.731144 0.487745 -0.76818 -1 0.048894 -1 -1 -1 -0.890554 -1 -1 -1 0.39778 -0.844521 -0.0488795 -0.987977 -0.962887 1.4469e-05 -0.643013 -1 -1 -1 -1 -0.893844 -0.865012 -0.774137 -0.38649 -1 -0.525185 -1 -0.8874 -1 -0.835317 -1 -0.760921 -1 -1 -0.800304 -0.627466 -1 -1 -1 -1 -0.350975 -1 -0.0101645 -0.392627 -1 -0.252213 -1 0.544317 -0.94979 -1 -0.604312 -0.102343 -1 -1 -1 -0.905482 -1 -0.814685 -0.103728 -0.969658 -0.794518 0.196898 -1 -1 -1 1 -0.699458 -1 -0.510754 -0.514911 -1 0.938326 0.657712 -1 -0.843603 -0.804215 -0.354915 -0.667683 -0.635879 -1 -1 -1 -0.827325 -1 
-0.696817 -1 -1 -1 0.388203 -0.862647 -1 -0.984142 -1 -0.713173 -1 -1 -0.769881 -1 -0.995339 -1 0.815558 -1 -0.258911 -1 0.487745 -0.76818 -1 0.048894 -1 -1 -1 -0.890554 -1 -1 -1 0.39778 -0.844521 -0.0488795 -0.987977 -0.962887 1.4469e-05 -0.760967 -1 -1 -1 -1 -0.893844 -0.865012 -0.774137 -0.38649 -1 -0.525185 -1 -1 -1 -0.94804 -1 -0.760921 -1 -1 -0.800304 -0.627466 -1 -1 -1 -1 -0.350975 -1 -0.0101645 -0.392627 -1 -0.252213 -0.960905 0.544317 -0.94979 -1 -0.604312 -0.102343 -0.534388 -1 -0.889548 -0.905482 -1 -0.814685 -0.103728 -0.969658 -0.261286 0.196898 -1 -1 -1 1 -1 -0.917776 -0.921267 -0.514911 -0.948278 0.938326 0.73792 -1 -0.843603 -1 -0.354915 -0.667683 -0.635879 -1 -0.811457 -1 -0.827325 -1 
-0.181862 -0.9746 -0.904426 -1 0.457355 -0.724172 -1 -1 -1 -0.713173 -0.926221 -0.767478 -1 -0.9062 -0.985008 -1 1 -1 -0.0653328 -0.731144 0.487745 -0.76818 -1 0.048894 -1 -1 -0.844674 -0.336122 -1 -0.954233 -1 0.39778 -1 0.112097 -1 -1 0.0780961 -1 -1 -1 -1 -1 -0.893844 -1 -1 -0.385532 -0.810648 -0.162719 -1 -1 -1 -1 -1 -0.760921 -1 -1 -1 -0.627466 -1 -1 -1 -1 -0.916823 -1 -0.464556 -0.992903 -1 -0.252213 -0.821913 0.241397 -1 -1 -0.475606 -0.755492 -0.567898 -0.980133 -0.801127 -1 -0.887201 -0.971192 0.0448373 -0.956031 -0.261286 0.295898 -0.876659 -1 -1 0.956253 -0.699458 -1 -1 -0.61002 -0.947981 1 0.386066 -0.974688 -1 -0.804215 -0.712548 -0.901126 -1 -1 -0.704195 -1 -1 -1 
0.0707448 -1 -0.857354 -0.863774 0.380499 -1 -1 -0.938305 -1 -0.704812 -0.927578 -0.704778 -1 -0.847697 -1 -1 1 -1 -0.0694933 -0.731144 0.487745 -0.76818 -1 0.296341 -0.958731 -1 -1 -0.609024 -1 -1 -1 0.327141 -0.844521 0.42323 -1 -1 0.299403 -0.658263 -0.897038 -1 -1 -0.237364 -1 -1 -0.590803 -0.32615 -1 0.185744 -1 -1 -0.853364 -0.822809 -1 -0.630719 -1 -0.832248 -0.983275 -0.995501 -0.754323 -1 -0.987279 -1 -0.350975 -0.907288 0.116702 -0.607837 -1 -0.0106093 -1 0.544317 -0.87748 -0.952731 0.488035 -0.164549 -0.664516 -1 -1 -0.357628 -1 -0.865374 -0.0713056 -1 -0.239602 0.21795 -1 -1 -0.810146 1 -0.920774 -0.917776 -0.516496 -0.554142 -1 0.776421 0.657712 -1 -1 -0.385302 -0.550131 -0.615796 -0.925413 -1 -0.692608 -0.856649 -0.599122 -1 
0.0707448 -0.800137 -1 -0.972939 0.380499 -1 -1 -0.938305 -1 -1 -0.927578 -0.704778 -1 -0.997431 -1 -1 0.928015 -1 -0.0694933 -0.731144 0.382601 -0.76818 -1 0.205668 -0.958731 -1 -1 -0.411743 -1 -1 -1 0.486508 -0.844521 0.42323 -1 -1 0.230702 -0.658263 -0.664796 -1 -1 -0.988831 -1 -1 -0.95877 -0.271891 -1 0.185744 -1 -1 -0.853364 -0.924023 -0.840914 -1 -1 -0.832248 -1 -0.968682 -1 -1 -1 -1 -0.350975 -0.907288 0.152524 -0.607837 -1 -0.0106093 -1 0.351938 -0.986664 -0.878694 0.413924 -0.12174 -0.664516 -1 -1 -0.927129 -1 -0.865374 -0.0713056 -1 -0.511488 0.21795 -0.827927 -1 -1 1 -0.920774 -0.872262 -0.516496 -0.554142 -1 0.881488 0.657712 -1 -1 -0.385302 -0.372819 -0.615796 -0.930687 -1 -0.692608 -0.856649 -0.899195 -1 
-0.301609 -1 -1 -0.863774 0.253872 -1 -1 -0.938305 -1 -0.704812 -0.927578 -0.883383 -1 -0.847697 -1 -1 0.690208 -1 -0.0694933 -0.840134 0.487745 -0.76818 -1 0.441504 -1 -1 -1 -0.609024 -1 -1 -1 0.327141 -0.844521 0.42323 -1 -1 0.299403 -0.658263 -1 -1 -1 -0.237364 -1 -1 -0.590803 -0.278251 -1 0.185744 -1 -1 -1 -1 -1 -0.630719 -1 -1 -1 -0.916405 -0.561763 -1 -0.987279 -0.937901 -0.350975 -0.907288 0.23964 -0.607837 -1 -0.0106093 -1 0.544317 -0.87748 -0.916809 0.19598 -0.164549 -0.927562 -1 -1 -0.357628 -1 -0.865374 -0.0713056 -0.86583 -0.239602 0.21795 -1 -1 -0.810146 1 -0.920774 -0.917776 -0.516496 -0.554142 -1 0.952779 0.438854 -0.985131 -1 -0.783727 -0.550131 -0.615796 -0.925413 -1 -0.692608 -0.856649 -1 -0.969515 
-0.278714 -1 -1 -1 0.457355 -0.778306 -1 -0.984142 -1 -0.713173 -1 -0.882657 -1 -1 -1 -1 1 -1 -0.0653328 -0.731144 0.487745 -0.76818 -1 0.193179 -1 -1 -1 -0.810125 -1 -1 -0.861619 0.39778 -0.844521 0.195913 -1 -1 0.0972597 -0.52622 -1 -1 -1 -1 -0.804295 -1 -0.774137 -0.38649 -0.958538 -0.324158 -1 -1 -1 -1 -1 -0.747409 -1 -1 -1 -0.627466 -1 -1 -1 -1 -0.404178 -1 -0.364745 -0.408909 -1 -0.252213 -1 0.336255 -1 -1 -0.440351 -0.164549 -0.72302 -1 -1 -1 -1 -1 0.0448373 -0.969658 -0.261286 0.295898 -0.992749 -1 -1 0.956253 -1 -0.999588 -1 -0.602303 -0.994725 1 0.657712 -1 -0.883986 -0.804215 -0.712548 -0.519929 -0.61029 -0.829874 -0.704195 -1 -1 -1 
-0.278714 -1 -1 -1 0.457355 -0.862647 -0.99371 -0.984142 -1 -0.713173 -1 -1 -0.961635 -1 -0.985008 -1 0.698354 -1 -0.258911 -0.731144 0.487745 -0.76818 -1 0.048894 -1 -0.912182 -1 -0.890554 -1 -1 -1 0.39778 -0.844521 -0.0488795 -1 -0.975131 0.0357121 -0.643013 -1 -1 -1 -1 -0.855917 -1 -0.774137 -0.38649 -0.956788 -0.309234 -1 -0.8874 -1 -0.835317 -1 -0.760921 -1 -1 -1 -0.627466 -1 -1 -0.925946 -1 -0.350975 -1 -0.131335 -0.293474 -1 -0.252213 -0.927544 0.544317 -0.94979 -0.911877 -0.58835 -0.102343 -0.383102 -1 -1 -0.905482 -1 -0.971192 -0.149127 -0.969658 -0.261286 0.196898 -1 -1 -1 1 -0.699458 -0.882048 -0.778574 -0.514911 -0.948278 1 0.657712 -1 -0.843603 -0.804215 -0.417837 -0.667683 -0.635879 -1 -0.692608 -1 -0.827325 -1 
-0.728446 -1 -1 -1 0.457355 -1 -1 -0.984142 -1 -0.713173 -1 -0.882657 -1 -1 -0.793961 -1 1 -1 -0.0396393 -1 0.00664335 -0.76818 -1 0.048894 -1 -1 -0.873098 -0.457485 -1 -1 -1 0.39778 -1 0.112097 -1 -1 -0.219978 -0.52622 -1 -1 -1 -1 -1 -0.823196 -1 -0.567252 -1 -0.259764 -1 -1 -1 -1 -1 -0.760921 -1 -1 -1 -1 -1 -1 -0.925946 -1 -0.404178 -1 -0.364745 -0.771705 -1 -0.594323 -1 0.121217 -1 -1 -0.475606 -0.201069 -0.675925 -1 -1 -0.905482 -1 -0.953183 0.0668328 -1 -0.261286 -0.0403593 -0.992749 -1 -1 0.956253 -0.699458 -1 -1 -0.342201 -0.948278 1 0.145035 -0.957829 -1 -0.728167 -1 -0.679819 -1 -1 -1 -1 -1 -1 
-0.278714 -1 -1 -1 0.403922 -0.862647 -1 -0.851254 -1 -0.713173 -1 -1 -0.961635 -1 -0.849692 -1 0.627046 -1 -0.565022 -0.731144 0.487745 -0.677835 -1 -0.00351737 -0.844006 -0.912182 -1 -1 -1 -1 -0.963599 0.488176 -0.844521 -0.0488795 -1 -0.975131 0.17471 -0.643013 -1 -1 -1 -1 -0.890585 -0.828557 -0.903888 -0.38649 -0.991987 -0.309234 -1 -0.926088 -1 -0.835317 -1 -0.699432 -1 -1 -1 -0.627466 -1 -1 -0.925946 -1 -0.350975 -1 -0.139809 -0.416399 -1 -0.460992 -1 0.544317 -0.94979 -0.911877 -0.58835 -0.102343 -0.383102 -1 -1 -0.905482 -1 -0.971192 -0.149127 -0.969658 -0.261286 0.196898 -1 -1 -1 0.93245 -0.68323 -1 -0.778574 -0.424002 -0.948278 1 0.657712 -1 -0.843603 -1 -0.417837 -1 -0.635879 -1 -0.818428 -1 -1 -1 
-0.278714 -1 -1 -0.863774 0.457355 -0.724172 -0.989133 -0.984142 -0.897461 -0.713173 -1 -0.882657 -1 -1 -0.985008 -1 1 -1 -0.0653328 -0.627936 0.487745 -0.603294 -1 0.048894 -1 -1 -1 -0.545864 -1 -1 -1 0.39778 -0.844521 0.42323 -1 -1 0.0357121 -1 -1 -1 -1 -1 -0.893844 -1 -0.774137 -0.38649 -0.958538 -0.259764 -1 -0.8874 -1 -1 -1 -0.760921 -1 -1 -1 -0.627466 -0.885729 -1 -0.925946 -0.866651 -0.404178 -1 -0.364745 -0.493683 -1 -0.252213 -0.966177 -0.0808426 -1 -1 -0.58835 -0.164549 -0.534388 -1 -1 -0.905482 -1 -0.971192 -0.149127 -0.969658 -0.261286 0.196898 -0.992749 -1 -1 0.854057 -0.699458 -0.917776 -1 -0.672676 -0.948278 1 0.657712 -1 -0.843603 -0.835572 -0.417837 -0.667683 -0.635879 -0.950693 -0.704195 -1 -1 -1 
-0.278714 -1 -1 -1 0.457355 -0.724172 -1 -0.984142 -1 -0.713173 -1 -0.882657 -1 -1 -0.985008 -1 1 -1 -0.0653328 -0.689434 0.487745 -0.76818 -1 0.048894 -1 -0.945046 -1 -0.412569 -1 -1 -1 0.39778 -0.844521 0.112097 -1 -1 0.0386877 -0.52622 -1 -1 -1 -1 -0.983563 -1 -0.774137 -0.38649 -0.958538 -0.343906 -1 -1 -1 -1 -1 -0.760921 -1 -1 -1 -0.627466 -1 -1 -0.925946 -1 -0.404178 -1 -0.364745 -0.800517 -1 -0.252213 -1 0.336255 -1 -1 -0.475606 -0.201069 -0.675925 -1 -1 -1 -1 -0.971192 0.0448373 -0.969658 -0.261286 0.307649 -0.992749 -1 -1 0.956253 -0.699458 -1 -1 -0.589181 -0.948278 1 0.657712 -0.916741 -1 -0.804215 -0.712548 -0.679819 -0.61077 -1 -0.704195 -1 -1 -1 
0.0707448 -0.938261 -1 -0.875481 0.511145 -1 -1 -1 -0.873537 -1 -1 -0.704778 -1 -1 -1 -1 1 -0.947086 0.0832665 -1 -0.00156748 -1 -1 0.296341 -1 -1 -1 -0.717591 -1 -1 -1 -0.308081 -0.844521 0.603387 -1 -1 0.299403 -0.352114 -1 -1 -1 -0.401963 -1 -0.971153 -1 -0.454024 -1 -0.116028 -1 -1 -0.95515 -1 -1 -0.630719 -1 -1 -0.983275 -1 -1 -1 -0.987279 -1 -0.379029 -1 -0.00673117 -0.857888 -0.874677 -0.162902 -1 -0.437834 -0.667076 -0.952731 0.359338 -0.587481 -0.664516 -1 -0.82056 -0.426331 -0.957148 -1 -0.652135 -0.951984 -0.149261 -0.27605 -0.827927 -0.98061 -1 0.749496 -0.752054 -0.748508 -0.516496 -0.554142 -1 0.948314 0.657712 -0.562839 -1 -0.385302 -0.548394 -0.409604 -1 -1 -1 -0.769363 -1 -1 
-0.278714 -1 -1 -1 0.457355 -0.862647 -1 -0.984142 -1 -0.713173 -1 -1 -1 -1 -0.985008 -1 0.739756 -1 -0.258911 -0.731144 0.487745 -0.76818 -0.804764 0.048894 -1 -0.912182 -1 -0.890554 -1 -1 -1 0.39778 -0.96696 -0.0488795 -1 -0.975131 -0.373582 -0.643013 -1 -1 -0.893333 -1 -0.890585 -1 -0.774137 -0.38649 -0.923683 -0.309234 -1 -0.8874 -1 -0.835317 -0.909048 -0.760921 -1 -1 -1 -0.627466 -1 -1 -0.925946 -1 -0.350975 -1 -0.663105 -0.293474 -1 -0.43431 -1 0.544317 -0.94979 -0.911877 -0.58835 -0.0515274 -0.666893 -1 -1 -0.905482 -1 -0.971192 -0.149127 -1 -0.261286 0.229934 -1 -1 -1 1 -0.685035 -0.882048 -0.778574 -0.868484 -0.948278 1 0.657712 -1 -0.843603 -0.804215 -0.290562 -0.667683 -1 -1 -0.692608 -1 -0.827325 -1 
-0.722487 -1 -1 -1 0.457355 -0.724172 -1 -0.956294 -1 -1 -1 -0.874138 -1 -1 -1 -1 1 -1 -0.272343 -0.731144 -0.015039 -0.76818 -1 0.048894 -1 -0.945046 -1 -0.412569 -1 -1 -1 0.39778 -0.844521 0.112097 -1 -1 0.0972597 -0.52622 -1 -1 -1 -1 -0.893844 -1 -1 -0.250839 -0.958538 -0.259764 -1 -1 -1 -1 -1 -0.667601 -1 -1 -1 -0.697738 -1 -1 -0.925014 -1 -0.404178 -0.838155 -0.364745 -0.493683 -1 -0.252213 -1 0.336255 -1 -1 -0.475606 -0.164549 -0.675925 -1 -1 -1 -1 -0.971192 0.0448373 -0.969658 -0.261286 0.295898 -0.992749 -1 -1 0.956253 -1 -1 -1 -0.514911 -0.948278 1 0.563566 -1 -1 -0.804215 -0.712548 -0.679819 -0.61077 -1 -0.704195 -1 -1 -1 
-0.386442 0.572738 -0.610669 0.326882 -0.639443 0.820936 0.468215 0.400051 0.18458 -0.345037 -0.0820631 0.789177 0.685564 0.877782 -0.983724 0.0220696 0.778726 0.294134 -0.452782 -0.118477 -0.790998 -0.238678 -0.136459 0.757988 0.771283 -0.303288 0.242307 0.787159 0.704421 -0.712214 0.852451 0.208814 -0.940083 0.165271 -0.841881 -0.356387 -0.200629 0.859083 -0.655618 0.658406 -0.0884525 -0.256008 0.0493377 0.63612 -0.662989 -0.860968 -0.911794 0.5537 -0.196028 0.182109 0.554329 -0.610879 -0.700103 -0.239431 -0.0341457 -0.0834568 0.611345 -0.314323 0.254838 -0.30246 -0.081078 -0.586625 -0.915799 -0.0466906 0.484058 0.572148 -0.372351 0.873578 0.695391 0.290345 -0.847446 -0.365071 -0.818156 -0.106954 0.294747 -0.02621 -0.060468 -0.837383 0.789327 -0.492549 -0.70854 -0.0481606 -0.243998 -0.723222 -0.905762 0.489854 -0.828875 -0.466719 -0.544558 0.325786 0.613808 0.835692 -0.693029 -0.333163 -0.740053 0.837488 0.39571 -0.96508 -0.338568 -0.541395 0.849205 -0.782994 -0.187517 0.903223 0.866649 0.79584 
-0.278714 -1 -0.816816 -1 0.427915 -0.862647 -1 -0.984142 -1 -0.704812 -0.959451 -0.882657 -0.961635 -1 -1 -0.947556 1 -1 -0.0653328 -0.731144 0.487745 -0.76818 -1 -0.288231 -1 -1 -1 -0.545864 -1 -1 -1 0.39778 -0.844521 0.42323 -1 -1 0.0157768 -0.643013 -0.9373 -1 -1 -0.237364 -1 -1 -0.774137 -0.38649 -1 -0.259764 -1 -0.858699 -0.960489 -1 -0.978673 -0.630719 -0.851123 -1 -1 -0.800706 -0.885729 -1 -0.935249 -0.866651 -0.350975 -1 0.116702 -0.392627 -1 -0.37598 -1 0.544317 -0.94979 -0.952731 -0.00642627 -0.164549 -0.429063 -1 -1 -0.905482 -1 -0.865374 -0.160188 -1 -0.239602 0.245271 -1 -0.998549 -1 1 -0.699458 -1 -0.516496 -0.514911 -1 0.9457 0.705763 -1 -0.99574 -0.767397 -0.417837 -0.667683 -0.728441 -0.950693 -0.692608 -1 -0.94585 -1 
