-0.128189 -0.356282 -0.969625 0.860491 -0.806736 0.510996 0.327038 -0.624923 0.427412 -0.0201133 -0.551888 -0.163965 0.226754 0.876463 -0.342914 0.871794 -0.960648 -0.482157 0.973983 0.505748 -0.908051 -0.109643 -0.869252 -0.63598 0.923061 -0.447851 0.586894 0.937615 0.756033 -0.668662 0.869339 0.874427 -0.4993 -0.970821 0.88367 0.67906 -0.376121 -0.0308554 -0.567435 0.0417682 0.541618 0.577663 -0.110323 0.951956 0.61167 -0.203847 0.217189 0.580853 0.987878 -0.629177 -0.906773 0.927565 0.404701 -0.90988 0.521754 0.00348473 -0.515395 0.256307 -0.161905 0.747901 0.230062 -0.275598 0.647372 0.667516 0.764493 0.31279 0.499384 -0.271158 0.00846875 0.967282 -0.138381 -0.28491 -0.877107 -0.743034 -0.563028 0.958154 -0.149589 -0.157631 0.349539 0.851009 -0.292437 -0.528406 -0.227304 0.227127 0.882083 -0.12917 0.990597 0.0926914 0.936131 -0.0105989 0.431716 -0.899071 0.907943 0.701106 -0.103552 0.322462 0.334984 0.743412 -0.669396 0.76656 0.406085 -0.382747 -0.178506 0.640857 0.149462 -0.582464 -0.335441 -0.100563 0.660558 0.784614 -0.0320234 -0.451721 -0.630692 0.401969 -0.97256 0.245661 0.970525 -0.0960562 -0.0100632 -0.785248 -0.644148 -0.259142 0.986229 -0.0124123 0.45594 0.513048 -0.245009 0.85335 -0.388071 -0.284198 0.487752 -0.158233 0.184184 -0.74566 -0.746261 0.943876 0.78001 -0.245601 
0.154317 0.551406 -0.344373 -0.881694 0.753796 -1 -0.981673 0.737674 -0.40204 -0.657807 -0.932913 -0.161042 -1 -0.221545 0.309346 0.979084 -0.662339 -0.366879 0.852075 -1 -0.618782 -0.248546 -0.454928 -0.595578 0.00553644 0.667642 -0.775175 -1 -0.777247 -0.611195 -0.639303 0.088019 -1 -1 -0.543585 -0.0602636 -0.804986 0.812752 0.232069 -0.417933 -0.12534 0.373507 -1 0.185534 -0.70859 0.124736 -0.746247 0.196528 -0.89659 -1 0.279415 0.738441 -1 -1 0.567205 0.946653 -1 -1 -0.125457 -0.930752 -0.374671 -0.470169 0.473116 -1 -0.211301 -0.618199 -0.443085 -0.733256 0.626435 -1 0.256817 -0.241803 -0.490397 -0.809271 0.228557 -0.562464 -0.592562 -0.0131781 0.379986 -1 -0.132408 -0.140436 -0.21647 -0.993302 -0.291456 -0.765186 -0.902805 -0.814351 -1 -0.0899134 -0.120733 0.108888 -0.0392138 -0.612776 -0.294568 -1 -0.237833 0.74133 -0.242317 0.492442 -0.615686 0.689765 -1 -0.0135816 -0.233464 -1 0.72774 -0.945393 -0.801119 0.0805453 -1 -0.812813 0.548284 -1 0.000217021 -0.132132 0.138381 -1 -1 -1 -1 -1 -0.494754 0.965543 -0.518316 -0.0573507 -1 -0.956083 -0.658019 -0.764762 1 0.729764 0.366286 -0.115266 0.707501 -0.462328 0.684642 -0.940527 
0.154317 -0.178891 -0.344373 -0.881694 1 -1 -0.981673 0.737674 -0.40204 -0.657807 -0.932913 -0.988541 -1 -0.221545 0.355956 0.979084 -1 -0.366879 0.153557 -1 -1 -0.487614 -0.454928 -0.595578 -0.263399 0.667642 -0.775175 -1 -0.777247 -0.670906 -0.639303 0.088019 -0.699089 -1 -0.543585 -0.817748 -0.804986 0.812752 0.232069 -1 -0.12534 0.0535976 -1 0.185534 -0.605233 -0.262635 -0.871769 -0.687043 -1 -1 0.139211 0.738441 -1 -1 0.567205 0.573389 -1 -0.687515 -0.448608 -1 -0.0983553 -0.470169 0.473116 -1 -0.211301 -0.618199 -0.920083 -1 0.354547 -1 -0.418792 -0.241803 -0.490397 -0.809271 0.228557 -0.616294 -0.864679 -0.93416 -0.0358976 -1 -0.132408 -0.140436 0.0988998 -0.993302 -0.291456 -0.603042 -0.902805 -0.814351 -1 -0.953228 -0.120733 0.108888 -0.0392138 -0.612776 -0.593859 -1 -0.237833 0.74133 -0.242317 -0.454152 -0.615686 0.611702 -1 -0.0135816 -0.366876 -1 0.72774 -1 -0.801119 -0.81158 -1 -0.812813 0.548284 -1 -0.540864 -0.819189 0.138381 -1 -1 -0.925414 -1 -1 -0.494754 0.965543 -0.518316 0.206 -1 -1 -0.668231 -1 1 0.470277 0.791961 -0.115266 0.252455 -1 -0.271423 -1 
-0.224733 -1 -0.475255 -0.881694 0.753796 -1 -0.927122 0.737674 -0.40204 -0.657807 -1 0.407916 -1 -0.221545 -0.427578 0.979084 -1 -0.366879 0.423987 -1 -0.618782 -0.248546 -0.454928 -1 0.00553644 0.667642 -0.775175 -1 -1 -1 -0.639303 -0.371814 -1 -1 -1 -0.394709 -0.758773 0.812752 0.232069 -1 -0.434588 -0.06056 -1 0.3731 -0.329268 -0.14682 -1 0.196528 -1 -1 0.279415 0.721903 -1 -1 0.567205 0.636994 -0.806138 -1 -0.125457 -0.930752 -0.374671 -0.470169 0.201978 -0.921662 -1 -1 0.0677016 -0.733256 0.626435 -0.780614 0.256817 -0.458889 -0.490397 -0.809271 0.228557 -0.562464 -0.592562 -0.821915 0.266413 -0.923574 0.153907 -0.161131 -0.406631 -1 -0.17264 -0.765186 -0.591929 -0.622233 -1 -0.568982 -0.489488 0.108888 -0.150531 -1 -0.294568 -1 -0.237833 0.373195 -0.375185 0.492442 -1 0.689765 -1 -0.581683 -0.403755 -1 0.144326 -1 -0.801119 0.0805453 -1 -0.812813 -0.28898 -1 -0.759659 -0.132132 0.138381 -1 -0.859113 -1 -1 -1 -1 0.836803 -0.518316 -0.602783 -0.992019 -0.376216 -1 -0.764762 0.438004 -1 -1 -0.169327 0.707501 -0.353081 0.684642 -1 
0.154317 0.551406 -0.344373 -0.881694 0.753796 -1 -0.981673 0.737674 -0.40204 -0.657807 -0.932913 -0.161042 -1 -0.221545 0.309346 0.979084 -0.662339 -0.366879 0.852075 -1 -0.618782 -0.248546 -0.454928 -0.595578 0.00553644 0.210443 -0.775175 -1 -0.777247 -0.611195 -0.901419 0.088019 -1 -1 -0.543585 -0.0602636 -0.804986 0.812752 0.232069 -0.417933 -0.326883 -0.30441 -1 0.185534 -0.70859 0.124736 -0.746247 0.196528 -0.89659 -1 0.279415 0.738441 -1 -1 0.567205 0.946653 -1 -1 -0.125457 -0.930752 -0.374671 -0.470169 0.473116 -1 -0.211301 -0.618199 -0.382035 -0.733256 0.626435 -1 0.256817 -0.241803 -0.490397 -0.809271 0.228557 -0.562464 -0.592562 -0.0131781 0.379986 -1 -0.132408 -0.140436 -0.21647 -0.993302 -0.291456 -0.765186 -0.902805 -0.814351 -1 -0.0899134 -0.120733 0.108888 -0.0392138 -0.612776 -0.294568 -1 -0.237833 0.74133 -0.242317 0.492442 -0.615686 0.689765 -1 -0.0135816 -0.233464 -1 0.441194 -0.945393 -0.801119 0.0805453 -1 -0.812813 0.548284 -1 0.000217021 -0.132132 0.138381 -1 -1 -1 -1 -1 -0.541215 0.965543 -1 -0.0573507 -1 -0.956083 -0.658019 -0.764762 1 0.729764 0.366286 -0.115266 0.707501 -0.462328 0.684642 -0.940527 
0.24179 0.551406 -0.344373 -0.881694 0.753796 -1 -0.981673 0.737674 -0.40204 -0.657807 -0.932913 -0.161042 -1 -0.221545 0.309346 0.979084 -0.662339 -0.366879 0.852075 -1 -0.618782 -0.248546 -0.454928 -0.514683 -0.132489 0.667642 -0.775175 -1 -0.777247 -1 -0.639303 0.088019 -1 -1 -0.543585 -0.432188 -0.804986 0.81786 0.232069 -0.417933 -0.227078 0.373507 -1 0.185534 -0.70859 0.124736 -0.746247 0.196528 -0.89659 -1 0.279415 0.738441 -1 -1 0.567205 0.946653 -1 -1 -0.125457 -0.930752 -0.374671 -0.470169 0.473116 -1 -0.211301 -0.618199 -0.443085 -0.733256 -0.0717984 -1 0.256817 -0.241803 -0.490397 -0.809271 0.228557 -0.713632 -0.592562 -0.0131781 0.379986 -1 -0.132408 -0.140436 -0.21647 -0.993302 -0.0648527 -1 -0.902805 -0.814351 -1 -0.150391 -0.120733 -0.455677 -0.0392138 -0.612776 -0.294568 -1 -0.237833 0.74133 -0.242317 0.492442 -0.615686 0.689765 -1 -0.233002 -0.233464 -1 0.72774 -0.945393 -0.801119 0.0805453 -1 -0.812813 0.441388 -1 0.000217021 -0.132132 0.138381 -1 -1 -1 -1 -1 -0.428137 0.965543 -0.686785 -0.0573507 -1 -1 -0.658019 -1 1 0.729764 -0.145711 -0.115266 0.707501 -0.52419 0.684642 -0.940527 
0.154317 0.551406 -0.344373 -0.881694 0.679173 -1 -0.981673 0.737674 -0.452727 -0.657807 -0.932913 -0.161042 -1 -0.221545 0.309346 0.439934 -0.662339 -0.468247 0.852075 -1 -0.618782 -0.669446 -0.454928 -0.595578 0.00553644 -0.0573902 -0.775175 -1 -0.777247 -0.611195 -0.901419 0.088019 -1 -1 -1 -0.249933 -1 0.812752 0.232069 -0.930201 -0.859454 -1 -1 -0.0985167 -0.70859 0.0486584 -0.859798 0.196528 -0.89659 -1 0.279415 0.618558 -1 -1 0.567205 0.0635716 -1 -1 -0.125457 -1 -0.273008 -0.470169 0.519228 -1 -0.211301 -0.618199 -0.307379 -0.89553 0.626435 -1 0.358171 -0.832759 -0.490397 -0.809271 -0.723502 -0.440444 -0.592562 -0.661516 0.379986 -1 -0.132408 -0.634627 -0.60437 -1 -0.688185 -0.765186 -0.902805 -0.814351 -1 -0.0899134 -0.120733 -0.230099 -0.0392138 -1 -0.168458 -1 -0.237833 0.74133 -0.242317 0.492442 -0.615686 0.689765 -1 -0.0135816 -0.233464 -1 0.441194 -1 -0.801119 -0.265627 -1 -1 0.548284 -1 0.000217021 -0.132132 0.138381 -1 -1 -1 -1 -0.806484 -0.541215 0.981684 -1 0.0657066 -1 -1 -0.658019 -0.764762 1 0.729764 -0.100539 -0.0485991 0.707501 -0.462328 0.322509 -1 
0.323441 0.551406 -0.344373 -1 0.753796 -1 -0.981673 0.737674 -0.40204 -1 -0.932913 -0.0602494 -1 -0.221545 0.309346 0.740097 -0.662339 -0.366879 0.852075 -1 -0.618782 -0.377878 -0.454928 -0.595578 -0.385909 0.667642 -0.775175 -1 -0.777247 -0.708366 -0.639303 0.088019 -1 -1 -0.543585 -0.0602636 -0.832727 0.812752 0.232069 -0.417933 -0.498833 -0.00863644 -1 -0.0692701 -0.70859 0.124736 -1 0.196528 -0.89659 -1 -0.190386 0.738441 -1 -0.977212 0.567205 0.838739 -1 -1 -0.125457 -0.930752 -0.374671 -0.470169 0.473116 -1 -0.211301 -0.618199 -0.443085 -0.733256 0.176201 -1 0.256817 -0.529471 -0.490397 -0.809271 0.228557 -0.562464 -0.592562 -0.497879 0.379986 -1 -0.132408 -0.140436 -0.21647 -0.993302 -0.291456 -0.765186 -0.902805 -0.814351 -0.897996 -0.0899134 -0.120733 -0.135263 -0.0392138 -0.649866 -0.487281 -0.844419 -0.237833 0.74133 -0.607071 0.492442 -0.615686 0.598096 -1 -0.0135816 -0.233464 -1 0.72774 -0.945393 -0.801119 0.0805453 -1 -0.812813 0.548284 -1 0.000217021 -0.132132 0.138381 -1 -1 -1 -1 -1 -0.494754 0.701649 -0.518316 -0.0573507 -1 -0.956083 -0.658019 -1 1 0.729764 -0.106797 -0.115266 0.207018 -0.462328 0.684642 -0.940527 
0.302695 0.551406 -0.232019 -0.881694 0.753796 -1 -0.981673 0.737674 -0.430496 -1 -0.932913 -0.161042 -1 -0.499667 0.309346 0.545881 -0.662339 -0.44306 0.517273 -1 -0.618782 -0.248546 -0.454928 -0.487994 0.00553644 0.270731 -1 -1 -0.777247 -0.611195 -1 0.088019 -1 -1 -1 -0.0550839 -0.846368 0.878917 0.232069 -0.417933 -0.12534 0.373507 -1 0.208333 -0.756738 0.124736 -0.746247 0.196528 -0.89659 -0.839739 0.279415 0.199399 -1 -1 0.567205 0.946653 -1 -1 -0.298822 -0.930752 -0.374671 -0.470169 0.324154 -1 -0.211301 -0.841575 -0.443085 -0.630757 0.626435 -1 0.256817 -0.241803 -0.490397 -0.809271 -0.204302 -0.562464 -0.592562 -0.0904289 0.379986 -1 -0.508323 -0.140436 -0.21647 -0.993302 -0.291456 -0.765186 -0.902805 -0.814351 -1 -0.0899134 -0.120733 0.108888 -0.0392138 -0.612776 -0.294568 -1 -0.237833 0.734724 -0.242317 0.492442 -0.615686 0.593237 -1 -0.13055 -0.233464 -1 0.72774 -0.945393 -0.801119 0.0805453 -1 -0.812813 0.548284 -1 0.000217021 -0.23569 0.0131219 -1 -1 -0.98166 -1 -1 -0.72653 0.965543 -0.518316 -0.0573507 -1 -1 -1 -0.764762 1 0.729764 0.104254 -0.115266 0.707501 -0.462328 0.571046 -1 
0.154317 -0.399333 -1 -0.881694 0.753796 -1 -0.981673 0.737674 -0.40204 -0.361099 -1 -0.161042 -1 -0.221545 0.341977 0.659223 -0.668026 -0.421363 0.653272 -1 -0.666144 -0.488088 -0.454928 -0.595578 -0.413144 0.667642 -0.775175 -1 -0.777247 -0.653234 -0.751904 0.440062 -0.932389 -1 -0.543585 -1 -0.804986 0.812752 0.232069 -0.417933 -0.12534 0.456126 -1 0.148887 -0.70859 0.124736 -0.957006 -0.122378 -1 -1 -0.253181 0.738441 -1 -1 0.567205 1 -1 -1 -0.125457 -0.930752 -0.374671 -0.470169 0.548446 -1 -0.207857 -0.618199 -0.443085 -0.733256 0.626435 -1 0.256817 -0.241803 -0.490397 -0.809271 0.228557 -1 -0.592562 -0.0131781 0.379986 -1 -0.132408 -0.140436 -0.21647 -0.691055 -0.0313589 -0.765186 -1 -0.742662 -1 -0.0899134 -0.258342 0.108888 -0.318708 -0.612776 -1 -1 -0.237833 0.604867 -0.242317 0.492442 -0.615686 0.689765 -1 -0.919777 -0.624968 -1 0.72774 -1 -0.801119 0.0805453 -1 -0.604302 0.548284 -1 0.000217021 -0.359799 0.138381 -1 -1 -1 -1 -1 -0.494754 0.965543 -0.774 -0.0573507 -1 -0.956083 -1 -0.764762 1 0.729764 0.366286 -0.115266 0.707501 -0.127325 0.684642 -1 
0.154317 0.551406 -0.344373 -0.881694 0.679173 -1 -0.981673 0.737674 -0.452727 -0.657807 -0.932913 -0.161042 -1 -0.221545 0.309346 0.439934 -0.77086 -0.468247 0.852075 -1 -0.618782 -0.651751 -0.454928 -0.595578 0.00553644 -0.0573902 -0.775175 -1 -0.777247 -0.611195 -0.901419 0.088019 -1 -1 -1 -0.249933 -1 0.794511 0.232069 -0.930201 -0.859454 -1 -1 -0.0985167 -0.70859 0.0486584 -0.859798 0.196528 -0.89659 -1 0.279415 0.598014 -1 -1 0.567205 0.0635716 -1 -1 -0.125457 -0.977333 -0.273008 -0.470169 0.519228 -1 -0.211301 -0.618199 -0.307379 -0.89553 0.626435 -1 0.358171 -0.832759 -0.490397 -0.809271 -0.871818 -0.440444 -0.790741 -0.661516 0.379986 -1 -0.132408 -0.634627 -0.60437 -1 -0.688185 -0.765186 -0.902805 -0.814351 -1 -0.0899134 -0.120733 -0.230099 -0.0392138 -1 -0.168458 -1 -0.237833 0.74133 -0.242317 0.492442 -0.615686 0.689765 -1 -0.0135816 -0.233464 -1 0.441194 -1 -0.801119 -0.265627 -1 -1 0.548284 -1 0.000217021 -0.132132 0.138381 -1 -1 -1 -1 -0.806484 -0.541215 0.981684 -1 0.0657066 -1 -1 -0.658019 -0.764762 1 0.729764 -0.100539 -0.0485991 0.707501 -0.462328 0.322509 -1 
0.154317 0.551406 -0.344373 -0.881694 1 -1 -1 0.796779 -0.270099 -0.657807 -0.932913 -0.262982 -1 -0.221545 0.309346 0.979084 -0.662339 -0.586406 0.611556 -1 -0.618782 -0.248546 -0.454928 -0.595578 0.00553644 0.667642 -0.775175 -1 -1 -0.781476 -0.639303 0.088019 -1 -1 -1 -1 -0.804986 0.85489 0.232069 -1 -0.791407 0.373507 -1 0.185534 -0.70859 0.124736 -0.677002 0.196528 -0.89659 -1 -0.364493 0.738441 -1 -1 0.597651 0.946653 -1 -1 -0.259224 -0.899812 -0.374671 -0.470169 0.473116 -1 -0.211301 -0.618199 -0.990902 -0.733256 0.626435 -1 0.256817 -0.241803 -0.490397 -1 0.228557 -0.801244 -0.592562 -0.0131781 0.379986 -1 -0.132408 -0.363479 -0.315835 -0.993302 -0.166781 -0.765186 -1 -0.814351 -1 -0.0899134 -0.120733 0.108888 -0.0392138 -0.582763 -1 -1 -0.237833 0.74133 -0.639149 0.492442 -1 -0.335222 -1 -0.0135816 -0.233464 -1 -0.287787 -0.945393 -0.801119 0.0805453 -1 -0.917221 0.5984 -1 0.000217021 -0.132132 0.101059 -1 -1 -1 -1 -1 -0.861955 0.965543 -0.518316 -0.0573507 -1 -0.956083 -0.658019 -0.764762 1 0.729764 0.366286 -0.201958 0.707501 -0.462328 0.684642 -0.940527 
0.154317 0.551406 -0.344373 -0.881694 0.753796 -1 -0.981673 0.737674 -0.452911 -0.647664 -0.932913 -0.161042 -1 -0.168197 0.309346 0.979084 -0.649476 -0.928784 0.852075 -1 -0.618782 -0.248546 -0.454928 -0.595578 0.00553644 0.464968 -0.781882 -1 -0.919967 -1 -0.901419 0.0308647 -1 -1 -0.543585 -0.259295 -0.804986 0.812752 0.232069 -0.434937 -0.326883 -0.430315 -1 -0.789944 -0.70859 0.124736 -0.746247 0.147823 -0.89659 -1 0.279415 0.738441 -1 -1 0.441688 0.946653 -1 -1 -0.125457 -1 -0.374671 -0.60683 0.473116 -1 -0.211301 -0.667216 -0.382035 -0.733256 0.626435 -1 0.256817 -1 -1 -0.809271 0.228557 -0.562464 -0.592562 -0.0131781 0.379986 -1 -0.132408 -0.236698 -0.21647 -1 -0.291456 -0.8059 -0.902805 -1 -1 -0.0899134 -0.120733 0.108888 -0.0392138 -0.612776 -0.294568 -1 -0.980189 0.74133 0.100646 0.452222 -0.615686 0.689765 -1 -0.0135816 -1 -1 0.441194 -0.945393 -0.801119 -0.76967 -1 -0.823594 0.548284 -1 -0.118522 -0.132132 0.0867968 -1 -1 -1 -1 -1 -0.411277 0.965543 -1 -0.0573507 -1 -0.956083 -0.658019 -0.764762 1 0.729764 0.366286 -0.115266 0.707501 -0.462328 0.684642 -0.940527 
0.154317 -0.51198 -0.344373 -0.904503 0.753796 -1 -0.981673 0.737674 -0.40204 -0.657807 -0.932913 -0.161042 -1 -0.235402 0.309346 0.979084 -0.662339 -0.366879 0.852075 -1 -0.618782 -0.248546 -0.454928 -0.595578 0.00553644 0.667642 -0.875815 -1 -1 -0.611195 -0.639303 0.088019 -1 -1 -0.676133 -0.0602636 -0.804986 0.249736 -0.198045 -0.417933 -0.12534 -0.246526 -1 0.185534 -0.70859 0.124736 -0.746247 0.196528 -0.89659 -1 0.245342 0.738441 -1 -1 -0.445891 0.946653 -1 -1 -0.125457 -1 -0.374671 -0.868961 0.423817 -1 -0.211301 -1 -0.443085 -0.733256 0.626435 -1 0.256817 -0.241803 -0.490397 -0.809271 0.228557 -0.562464 -1 -0.0131781 -0.0276787 -0.871307 -0.132408 -0.140436 -0.21647 -1 -0.291456 -0.765186 -1 -0.814351 -1 -0.0899134 -0.120733 0.108888 -0.0392138 -0.612776 -0.294568 -1 -0.237833 0.74133 0.00487283 0.492442 -0.615686 0.692883 -1 -0.0135816 -0.471028 -1 0.72774 -0.916665 -0.801119 0.0805453 -1 -0.517781 0.525465 -1 -0.0762049 -0.132132 0.138381 -1 -1 -1 -1 -0.83305 -0.233625 0.869665 -1 -0.0573507 -1 -1 -0.658019 -1 1 0.729764 0.366286 -0.115266 -0.405134 -0.222625 0.684642 -0.940527 
0.154317 0.551406 -0.344373 -0.881694 0.47432 -1 -0.981673 0.737674 -0.40204 -1 -0.932913 -0.161042 -1 -0.221545 0.309346 0.979084 -0.662339 -0.366879 0.852075 -1 -0.618782 -0.248546 -0.454928 -0.595578 -0.751806 0.667642 -0.54448 -1 -0.777247 -0.611195 -1 0.0212589 -1 -1 -0.543585 -0.0602636 -1 0.812752 0.232069 -0.417933 -1 0.373507 -1 0.185534 -0.70859 0.124736 -0.890539 0.196528 -0.89659 -1 0.279415 0.738441 -1 -1 0.567205 0.946653 -1 -1 -0.125457 -0.930752 -1 -0.548572 0.473116 -1 -0.211301 -0.618199 -0.443085 -0.733256 0.626435 -1 0.256817 -0.241803 -0.490397 -0.809271 0.228557 -0.562464 -0.592562 -0.447262 0.379986 -1 -0.132408 -0.142089 -0.21647 -0.993302 -0.161681 -0.765186 -0.902805 -0.814351 -1 -0.0899134 -0.120733 0.108888 -0.0392138 -0.612776 -0.294568 -1 -0.747963 0.74133 -0.509125 0.218431 -0.615686 0.74566 -1 -0.0135816 -0.233464 -1 0.72774 -0.945393 -0.801119 0.0805453 -1 -0.571785 0.136376 -0.673395 -0.0470595 -0.132132 -0.57977 -1 -1 -1 -1 -1 -1 0.965543 -0.177087 -0.0573507 -1 -0.956083 -0.658019 -0.764762 0.948869 0.740647 0.51372 -0.115266 0.0910334 -0.302327 0.684642 -0.940527 
-0.667276 -0.0849542 0.400928 0.800487 -0.0423886 0.761115 -0.180715 -0.816261 0.350863 -0.461292 0.98533 0.416558 -0.229298 0.182586 -0.213115 -0.0190709 -0.635737 0.235679 -0.0236636 0.284462 -0.728284 -0.706652 -0.0144176 -0.994965 0.531167 -0.680742 0.310119 0.851419 -0.877957 0.891841 0.0436794 0.264834 -0.0652139 0.196427 0.662449 0.33506 0.0433922 0.263435 0.671326 0.689679 -0.0483085 0.136389 0.192274 0.503073 0.452654 -0.864686 0.851089 0.941392 -0.0333489 -0.934268 0.122166 -0.957877 0.520367 0.293327 -0.132348 -0.97417 -0.610059 -0.648335 -0.996804 -0.195636 -0.521868 -0.785984 0.918375 -0.997978 0.933572 -0.66276 0.942784 0.515989 -0.154084 -0.675803 0.441825 0.521136 0.661557 -0.228518 0.500216 -0.689838 0.71952 -0.547364 0.982292 -0.7091 -0.669326 0.0495367 0.484662 -0.513985 0.668967 0.11249 0.760538 -0.312262 0.645946 -0.411958 -0.101306 0.593751 -0.988561 -0.929563 -0.239481 0.640288 0.733382 0.460529 0.206929 0.522759 -0.74601 0.693143 -0.59857 0.430764 0.229634 0.423998 -0.675446 0.707601 0.840524 0.831324 -0.00475156 -0.00320584 -0.505874 -0.1913 -0.943624 0.460888 0.422288 -0.589959 0.855836 0.34289 0.920562 0.45338 0.158752 0.528767 0.376901 0.467094 0.24522 0.415264 0.24146 0.831353 -0.381441 0.691736 0.159976 0.795987 0.767972 -0.941933 -0.382934 -0.0275683 
-1 -0.274383 -0.64056 -1 0.822977 -1 -0.635428 -1 -1 -1 -0.831607 -1 -1 -0.545351 -0.759118 -0.104224 -0.735729 -0.366879 0.852075 -1 -0.477406 -1 -0.297688 -1 -1 0.603589 -0.60501 -1 -1 -1 -1 -0.0193492 -1 -1 -0.864756 0.433931 -0.896077 1 0.291211 -0.0448978 -1 0.373507 -1 -0.825782 -0.892283 -0.266926 -1 0.196528 -1 -1 -0.0635945 0.945033 -1 -1 0.631773 0.60601 -1 -1 -0.575207 -1 -1 -1 -0.541722 -1 -0.45528 -0.634261 -0.309586 -0.685459 0.626435 -1 0.256817 -0.847699 -0.490397 -0.496956 -0.71776 -1 -1 -0.880971 -0.79948 -0.771784 -0.132408 -0.262525 0.11851 -0.993302 0.0829311 -0.65652 -1 -1 -1 0.267735 -0.106174 -0.0819071 -0.187037 -0.612776 -0.327018 -1 -0.0635484 1 -0.242317 0.492442 -0.615686 0.462906 -1 -0.732471 -1 -1 -0.263981 -1 -0.7417 0.0805453 -1 -0.494745 0.478939 -0.708134 -0.127962 -0.433502 -0.452613 -1 -1 -1 -1 -1 -1 0.965543 -1 0.329008 -1 -1 -1 -1 1 0.695364 0.366286 -0.115266 0.707501 -1 0.677547 -0.940527 
0.154317 0.551406 -0.308645 -1 0.275584 -1 -1 0.598051 -0.248486 -1 -0.932913 -0.161042 -1 -0.221545 0.301092 0.979084 -0.75325 -0.414099 0.852075 -1 -0.451793 -0.248546 -0.454928 -0.595578 -1 0.63784 -0.54448 -1 -1 -0.611195 -1 0.0212589 -1 -1 -0.34371 -0.0602636 -1 0.812752 0.147757 -0.417933 -1 -0.168467 -1 0.194749 -0.70859 0.124736 -0.890539 0.196528 -0.941049 -0.877216 0.279415 0.738441 -1 -1 0.567205 0.946653 -1 -1 -0.125457 -1 -1 -0.548572 0.5009 -1 -0.896593 -0.927262 -0.443085 -0.494245 0.633766 -1 -0.759977 -0.241803 -0.490397 -0.809271 -0.402294 -0.562464 -0.592562 -0.447262 -0.237136 -1 -0.132408 -0.142089 -0.21647 -0.993302 -0.161681 -0.765186 -1 -0.87927 -0.711777 -0.0899134 -0.120733 -0.613125 -0.0392138 -0.733174 -0.294568 -0.780634 -0.747963 0.709677 -0.509125 0.218431 -0.615686 0.74566 -1 -0.0135816 -0.233464 -1 0.71461 -0.945393 -0.801119 0.0805453 -1 -0.571785 0.200829 -0.673395 -0.0470595 -0.132132 -0.57977 -1 -1 -1 -1 -1 -1 0.965543 -0.177087 0.137707 -1 -0.956083 -0.658019 -0.744715 0.948869 0.740647 -0.0642209 -0.115266 0.0910334 -0.302327 0.516605 -1 
0.154317 -0.51198 -0.344373 -0.904503 0.753796 -1 -0.981673 0.737674 -0.40204 -0.657807 -0.923599 -0.161042 -1 -0.235402 0.309346 0.979084 -0.662339 -0.366879 0.852075 -1 -0.618782 -0.248546 -0.454928 -0.595578 0.00553644 0.667642 -0.875815 -1 -0.977346 -0.611195 -0.639303 0.088019 -1 -1 -0.676133 -0.0602636 -0.804986 0.249736 -0.155541 -0.417933 -0.12534 -0.246526 -1 0.227592 -0.70859 0.124736 -0.746247 0.196528 -0.89659 -1 0.225227 0.738441 -1 -1 -0.445891 0.946653 -1 -1 -0.125457 -1 -0.374671 -0.855795 0.423817 -1 -0.211301 -1 -0.443085 -0.733256 0.626435 -1 0.256817 -0.279735 -0.490397 -0.809271 0.228557 -0.562464 -1 -0.0131781 -0.0276787 -0.871307 -0.132408 -0.140436 -0.178506 -1 -0.291456 -0.807629 -1 -0.814351 -1 -0.0899134 -0.120733 0.108888 -0.0392138 -0.612776 -0.294568 -1 -0.237833 0.74133 0.00487283 0.492442 -0.615686 0.692883 -1 -0.0135816 -0.471028 -1 0.72774 -0.916665 -0.801119 0.0805453 -1 -0.517781 0.525465 -1 -0.0762049 -0.132132 0.138381 -1 -1 -1 -1 -0.83305 -0.233625 0.869665 -1 -0.0573507 -1 -1 -0.658019 -1 1 0.729764 0.366286 -0.115266 -0.405134 -0.222625 0.684642 -0.940527 
0.154317 -0.51198 -0.344373 -0.904503 0.753796 -1 -0.981673 0.737674 -0.40204 -0.657807 -0.932913 -0.161042 -1 -0.235402 0.309346 0.979084 -0.662339 -0.366879 0.852075 -1 -0.618782 -0.248546 -0.454928 -0.595578 0.00553644 0.667642 -0.875815 -1 -1 -0.611195 -0.639303 0.088019 -1 -1 -0.676133 -0.0602636 -0.830083 0.249736 -0.198045 -0.417933 -0.12534 -0.246526 -1 0.185534 -0.70859 0.124736 -0.746247 0.196528 -0.89659 -1 0.245342 0.738441 -1 -1 -0.445891 0.946653 -1 -1 -0.125457 -1 -0.374671 -0.868961 0.423817 -1 -0.211301 -1 -0.443085 -0.733256 0.626435 -1 0.256817 -0.241803 -0.490397 -0.809271 0.228557 -0.562464 -1 -0.0131781 -0.0276787 -0.871307 -0.132408 -0.140436 -0.21647 -1 -0.291456 -0.765186 -1 -0.814351 -1 -0.0899134 -0.120733 0.108888 -0.0392138 -0.612776 -0.294568 -1 -0.223312 0.74133 0.00487283 0.458498 -0.615686 0.692883 -1 -0.0135816 -0.471028 -1 0.72774 -0.916665 -0.855073 0.0805453 -1 -0.517781 0.525465 -1 -0.0762049 -0.132132 0.138381 -1 -0.988285 -1 -1 -0.83305 -0.233625 0.869665 -1 -0.0573507 -1 -1 -0.658019 -1 1 0.729764 0.366286 -0.115266 -0.405134 -0.222625 0.684642 -0.940527 
0.0219563 0.433919 -0.344373 -1 0.753796 -0.9814 -0.933835 -0.50088 -0.173358 -0.657807 -1 -0.161042 -1 -0.601673 0.309346 0.501582 -1 -0.366879 0.852075 -1 -0.383467 -0.280249 -0.656593 -0.595578 -0.086488 0.657798 -0.525478 -1 -0.777247 -1 -1 -0.04636 -1 -1 -1 0.200715 -0.804986 0.812752 0.22472 -0.413017 -0.156253 -0.219048 -1 0.185534 -0.70859 0.0836392 -0.987551 0.196528 -0.983632 -0.982198 0.279415 0.720532 -1 -1 0.567205 0.770293 -1 -1 0.188555 -0.930752 -0.374671 -0.954452 0.473116 -1 -0.211301 -0.429669 -1 -1 0.582427 -1 0.223976 -0.241803 -0.490397 -0.94376 0.228557 -0.983115 -1 -0.0131781 -0.750914 -1 0.205373 -0.226536 -1 -1 -0.790726 -1 -0.902805 -1 -1 -0.0944754 -0.120733 0.108888 -0.683652 -0.82505 -0.318516 -1 -0.385859 0.752716 0.0103523 -0.0219254 -0.615686 0.689765 -1 -0.120579 -0.332138 -1 0.634359 -1 -0.801119 0.0805453 -0.998773 -0.812813 0.548284 -1 0.000217021 -0.132132 0.0650604 -1 -1 -1 -1 -0.710088 -1 0.965543 -0.379222 -0.0573507 -0.616017 -0.959199 -0.79144 -0.534897 1 0.729764 0.366286 -0.255152 0.707501 -1 -0.270319 -0.872223 
0.154317 0.551406 -0.343077 -0.834553 0.47432 -1 -0.981673 0.737674 -0.40204 -1 -0.932913 -0.161042 -1 -0.221545 0.309346 0.979084 -0.662339 -0.344862 0.852075 -1 -0.618782 -0.248546 -0.454928 -0.595578 -0.751806 0.667642 -0.54448 -1 -0.777247 -0.634053 -1 0.0212589 -1 -1 -0.543585 -0.0602636 -1 0.812752 0.278381 -0.417933 -1 0.373507 -1 0.185534 -0.70859 0.124736 -0.890539 0.196528 -0.89659 -1 0.279415 0.738441 -1 -1 0.567205 0.946653 -1 -1 -0.125457 -0.930752 -1 -0.548572 0.509934 -1 -0.243956 -0.618199 -0.443085 -0.733256 0.626435 -1 0.215781 -0.241803 -0.490397 -0.852592 0.228557 -0.562464 -0.592562 -0.442285 0.379986 -1 -0.132408 -0.142089 -0.21647 -0.993302 -0.161681 -0.765186 -0.902805 -0.814351 -1 -0.0899134 -0.120733 0.108888 -0.0392138 -0.612776 -0.294568 -1 -0.747963 0.634148 -0.509125 0.218431 -0.615686 0.74566 -1 -0.131407 -0.233464 -1 0.72774 -0.945393 -0.801119 0.0805453 -1 -0.571785 0.136376 -0.673395 -0.0470595 -0.132132 -0.57977 -1 -1 -1 -1 -1 -1 0.965543 -0.177087 -0.107436 -1 -0.956083 -0.658019 -0.764762 0.948869 0.740647 0.51372 -0.115266 0.0910334 -0.302327 0.684642 -0.940527 
-0.363767 -0.274383 -0.612691 -1 0.736966 -0.987032 -0.635428 -1 -1 -1 -0.831607 -1 -0.48187 -0.545351 -0.759118 -0.104224 -0.662339 -0.366879 0.852075 -1 -0.550029 -0.248546 -0.345154 -1 -1 0.877126 -1 -1 -0.69903 -0.611195 -1 -0.0193492 -0.617164 -0.981944 -1 0.433931 -1 0.488515 0.52211 -0.417933 -0.189837 0.373507 -1 -1 -0.665369 -0.428629 -1 0.134061 -0.962306 -1 0.296835 0.738441 -1 -1 0.631773 -0.377172 -0.976087 -1 -0.651333 -1 -1 -1 -0.541722 -0.613665 -0.45528 -1 -0.309586 -1 0.626435 -1 0.256817 -0.241803 -0.490397 -0.534361 -0.71776 -1 -1 -0.880971 -0.869306 -0.965584 -0.209998 -0.346627 0.11851 -1 0.0829311 -0.65652 -1 -1 -1 -0.17742 -0.977858 0.235169 -0.187037 -0.612776 -0.327018 -1 -0.524976 0.971852 -0.242317 0.511416 -0.615686 -0.706314 -1 -1 -1 -1 0.410422 -1 -0.805129 0.0805453 -1 -0.486112 -0.150034 -0.708134 -0.140718 -0.433502 -0.330138 -1 -1 -0.951636 -1 -1 -1 0.965543 -0.981666 0.329008 -1 -0.993512 -1 -1 1 0.695364 -0.117037 -0.132211 0.26793 -1 0.700307 -1 
0.154317 0.551406 -0.343077 -0.834553 0.47432 -1 -0.981673 0.737674 -0.40204 -1 -0.932913 -0.161042 -1 -0.221545 0.309346 0.979084 -0.662339 -0.344862 0.852075 -1 -0.618782 -0.248546 -0.454928 -0.595578 -0.751806 0.667642 -0.54448 -1 -0.777247 -0.634053 -1 0.0212589 -1 -1 -0.543585 -0.0602636 -1 0.812752 0.278381 -0.417933 -1 0.373507 -1 0.185534 -0.70859 0.124736 -0.890539 0.196528 -0.89659 -1 0.279415 0.738441 -1 -1 0.567205 0.946653 -1 -1 -0.125457 -0.930752 -1 -0.548572 0.509934 -1 -0.243956 -0.618199 -0.443085 -0.733256 0.626435 -1 0.215781 -0.327787 -0.490397 -0.852592 0.228557 -0.562464 -0.592562 -0.442285 0.379986 -1 -0.132408 -0.142089 -0.21647 -0.993302 -0.161681 -0.765186 -0.902805 -0.814351 -1 -0.0899134 -0.120733 0.108888 -0.0392138 -0.612776 -0.294568 -0.969172 -0.747963 0.634148 -0.509125 0.218431 -0.615686 0.74566 -1 -0.131407 -0.233464 -1 0.72774 -0.945393 -0.801119 0.0805453 -0.974673 -0.571785 -0.00201415 -0.673395 -0.178778 -0.132132 -0.57977 -1 -1 -1 -1 -1 -1 0.965543 -0.177087 -0.107436 -1 -0.956083 -0.658019 -0.764762 0.948869 0.740647 0.51372 -0.115266 0.0910334 -0.302327 0.684642 -0.940527 
0.24179 0.551406 -0.344373 -0.881694 0.753796 -1 -0.981673 0.737674 -0.40204 -0.657807 -0.932913 -0.161042 -1 -0.221545 0.309346 0.979084 -0.662339 -0.366879 0.852075 -1 -0.618782 -0.248546 -0.454928 -0.514683 -0.132489 0.667642 -0.775175 -1 -0.777247 -1 -0.639303 0.088019 -1 -1 -0.543585 -0.432188 -0.804986 0.81786 0.232069 -0.417933 -0.227078 0.373507 -1 0.185534 -0.70859 0.124736 -0.746247 0.196528 -0.89659 -1 0.279415 0.738441 -1 -1 0.567205 0.946653 -1 -1 -0.125457 -0.930752 -0.374671 -0.470169 0.473116 -1 -0.211301 -0.618199 -0.443085 -0.733256 -0.0717984 -1 0.256817 -0.241803 -0.490397 -0.809271 0.228557 -0.713632 -0.592562 -0.0131781 0.379986 -1 -0.132408 -0.140436 -0.21647 -0.993302 -0.0648527 -1 -0.902805 -0.814351 -1 -0.150391 -0.120733 -0.455677 -0.0392138 -0.612776 -0.294568 -1 -0.237833 0.74133 -0.242317 0.492442 -0.615686 0.689765 -1 -0.233002 -0.233464 -1 0.72774 -0.945393 -0.801119 0.0805453 -1 -0.812813 0.441388 -1 0.000217021 -0.132132 0.138381 -1 -1 -1 -1 -1 -0.428137 0.965543 -0.686785 -0.0573507 -1 -1 -0.658019 -1 1 0.729764 -0.145711 -0.115266 0.707501 -0.52419 0.684642 -0.940527 
0.0223884 0.551406 -0.343077 -0.834553 0.47432 -1 -0.981673 0.737674 -0.40204 -1 -0.932913 -0.161042 -1 -0.221545 0.309346 0.9327 -0.662339 -0.344862 0.852075 -1 -0.618782 -0.248546 -0.454928 -0.595578 -0.751806 0.667642 -0.54448 -1 -0.777247 -0.634053 -1 0.0212589 -1 -1 -0.543585 -0.0602636 -1 0.812752 0.278381 -0.501891 -1 0.373507 -1 0.185534 -0.70859 0.124736 -0.890539 0.196528 -0.89659 -1 0.279415 0.602547 -1 -1 0.567205 0.946653 -1 -1 -0.125457 -0.930752 -1 -0.548572 0.509934 -1 -0.339228 -0.618199 -0.443085 -0.733256 0.585492 -1 0.215781 -0.241803 -0.490397 -0.852592 0.228557 -0.562464 -0.592562 -0.442285 0.379986 -1 -0.132408 -0.142089 -0.21647 -0.993302 -0.196681 -0.765186 -0.902805 -0.814351 -1 -0.115906 -0.223926 0.108888 -0.0392138 -0.612776 -0.294568 -1 -0.747963 0.61397 -0.509125 0.218431 -0.615686 0.74566 -1 -0.131407 -0.233464 -1 0.72774 -0.945393 -0.801119 0.0805453 -1 -0.571785 0.136376 -0.673395 -0.0470595 -0.14017 -0.57977 -1 -1 -1 -1 -1 -1 0.965543 -0.177087 -0.107436 -1 -0.956083 -0.658019 -0.764762 0.948869 0.740647 0.51372 -0.115266 0.0910334 -0.302327 0.684642 -0.940527 
