-0.67521 0.375633 -0.0811964 -0.366191 -1 -0.674255 -0.820094 0.558639 0.913694 -1 0.0329033 0.310807 -0.297439 0.392768 -0.418667 -1 -0.873988 0.552478 -0.701565 -0.884686 0.1165 -1 0.573726 -0.610678 -1 -1 -1 1 0.0295241 0.539467 0.265072 0.735368 -1 -1 -0.153908 -1 0.397435 -0.424584 -1 -0.456648 -0.780887 -1 -0.28634 -0.839109 -1 -1 -0.991672 -1 -1 -0.690559 0.445021 -0.788254 0.566036 -0.0275038 0.32105 -0.802819 -0.71585 -1 -0.662 -0.188041 -1 -1 -0.404026 -0.978114 -1 0.695036 -0.934784 -0.950985 -0.311305 -0.866849 -0.0366379 0.124584 -0.193951 -0.756921 -0.0594934 0.0608172 -1 -0.665852 0.354404 0.347454 -0.542524 -1 -0.136595 -1 0.658631 0.466262 -0.111079 -0.742493 -1 1 0.114779 -1 0.588619 -0.351941 0.180462 -1 0.625559 -1 -1 -0.11676 -1 -0.0882215 0.528195 -1 -0.778721 -0.136279 0.509264 -1 1 0.234728 -0.344883 0.742085 -1 0.925983 -0.465289 -0.972384 -1 -0.141236 -0.880821 -0.372545 0.157079 -1 -1 -1 -0.361788 0.337083 -0.218097 0.244706 0.771447 -0.474299 0.160364 -0.47332 0.266071 -0.382541 0.487467 -0.404822 0.631573 0.895212 
-0.67521 0.375633 -0.0811964 -0.366191 -1 -0.674255 -0.820094 0.558639 0.913694 -1 0.0329033 0.310807 -0.297439 0.392768 -0.418667 -1 -0.873988 0.552478 -0.701565 -0.884686 0.1165 -1 0.573726 -0.610678 -1 -1 -1 1 0.0295241 0.539467 0.265072 0.735368 -1 -1 -0.153908 -1 0.397435 -0.424584 -1 -0.456648 -0.780887 -1 -0.28634 -0.839109 -1 -1 -0.991672 -1 -1 -0.690559 0.445021 -0.788254 0.566036 -0.0275038 0.32105 -0.802819 -0.71585 -1 -0.662 -0.188041 -1 -1 -0.404026 -0.978114 -1 0.695036 -0.934784 -0.950985 -0.311305 -0.866849 -0.0366379 0.124584 -0.193951 -0.756921 -0.0594934 0.0608172 -1 -0.665852 0.354404 0.347454 -0.542524 -1 -0.136595 -1 0.658631 0.466262 -0.111079 -0.742493 -1 1 0.114779 -1 0.588619 -0.351941 0.180462 -1 0.625559 -1 -1 -0.11676 -1 -0.0882215 0.528195 -1 -0.778721 -0.136279 0.509264 -1 1 0.234728 -0.344883 0.742085 -1 0.925983 -0.465289 -0.972384 -1 -0.141236 -0.880821 -0.372545 0.157079 -1 -1 -1 -0.361788 0.337083 -0.218097 0.244706 0.771447 -0.474299 0.160364 -0.47332 0.266071 -0.382541 0.487467 -0.404822 0.631573 0.895212 
-0.67521 0.375633 -0.0811964 -0.366191 -1 -0.674255 -0.820094 0.558639 0.913694 -1 0.0329033 0.310807 -0.608172 0.392768 -0.418667 -1 -0.873988 0.552478 -0.701565 -0.884686 0.1165 -1 0.529013 -0.610678 -1 -1 -1 1 0.0295241 0.383088 0.265072 0.735368 -1 -1 -0.153908 -1 0.397435 -0.424584 -1 -0.456648 -0.780887 -1 -0.28634 -0.839109 -1 -1 -0.991672 -1 -1 -0.690559 -0.1964 -0.788254 0.566036 0.137097 0.32105 -0.802819 -0.71585 -1 -1 -0.188041 -1 -0.991104 -0.404026 -0.978114 -1 0.837662 -0.934784 -0.950985 -0.311305 -0.866849 -0.0366379 0.124584 -0.193951 -0.756921 -0.0594934 0.136826 -1 -0.665852 0.354404 0.347454 -0.542524 -1 -0.714782 -1 0.658631 -0.473335 -0.111079 -0.742493 -1 1 0.114779 -1 0.588619 -0.351941 0.180462 -1 0.625559 -0.764216 -1 -0.11676 -1 -0.0882215 0.528195 -1 -0.778721 -0.136279 0.509264 -1 1 0.234728 -0.344883 0.742085 -1 0.925983 -0.465289 -0.972384 -1 -0.141236 -0.880821 -0.372545 0.157079 -1 -1 -1 -0.132533 0.337083 -0.218097 0.244706 0.771447 -0.474299 -0.606578 -0.47332 0.266071 -0.382541 0.487467 -0.776759 0.631573 0.895212 
-0.67521 0.375633 -0.0811964 -0.366191 -1 -0.674255 -0.820094 0.558639 0.913694 -1 0.0329033 0.310807 -0.608172 0.392768 -0.418667 -1 -0.873988 0.552478 -0.701565 -0.884686 0.1165 -1 0.529013 -0.610678 -1 -1 -1 1 0.0295241 0.383088 0.265072 0.735368 -1 -1 -0.153908 -1 0.397435 -0.424584 -1 -0.456648 -0.780887 -1 -0.28634 -0.839109 -1 -1 -0.991672 -1 -1 -0.690559 -0.1964 -0.788254 0.566036 0.137097 0.32105 -0.802819 -0.71585 -1 -1 -0.188041 -1 -0.991104 -0.404026 -0.978114 -1 0.837662 -0.934784 -0.950985 -0.311305 -0.866849 -0.0366379 0.124584 -0.193951 -0.756921 -0.0594934 0.136826 -1 -0.665852 0.354404 0.347454 -0.542524 -1 -0.714782 -1 0.658631 -0.473335 -0.111079 -0.742493 -1 1 0.114779 -1 0.588619 -0.351941 0.180462 -1 0.625559 -0.764216 -1 -0.11676 -1 -0.0882215 0.528195 -1 -0.778721 -0.136279 0.509264 -1 1 0.234728 -0.344883 0.742085 -1 0.925983 -0.465289 -0.972384 -1 -0.141236 -0.880821 -0.372545 0.157079 -1 -1 -1 -0.132533 0.337083 -0.218097 0.244706 0.771447 -0.474299 -0.606578 -0.47332 0.266071 -0.382541 0.487467 -0.776759 0.631573 0.895212 
-0.67521 0.375633 0.0306104 -0.366191 -1 -0.674255 -0.820094 0.408396 0.913694 -0.664742 0.0329033 0.413454 -0.710619 0.392768 -1 -1 -0.79428 0.552478 -0.701565 -0.884686 0.1165 -1 0.573726 -0.610678 -1 -1 -1 1 0.0295241 0.539467 -0.503651 0.735368 -1 -1 -0.756682 -1 0.397435 -1 -1 -0.456648 -0.686414 -1 -0.28634 -0.839109 -1 -1 -0.991672 -1 -1 -1 0.445021 -0.788254 -0.0621328 -0.0275038 0.32105 -0.802819 -0.71585 -1 -0.662 -0.188041 -1 -1 -1 -0.978114 -1 0.695036 -0.934784 -0.950985 -0.311305 -0.866849 -0.0366379 0.124584 -0.193951 -0.756921 -0.128897 0.227399 -1 -0.665852 -0.629004 0.347454 -0.670642 -1 -0.042424 -1 0.658631 0.466262 -0.111079 -0.742493 -1 0.91 0.114779 -1 0.588619 -0.351941 0.180462 -1 0.625559 -1 -1 0.175637 -1 -0.0882215 0.0988132 -0.853867 -0.778721 -0.136279 0.509264 -0.787072 1 0.234728 -0.344883 0.742085 -1 0.925983 -1 -0.972384 -1 -0.549339 -1 -0.372545 0.157079 -1 -1 -1 -0.361788 0.337083 -0.881392 0.244706 0.421952 -0.702811 0.160364 -1 0.564388 -0.382541 0.487467 -0.404822 0.631573 0.895212 
-0.67521 0.375633 -0.0811964 -0.366191 -1 -0.674255 -0.820094 0.558639 0.913694 -1 0.0329033 0.310807 -0.297439 0.392768 -0.418667 -1 -0.873988 0.552478 -0.701565 -0.884686 0.1165 -1 0.573726 -0.610678 -1 -1 -1 1 0.0295241 0.539467 0.265072 0.735368 -1 -1 -0.153908 -1 0.397435 -0.424584 -1 -0.456648 -0.780887 -1 -0.28634 -0.839109 -1 -1 -0.991672 -1 -1 -0.690559 0.445021 -0.788254 0.566036 -0.0275038 0.32105 -0.802819 -0.71585 -1 -0.662 -0.188041 -1 -1 -0.404026 -0.978114 -1 0.695036 -0.934784 -0.950985 -0.311305 -0.866849 -0.0366379 0.124584 -0.193951 -0.756921 -0.0594934 0.0608172 -1 -0.665852 0.354404 0.347454 -0.542524 -1 -0.136595 -1 0.658631 0.466262 -0.111079 -0.742493 -1 1 0.114779 -1 0.588619 -0.351941 0.180462 -1 0.625559 -1 -1 -0.11676 -1 -0.0882215 0.528195 -1 -0.778721 -0.136279 0.509264 -1 1 0.234728 -0.344883 0.742085 -1 0.925983 -0.465289 -0.972384 -1 -0.141236 -0.880821 -0.372545 0.157079 -1 -1 -1 -0.361788 0.337083 -0.218097 0.244706 0.771447 -0.474299 0.160364 -0.47332 0.266071 -0.382541 0.487467 -0.404822 0.631573 0.895212 
-0.67521 0.0281153 -0.512042 -1 -1 -0.920813 -0.820094 0.722429 0.713321 -1 -1 -0.734397 -0.760195 -0.110467 -0.921562 -1 -0.873988 0.0329335 -1 -1 0.1165 -1 0.22962 -0.610678 -0.858431 -0.712191 -1 1 0.0295241 -0.586214 0.265072 -1 -1 -1 -0.153908 -1 -0.837966 -0.970592 -1 -1 -0.780887 -1 -0.28634 -1 -1 -0.974011 -0.605629 -0.822515 -0.975566 -0.690559 -0.1964 -1 -0.872261 -0.042956 -0.83521 -1 -0.619977 -1 -1 -0.188041 -1 -1 -0.404026 -1 -0.644374 0.147031 -0.934784 -0.950985 -1 -1 -1 0.124584 -1 -1 -0.281766 -0.131779 -1 -1 0.0321705 -0.0381568 -0.76805 -1 -1 -1 -0.263009 -0.473335 -1 -0.702854 -0.814726 1 -0.257824 -1 0.588619 -0.293997 -0.339019 -1 0.770327 -0.552224 -0.946643 -0.11676 -1 -1 0.0270624 -0.60696 -0.637883 -0.0845594 0.621727 -0.79862 0.744298 0.658963 -0.344883 -0.143537 -1 0.584705 -0.784533 -1 -1 -0.0139332 -0.826171 -0.345924 -0.806672 -1 -1 -1 -0.132533 -0.368381 -0.648272 -0.136461 0.566023 -0.474299 -1 -0.270004 -0.532226 -0.382541 -0.514243 -1 0.121912 -1 
-0.82139 0.225967 0.00103228 -0.933569 -1 -0.674255 -1 -0.715626 0.913694 -0.842029 -0.882854 -0.714232 -0.247536 -0.508731 -0.418667 -1 -1 0.677696 -1 -1 -0.723722 -1 0.573726 -0.900284 -1 -1 -0.825132 -0.509638 -1 -0.634678 0.265072 -0.369167 -0.695069 -1 -0.840502 -0.779674 -0.00544423 -0.424584 -1 -0.456648 -0.780887 -1 -0.984241 -1 -1 -0.86494 -0.869601 -1 -1 -0.690559 0.445021 -1 0.566036 -0.951043 -0.345593 -0.802819 -0.71585 -1 -1 -0.601015 -1 -0.836884 -0.404026 -0.978114 -1 0.695036 -0.934784 -0.890021 0.101041 -0.866849 -1 0.124584 -0.193951 -1 -0.314891 0.0608172 -0.870235 -0.699849 0.354404 0.347454 -1 -1 -0.136595 -1 0.222441 0.490118 -1 -0.633044 -0.847756 0.347016 -0.00713682 -0.934113 0.588619 -0.351941 -0.560433 -1 -0.375818 -1 -1 -0.11676 -1 -0.543492 0.528195 -1 -0.778721 -0.136279 0.659944 -1 0.744073 0.197715 -0.344883 1 -1 1 -0.820863 -0.972384 -1 -0.357842 -0.880821 0.10509 0.157079 -1 -0.934525 -0.942977 -1 0.337083 -0.218097 -0.630087 -0.480261 -0.474299 -1 -0.47332 0.266071 -0.382541 -1 -0.450866 -0.16347 -0.810494 
-0.67521 0.595657 -0.627617 -0.366191 -1 -0.674255 -0.820094 0.134694 0.913694 -1 -1 0.310807 -0.174251 0.160844 -0.418667 -1 -0.873988 0.552478 -0.701565 -1 0.1165 -1 0.573726 -0.990835 -1 -1 -1 0.864557 -0.541502 0.539467 0.265072 0.735368 -1 -1 -0.173549 -1 0.397435 -0.424584 -0.693073 -0.706473 -0.780887 -1 -1 -1 -1 -1 -0.991672 -1 -0.928365 -0.690559 0.445021 -1 0.566036 -0.0275038 -0.814692 -1 -1 -1 -1 -0.188041 -1 -1 -0.720768 -0.978114 -1 0.385974 -0.934784 -1 -0.311305 -0.866849 -0.0366379 0.124584 0.165761 -0.964067 -0.271125 -0.306978 -1 -0.916404 0.354404 -0.438878 -1 -0.948828 -0.164338 -1 0.381093 0.466262 -1 -0.742493 -1 1 0.114779 -1 0.588619 -0.351941 -0.599099 -1 0.625559 -1 -1 -0.11676 -1 -1 -0.651215 -1 -0.778721 -0.269502 0.509264 -0.911539 1 0.178793 -0.344883 0.235041 -0.730335 0.742774 -0.465289 -0.972384 -0.986605 0.198728 -0.880821 -0.246852 -0.10901 -1 -0.721141 -1 -1 0.337083 -0.5793 0.0234085 0.413408 -1 -0.187673 -0.732243 0.266071 -1 0.487467 -1 0.494642 0.895212 
-0.67521 0.0783209 -0.0811964 -0.641457 -0.615264 -0.674255 -1 0.558639 0.913694 -1 0.0329033 -0.629696 -1 -0.327054 -1 -1 -0.842965 0.552478 -0.968629 -0.879593 0.0650787 -1 0.529013 -0.610678 -1 -1 -1 1 -0.878517 -0.667676 0.265072 0.382236 -1 -1 -1 -1 0.189586 -1 -1 -1 -1 -1 -0.28634 -1 -1 -1 -1 -1 -1 -0.690559 -0.461974 -0.788254 0.566036 -0.485883 0.32105 -0.802819 -0.71585 -1 -1 -0.150781 -1 -0.991104 -0.404026 -0.978114 -1 0.518143 -0.732737 -0.950985 -0.311305 -0.866849 -0.0366379 -0.461331 -0.193951 -0.756921 -0.719051 0.175222 -1 -0.665852 0.0766722 0.728172 -0.542524 -1 -0.714782 -1 -0.250607 -0.473335 -0.111079 -1 -1 0.573775 -0.95547 -1 0.588619 -0.351941 0.0496126 -1 0.625559 -0.764216 -1 -0.11676 -1 -1 0.528195 -0.627655 -0.56873 -0.136279 0.509264 -1 0.939026 0.234728 -0.344883 0.742085 -1 0.925983 -0.315557 -0.972384 -1 -0.141236 -0.880821 -0.372545 0.157079 -1 -1 -1 -0.132533 0.337083 -0.535693 0.244706 0.771447 -0.905448 -1 -0.47332 0.266071 -0.382541 0.82002 -0.776759 0.631573 0.458056 
