0.994873 -0.0727531 0.712142 -1 -0.782073 -0.632546 0.953357 -0.131415 -1 -0.273203 -0.039605 -0.778781 -1 -0.315007 -0.520483 0.573317 0.0352136 -0.164485 -0.448729 0.4733 -0.232575 -0.209464 -1 0.654443 -0.442243 0.557301 -0.688466 -0.562268 -0.268125 -0.316048 0.10968 -0.866394 -0.92144 -1 -0.673702 -1 0.487297 -0.290466 -1 0.478432 -1 0.383297 -0.547248 -1 -0.637069 -0.65659 -0.487157 -0.746795 0.401998 -0.611623 0.107056 0.416923 0.150773 -0.876317 0.64807 -1 -1 -0.267561 -0.911839 0.751887 -0.496818 1 -1 0.194015 -0.968285 0.0428177 -1 -0.800423 -1 0.255163 -1 -0.204064 0.458334 -1 0.667333 0.769231 1 0.0778558 -0.189028 0.439015 0.0348936 -1 -0.732112 -0.920351 -0.990493 -0.957656 -1 -0.641114 -0.323875 -1 0.325006 0.955563 0.254848 0.553759 -0.532894 -1 0.00449979 -0.482454 -1 0.0202542 -1 -1 -0.4924 -0.886969 0.0605687 0.561408 -0.0164219 0.883028 0.431335 -1 -0.787722 -0.559318 -0.698606 -1 -1 -0.147673 -1 -0.0231245 -0.653275 0.00973308 -0.429592 -1 -0.494485 -0.653352 -0.596263 0.861367 -0.822925 -0.0523019 0.148832 -0.295351 -0.571232 -0.0415063 -0.759013 -0.788394 0.007781 0.740873 -1 -1 
0.12677 -1 0.919134 -1 -1 -0.863461 -0.33088 -1 -1 0.80917 -0.599868 -0.835986 -0.818116 0.514131 0.20859 0.620062 0.943304 -1 0.00117621 -0.800433 -1 -1 0.346604 -1 -0.669513 -0.0113124 -1 -0.815338 -0.527802 -0.246546 -0.711414 -1 1 -0.389736 -1 -0.190034 -1 -0.987433 -1 -1 0.5693 -1 -1 0.214505 0.773786 -0.473 0.450636 0.710556 -0.83138 -0.659005 -0.054677 -1 -1 -1 -0.925718 -0.190934 -0.199473 -1 -1 0.923679 -0.930017 -0.530894 -0.81517 -1 0.0220275 0.0703773 -1 -1 -1 -1 -0.618874 -1 -1 -1 -0.701348 -1 -0.50994 -1 -0.144598 -0.927449 -1 -1 0.511925 -1 -0.598615 0.807582 -1 -1 -0.546908 -0.693878 -0.362265 -0.464942 -0.0737915 -1 -0.848852 0.218787 -0.54777 -1 -1 0.464105 -1 -1 -0.702892 -1 -0.822412 -0.825111 -0.607978 0.326961 -0.771239 -0.565915 0.128681 -0.47583 0.366555 -0.869635 0.0724148 -0.628264 -1 -1 -1 0.529034 -1 -1 -0.357247 -1 -1 -0.124454 -1 -0.923075 -1 -1 -1 -0.969108 -1 0.145044 -0.571131 -0.658627 0.390128 -1 
-1 -1 1 -1 -1 0.936099 -1 -0.748426 -1 -0.313363 -1 0.131247 -0.952498 -1 -1 -0.519601 -0.688065 -1 -1 -0.685154 0.652239 -1 -1 -0.637754 -0.642627 -0.968646 -0.882972 -0.65517 -1 -0.949514 -0.0572325 -1 -0.954394 -0.573606 -1 -0.758436 -1 -1 -0.891446 -1 -1 -1 -1 -0.9518 -0.137679 -0.498237 -0.909969 -1 -0.749216 -0.521136 -1 -1 -1 -1 -1 -1 -0.300895 -0.697978 -1 -1 -0.37393 -0.7452 -1 -1 -1 -0.81889 -0.44072 -1 -1 -1 -1 -1 -1 -1 0.572335 0.123314 0.0385188 -1 -1 -0.458624 -1 -1 -1 -0.131969 -0.38484 0.612332 -0.799229 -0.929051 -0.523804 0.0105196 0.760378 -0.0704647 -1 -1 -0.908351 -0.202295 -0.272765 0.110195 -1 -1 -0.323354 -1 -1 -0.575267 -1 -0.824229 -1 -1 -0.272832 -1 -0.774097 -1 -0.93503 -1 -1 -1 -0.480144 1 0.257263 0.558201 -0.143821 -1 -0.947712 -1 0.0215898 -0.739308 -0.145676 0.252856 -1 -0.979739 -1 -1 -0.406616 -1 -1 -1 -1 -1 
-1 -1 1 -1 -1 0.936099 -1 -1 -1 -0.313363 -1 0.131247 -0.952498 -1 -1 -0.277843 -0.688065 -1 -1 -0.685154 0.825043 -1 -1 -0.637754 -0.642627 -0.968646 -0.882972 -0.65517 -1 -0.949514 -0.0572325 -1 -0.954394 -0.573606 -1 -0.758436 -1 -1 -0.891446 -1 -1 -1 -1 -1 -0.137679 -0.547166 -0.909969 -1 -1 -0.521136 -1 -1 -1 -1 -1 -1 -0.300895 -0.697978 -1 -1 -0.37393 -0.7452 -1 -1 -1 -0.81889 -1 -1 -1 -0.853393 -0.912593 -1 -1 -1 0.653561 0.502781 0.0385188 -1 -1 -0.458624 -0.841274 -1 -1 -0.131969 -0.38484 0.612332 -0.799229 -0.929051 -0.523804 0.0105196 0.760378 -0.0704647 -1 -1 -0.908351 -0.202295 -0.272765 0.110195 -1 -1 -0.604942 -1 -1 -0.197397 -1 -0.824229 -1 -1 -0.272832 -1 -0.774097 -1 -0.672513 -1 -1 -1 -0.480144 1 -0.357631 0.565812 -1 -1 -0.947712 -1 0.0215898 -0.739308 -0.145676 0.252856 -1 -1 -1 -1 -0.406616 -1 -1 -1 -1 -1 
-0.212515 -0.35343 -1 -1 -1 -1 0.820062 -0.797848 -0.625393 -1 -0.794901 -0.956261 -1 -1 -0.629458 -1 -1 -1 -0.627925 -1 -0.93922 -1 -0.951664 -0.506929 -0.385861 -0.308276 -1 -1 -1 -0.339322 -1 -1 -1 -0.711658 -1 -1 -1 -1 -0.739988 -1 0.680514 -1 -1 0.218247 -1 -0.405596 0.432584 -0.789193 -1 -1 0.671877 -0.883876 -1 -0.882754 -1 -0.91576 -1 -1 -1 -1 -0.16562 -1 0.39843 -1 -0.453353 -1 -0.723418 -1 -0.97873 -1 -1 -1 -0.518588 0.269693 0.849067 -0.85497 -1 -1 -1 -0.341421 -1 -1 0.117165 -1 -0.855961 -0.230203 -0.868638 -0.00447354 -0.365429 -1 -0.709777 -1 -0.871047 -1 -0.678298 -0.831538 -1 -0.0792523 -1 -1 -1 0.477256 -0.460128 -1 -0.513009 -1 -0.727822 -0.827921 -1 -1 -0.792397 -0.743966 -0.470447 -0.796466 -0.947826 -0.0905849 -1 -0.0655388 -1 -1 -1 -0.959223 -1 0.143109 -1 -1 -0.942896 0.207633 -1 -0.882301 -1 -0.98337 -0.898993 -1 -1 -1 -1 -1 
-1 -0.170694 -1 0.360037 0.569298 -0.275869 1 -1 -0.291371 -0.125593 -0.264298 -1 0.0751979 -1 -0.878504 -0.695755 -1 -1 -0.401297 -1 -1 -1 -1 -1 -0.730843 -1 -1 0.191197 -0.6619 0.0844085 -0.598599 -1 0.330514 -0.853971 0.620889 -1 -1 -0.621897 0.610616 -1 -1 -0.179345 -0.837984 -1 0.50932 0.219575 -1 -0.815933 -1 0.512515 -1 -0.758554 -0.736957 -0.384626 -0.277049 -1 -0.971739 -1 -1 -0.566497 -1 0.0673945 -0.815562 -1 -1 -1 -1 -1 -1 -0.991497 0.812087 -1 -0.603597 -1 -1 -1 -0.646433 0.456936 -1 -0.815434 -1 -0.0106257 -1 -1 -0.688266 0.282993 -0.704854 -0.751121 -0.289942 -0.231472 0.16874 -1 0.0401382 -1 -1 -0.83595 -0.299228 -1 -0.915985 -1 -1 -0.600453 -0.37847 -0.20681 0.0603757 -1 -0.911003 -1 -0.918205 0.68565 -1 -0.489176 -0.27326 0.307515 -0.847296 -1 -0.704687 -0.149631 -0.718591 -0.107605 -0.793821 -1 -0.871738 -0.411258 -0.108334 0.927016 -0.69565 -1 -0.710367 -0.882615 -1 -0.563583 -1 -0.916833 -0.888704 0.362568 -1 -0.833252 
-1 0.676973 -0.127016 -0.232748 0.218214 -0.974063 0.495397 0.10731 -0.707532 -0.873315 0.938123 0.587781 0.0749856 0.0473019 -0.58193 -0.963755 -1 -0.56645 -1 -0.462198 -0.862218 -0.944585 -0.994865 -0.720538 -0.986546 0.997341 0.92304 -0.0105503 0.330911 -1 0.369833 -0.0177615 0.282957 0.885497 -0.459892 -1 0.586821 -0.109592 0.790006 0.678528 -0.0398632 0.960263 1 -0.698817 -0.419939 -0.148163 0.913844 -0.470435 -0.428922 -0.161057 -0.636786 -0.655163 0.591375 0.104119 0.941055 0.891988 -0.497191 -0.937229 0.107123 -0.978624 -0.740947 -0.145965 -0.627339 -0.309764 0.425828 0.997759 -1 -1 0.90064 -0.928613 -0.908982 0.226353 0.82925 0.907952 0.497007 -0.957494 -0.995605 -0.561864 -0.673114 -0.372004 -0.311954 -1 -0.460118 -1 -0.21816 0.45304 0.556175 -0.691379 0.880038 -0.141621 0.627223 0.799645 -0.373668 0.308969 -0.192986 -0.537362 0.695039 0.687635 -0.0343438 -0.458948 0.773786 0.549714 0.704616 -0.510021 0.0794789 0.195395 0.506381 -1 -0.504777 0.615716 -0.891377 0.0252826 0.693483 0.802305 0.645072 0.277971 -0.871675 -0.542636 -0.602065 0.691067 -0.309046 -1 -0.356442 -1 0.33001 -0.10099 -0.657078 -0.275947 -0.182198 -0.340621 -0.317022 0.172963 -0.777762 -0.085072 0.841393 -0.961558 -0.11103 -0.866689 
0.12677 -1 0.758315 -1 -1 -0.863461 -0.266214 -1 -1 0.80917 -0.599868 -0.835986 -0.898123 0.514131 0.20859 0.620062 0.943304 -1 0.00117621 -0.800433 -1 -1 -0.0916319 -1 -0.525999 -0.0113124 -1 -0.815338 -0.527802 -0.246546 -0.711414 -1 1 -0.389736 -1 -0.129917 -1 -0.987433 -1 -1 0.5693 -1 -1 0.214505 0.773786 -0.473 0.450636 0.710556 -0.83138 -0.659005 -0.054677 -1 -1 -1 -0.925718 -0.190934 -0.199473 -1 -1 0.923679 -0.930017 -0.530894 -0.81517 -1 0.0220275 0.0703773 -1 -1 -1 -1 -0.618874 -1 -1 -1 -0.701348 -1 -0.50994 -1 -0.144598 -0.927449 -1 -1 0.511925 -1 -0.598615 0.807582 -1 -1 -0.546908 -0.693878 -0.362265 -0.464942 -0.0737915 -1 -0.848852 0.218787 -0.54777 -1 -1 0.464105 -1 -1 -0.702892 -1 -0.822412 -0.825111 -0.607978 0.326961 -0.771239 -0.407649 0.128681 -0.47583 0.366555 -0.869635 0.0724148 -0.628264 -1 -1 -1 0.529034 -1 -1 -0.357247 -1 -1 -0.124454 -1 -0.923075 -1 -1 -1 -0.969108 -1 0.145044 -0.571131 -0.658627 0.390128 -1 
-1 -1 0.405442 -0.461616 -1 -0.729145 -0.889541 -0.89893 -0.204162 -1 -0.832012 0.855649 -0.11636 -1 -1 -0.724077 -1 -1 -1 -1 -0.316215 -1 -1 -0.0696183 -1 -1 0.231501 -1 -1 -1 -1 -1 -1 -1 -0.923219 -0.752934 -1 -0.24696 0.542525 -1 0.153457 -1 -1 -0.841806 -0.921154 -0.50887 -0.748898 -1 -0.168186 -1 -1 -1 -0.332175 -1 -1 0.946205 -1 -0.477357 -1 -0.641497 -1 -0.747193 -0.335629 -1 -0.842924 -1 -0.600067 -1 -1 -1 -0.410841 -1 -0.610433 -1 -1 -0.877866 -1 -1 -1 -0.957591 -1 -1 0.144236 -1 -1 -0.65098 0.0396297 -0.675921 -1 0.193766 -0.140827 -1 -1 -1 -0.832846 -0.261176 -0.454599 -1 -1 -0.696779 -1 -1 -0.878728 -0.806095 -1 -0.525887 -1 -1 -1 -1 -1 -1 0.380841 -1 -0.999024 -0.828755 -1 -0.279401 -1 0.456762 -0.54827 0.624297 -0.623223 -0.897022 0.321068 0.289043 -0.804336 0.439516 -0.0777027 0.0970856 -1 -1 -1 -0.897689 -1 -0.583586 -0.987392 -0.975871 
-1 0.719226 -0.127016 -0.232748 -0.296285 -1 0.0953636 -0.246792 -0.707532 -0.873315 0.938123 -0.378972 -0.0199838 0.0473019 -1 -0.963755 -1 -0.487354 -1 -0.477415 -1 -1 -1 -1 -0.986546 -0.122702 1 -0.084978 0.330911 -1 0.369833 0.0895145 -0.389989 0.278071 -0.459892 -1 0.586821 -0.936641 0.790006 0.0638115 -0.0398632 0.131755 1 -1 -0.35059 0.07959 0.913844 -0.470435 -0.420352 -0.161057 -0.730457 -1 0.656592 0.104119 0.941055 0.432703 -0.497191 -0.937229 0.107123 -1 -1 -0.145965 -0.627339 -0.306701 0.169012 1 -1 -1 0.90064 -0.928613 -1 0.226353 1 0.687377 0.497007 -0.957494 -0.995605 -0.561864 -0.673114 -0.372004 -0.311954 -1 -0.460118 -1 -0.39582 0.45304 0.620022 -0.691379 0.880038 -1 0.222692 0.805251 -0.51122 0.308969 -1 -1 0.845986 0.687635 -0.652677 -0.458948 0.70394 0.432723 0.704616 -0.510021 -0.0787891 0.231032 0.506381 -1 -0.504777 0.950705 -0.891377 -0.883746 -0.471653 0.802305 0.524912 0.277971 -0.843869 -1 -0.914519 -0.173815 0.0621803 -1 -0.49494 -1 0.0696999 -0.35946 -0.657078 -0.275947 -0.182198 -0.481469 -0.317022 0.172963 -0.777762 0.211996 -0.458939 -0.930355 -1 -1 
0.531653 -0.448015 -0.751619 -0.787755 0.21133 0.550301 -0.886615 -0.395447 0.933322 0.214264 0.0311817 0.900351 -0.279215 0.485546 -0.681483 -0.638065 0.232232 0.254495 -0.328145 -0.250786 0.914061 -0.784636 0.683906 -0.722565 -0.515897 0.115736 0.0854043 -0.6143 -0.769333 -0.434252 -0.544043 0.135977 0.282565 0.799509 -0.576745 0.787356 -0.430335 0.939405 0.856749 -0.908337 0.488217 -0.572639 0.707525 0.427191 -0.570444 -0.74601 0.689272 -0.118209 0.586963 -0.993503 0.506603 -0.621607 -0.033283 -0.89822 -0.127626 -0.0492346 -0.622207 -0.142469 0.534554 0.0134797 0.318376 0.306368 -0.747102 0.834074 -0.697431 0.34143 -0.445611 -0.111087 -0.732778 -0.862618 0.0197793 0.371032 -0.0605179 -0.151451 -0.885964 -0.076607 0.453153 0.0275193 -0.0820908 0.349746 0.504276 -0.512832 0.217714 -0.293299 -0.334235 -0.273493 -0.309603 -0.121988 0.0444885 -0.279221 0.25882 -0.973569 0.647254 -0.125917 -0.417059 -0.253099 0.297107 -0.0407788 0.637715 -0.115106 0.481281 -0.350825 0.807225 0.602852 0.0320547 -0.267035 0.299169 -0.632208 -0.18224 0.222543 -0.306181 0.669841 0.572841 0.634967 0.326511 -0.194441 -0.24036 0.563873 -0.16095 0.917854 -0.522314 -0.537491 -0.918689 -0.895732 -0.763139 0.763551 -0.571931 -0.240854 -0.551477 -0.946937 -0.352631 -0.763498 -0.351314 -0.660008 0.0733774 -0.254101 0.977195 0.380015 
-0.693137 -0.887685 -1 -1 0.368565 -1 -1 -0.761642 -0.249943 -0.987245 -0.321474 -1 -0.583905 -1 -0.670817 -1 -1 0.0276151 -1 -1 -1 -0.640651 -0.696029 -0.148504 -0.670824 -1 -0.926657 -1 -1 -0.815811 -0.920323 -1 -0.618138 -0.751252 -1 -1 -0.874668 -1 -1 -1 -0.831899 -1 -1 -0.855088 -1 -1 -0.71587 -1 -1 -1 -0.267848 -0.757943 -0.794428 -1 -1 -1 -1 -1 -1 -1 -1 -0.701696 -1 -1 -1 -0.748863 -0.916571 -0.900559 -1 -0.609194 -1 -1 -1 -1 -1 -1 -0.320996 0.456384 -0.973422 -1 -1 -1 -0.952272 -1 -0.992555 -0.31239 -0.645058 -0.625455 -0.65227 -1 -1 -1 -1 -1 -1 -1 -0.722525 -1 -1 -1 -0.820687 -1 -1 -1 -1 -1 -0.978687 -0.306711 -0.8665 -1 -0.679227 -0.930192 -1 0.860554 -1 -1 -0.943423 0.710564 -1 0.190708 -0.745739 -1 -0.95358 -0.945157 -1 1 0.535765 -0.95615 -0.813268 -1 -0.921427 -0.880524 -1 -0.835768 -1 -1 -0.801456 -1 
-1 -0.953186 0.0906958 -1 -0.296285 -1 -1 -1 -0.520647 -1 -0.552767 -1 -0.0199838 -0.364597 -0.706989 -1 -1 -1 -0.796824 -0.317049 -0.866111 -0.744203 -1 -1 -1 -1 -1 -0.821918 0.226684 -1 -0.204942 -1 -0.389989 -1 -0.986652 -1 0.753356 -1 0.790006 -1 -0.0454354 -1 1 -1 -0.744568 0.103366 0.500338 -0.882575 -1 -0.994447 -1 -1 0.549959 -1 0.596316 -1 -0.327733 -0.937229 -0.972471 -1 -0.839221 -0.145965 -1 -0.860075 -0.148818 1 -1 -1 0.538317 -0.727805 -1 -1 1 0.687377 -1 -0.957494 -1 -0.561864 -1 -1 -1 -1 -0.515735 -0.295122 -1 0.814491 -0.274779 -1 1 -1 0.420512 -0.509223 -0.832572 -0.0971207 -1 -1 -0.121307 0.513446 -0.7288 -0.384335 -0.206443 1 0.704616 -0.85105 -0.0787891 -0.379308 0.567977 -1 -0.989638 0.834132 -0.874821 -1 -1 0.802305 -0.911038 0.451013 -0.843869 -0.669317 -0.997891 -0.173815 -1 -1 -1 -0.707623 -0.642082 -0.734056 -0.657078 -0.284807 -0.11264 -0.364167 -0.0397592 0.172963 -1 -0.685223 -1 -0.699269 -1 -1 
-1 -1 -1 -1 -1 -1 -0.969364 -1 -0.909132 -1 -0.981522 -1 -1 -0.916853 -1 -1 -1 -1 -1 -0.89248 -0.745153 -0.694206 -1 -1 -1 -1 -0.507023 -1 -1 -0.910563 -0.684795 -1 -0.628591 -0.735428 -1 -0.377907 -1 -1 -1 -1 -1 -0.875073 -1 -1 -0.695126 -1 -1 -1 -1 -0.78823 -1 -1 -0.660562 -1 -0.83281 0.288256 -1 -0.694795 -1 -1 -0.583423 -1 -0.0453532 -1 -0.665267 -0.672546 -0.296113 -0.739603 -0.979239 -1 -0.292271 -0.675495 -0.912919 -0.147087 -1 -1 -0.726389 -0.570238 -1 -0.610362 -0.418415 -1 -0.757656 -1 -0.778962 -1 -0.771816 -0.851111 -1 -1 -1 -0.956441 -1 -0.906197 -1 -1 0.517596 -0.640366 -1 -0.490619 -1 -1 -1 -1 -1 -0.914289 -0.6991 -0.811298 -0.79667 -1 -1 -1 -0.810335 -1 -1 -0.38861 -1 -0.895208 -1 0.5423 -0.678917 0.66045 -0.992593 -1 -1 0.0348557 -1 0.912951 -0.559273 -1 -0.4525 -1 -1 -1 -1 -0.931754 -1 -1 
