-0.296746 -0.444051 -0.851439 0.290424 -0.0175374 -0.675289 0.133198 -0.0515246 -1 0.607538 -0.417506 0.0385019 0.805645 -0.181223 0.237075 0.580855 -0.270978 -1 -0.612576 -0.945294 0.576063 0.899834 0.528777 0.09157 -0.178379 0.337195 -0.634546 -0.112034 0.375192 -0.0937154 0.432778 0.764471 0.389823 -1 -0.0644833 -0.421695 -0.490044 0.450791 -0.294338 -0.496069 0.828551 -0.147314 0.702624 -0.977628 -1 -0.0041703 0.261678 -0.965738 0.171663 -0.851516 -1 -1 -0.375771 0.882999 0.297482 -0.0444062 -0.321596 0.0113003 0.191829 -1 -0.00446004 0.826 0.500024 -0.878147 0.970145 -0.989584 -0.232889 -0.662519 -0.213096 -0.26389 -0.203215 -0.138459 0.206611 -0.711345 0.572574 -1 -0.387813 -0.571377 -0.301427 0.821859 -0.00188613 0.0902857 0.0541395 -0.627618 -0.119271 -0.852008 0.584002 0.0335635 -0.0519351 -0.415567 -0.783192 0.726283 0.00707102 -0.525087 0.804385 -1 -0.744637 -1 0.512812 -0.310396 -0.419448 -0.307403 0.778873 -0.520282 0.426792 -0.517015 -1 0.321003 -0.556611 -0.803016 -0.485646 -0.627048 0.2011 -0.283203 0.000261664 -0.462167 -1 -0.193771 0.136709 -0.115544 0.190929 0.373371 -0.474828 -1 -1 0.569313 -0.516963 0.883103 0.376167 -1 0.251839 0.428922 -0.846024 0.701179 -0.830171 0.0778426 0.66326 -1 
0.545159 -1 -0.533858 -1 -0.766708 -1 -1 -1 -1 0.706678 -0.730551 -0.783992 0.954754 -0.555615 0.711122 -1 -0.0517042 -1 -0.202369 0.37245 -0.825059 -0.688081 0.743775 0.357311 -1 -0.974027 -0.0124225 -1 -1 0.56938 -1 -0.744398 -1 -0.397561 -1 -0.944408 0.24708 0.669621 0.24383 -0.138428 0.148036 -0.943739 0.691844 -0.551021 0.255586 0.54422 0.124727 -0.285944 -0.784323 -0.822738 -1 -0.483072 -1 -0.915393 -1 -1 -0.362672 -0.167868 -0.596426 -0.146125 0.562999 0.681909 -0.507514 0.341317 -0.970326 -0.260746 0.308941 0.914605 -0.527843 -1 -0.737222 0.501804 -1 -0.126822 -1 0.431381 -1 -0.949139 -1 -1 -0.609478 -1 -1 -1 -1 -1 -1 -0.982761 -1 0.93449 0.100085 -1 -1 -0.709968 -0.787581 -1 -0.793768 -1 -1 -0.157219 -1 -0.346366 -0.854221 -1 -0.847807 -1 -0.874218 -1 0.237646 -1 -1 1 -1 -0.722532 -1 0.584655 -1 -0.811171 -0.0066402 1 -1 -1 0.518013 -0.014547 -1 -1 -0.97586 -1 -1 -0.485273 -1 -1 0.574001 -1 -0.709065 0.645329 0.113224 -0.159361 
-1 -0.552114 -1 -1 0.171099 -0.408333 -0.323922 -0.0675871 -0.0811075 -1 -1 -1 -1 -0.943547 -1 -1 -0.936976 0.41968 -1 -1 0.495001 -1 -1 0.540833 -0.285135 -0.0284319 -1 -0.630493 -0.974835 -1 -0.49428 -1 -1 -0.460795 -0.69054 -1 -1 -1 -0.906716 -0.906091 -1 -0.1378 -0.526343 -1 -1 0.858939 -1 -0.705591 -1 -1 -1 -1 0.669843 0.683034 -1 -0.187572 -0.783472 -1 -1 -1 -1 -0.483031 -1 -0.101972 -1 -1 -0.294891 -0.64654 -0.763514 0.162568 0.21604 -1 -0.505122 -0.27627 -0.246743 -0.0829778 -1 -1 -0.978476 0.325828 -1 -1 0.575944 -1 -1 0.00558129 -0.201171 -0.669778 -1 -1 -1 -0.890405 -0.704105 -1 0.635912 -1 -0.891226 0.3109 -1 -0.878399 -0.609572 -1 0.736881 -1 -0.766477 -0.741339 -1 0.129167 0.519881 -1 0.807994 -1 -0.162162 -1 -1 -1 -0.539979 -0.214909 0.16939 -0.237818 -0.929093 -1 0.231072 -1 0.970049 -1 -0.578437 -1 -1 -0.777198 -1 -1 -0.793253 -0.88824 -1 -1 -0.626362 -1 
-1 -1 -0.164556 -0.903672 -0.301278 0.579782 -0.916898 -1 0.301884 -1 -0.299782 -0.0581679 -0.247509 -0.557364 -1 0.0164109 -0.430774 0.979782 -0.261615 -0.219815 -0.798561 -0.452894 -0.0544851 -0.764628 -0.802944 -1 -0.440605 -0.655662 -0.152362 -0.644042 -1 -0.588161 -1 -0.661858 -0.145545 -0.762524 0.694323 0.680704 0.269971 -1 -1 0.376584 -1 -1 -0.350388 0.799913 0.322928 -0.82606 -0.892942 -0.433679 -1 -0.0430738 0.408111 -0.16667 -0.61041 -1 -0.170899 -1 -1 -0.940722 -0.955173 -1 -0.724742 0.273906 -0.425508 0.0523632 -1 -1 0.863171 -1 -0.095336 0.706073 -0.504408 -0.406391 -0.248661 0.849255 -1 -0.973827 -1 -1 0.0562749 -1 -1 -1 -0.805133 -0.835488 -0.0941595 -1 0.0731077 -0.981715 -1 -0.859214 -1 0.0234709 -0.357576 -0.931997 -0.841879 -1 -1 -1 -1 -1 -1 -1 -1 0.352546 -0.792088 -1 -1 -0.924523 0.753587 -1 0.148015 0.716345 -1 -1 -1 -0.93956 0.576404 0.0358436 0.221562 0.335093 -1 -1 -1 -1 -0.4217 -0.473131 -1 -0.951134 -1 -1 -0.0283524 0.780099 0.0472443 0.469409 -0.431727 -0.227014 
-1 -0.814809 -1 -1 0.00446311 -1 -1 -0.90052 -0.609791 -0.651599 -1 -0.621453 -1 -1 -1 0.079282 -0.548709 1 -0.575772 -1 -1 1 0.450462 -0.887183 -1 -0.660715 -0.524556 -1 -1 -0.591047 -0.45212 -1 -1 -1 -0.496195 -0.834284 -0.303446 0.498619 0.106325 -1 -1 0.273696 -0.0160127 -1 -0.350388 0.195153 -0.478933 -0.901598 -1 -0.872929 -0.369621 -1 -1 -0.899625 -1 -0.645678 -0.737696 -1 0.0666295 -1 -0.318343 -0.961656 -1 -0.718062 -1 0.0523632 -1 -1 0.451624 -1 -0.481683 -0.702872 -1 -1 -0.248661 -1 -1 -1 -0.433831 0.0460016 0.994336 -1 -0.713428 -1 -0.563335 -0.106637 -0.0941595 -1 -1 0.281032 -0.938548 -1 -0.869096 -0.840874 -0.409808 -0.535625 -1 -1 -1 0.821606 -1 -1 -1 -1 -0.810971 0.515406 -0.775822 -0.934484 -0.805101 -1 1 -1 -0.0357778 0.77151 -0.871595 -1 -1 -0.629417 -0.47343 0.0750806 -0.8373 0.418919 -1 -0.451514 -1 -1 -0.765072 -1 -1 -1 -1 -1 -1 0.780099 0.283379 0.40304 0.582724 -1 
0.545159 -1 -0.533858 -1 -0.766708 -1 -1 -1 -1 0.706678 -0.730551 -0.783992 0.954754 -0.555615 0.711122 -1 -0.0517042 -1 -0.202369 0.37245 -0.825059 -0.688081 0.743775 0.357311 -1 -0.974027 -0.0124225 -1 -1 0.56938 -1 -0.744398 -1 -0.397561 -1 -0.944408 0.24708 0.669621 0.24383 -0.138428 0.148036 -0.943739 0.691844 -0.551021 0.255586 0.54422 0.124727 -0.285944 -0.784323 -0.822738 -1 -0.483072 -1 -0.915393 -1 -1 -0.362672 -0.167868 -0.596426 -0.146125 0.562999 0.681909 -0.507514 0.341317 -0.970326 -0.260746 0.308941 0.914605 -0.527843 -1 -0.737222 0.501804 -1 -0.126822 -1 0.431381 -1 -0.949139 -1 -1 -0.609478 -1 -1 -1 -1 -1 -1 -0.982761 -1 0.93449 0.100085 -1 -1 -0.709968 -0.787581 -1 -0.793768 -1 -1 -0.157219 -1 -0.346366 -0.854221 -1 -0.847807 -1 -0.874218 -1 0.237646 -1 -1 1 -1 -0.722532 -1 0.584655 -1 -0.811171 -0.0066402 1 -1 -1 0.518013 -0.014547 -1 -1 -0.97586 -1 -1 -0.485273 -1 -1 0.574001 -1 -0.709065 0.645329 0.113224 -0.159361 
-1 -0.814809 -1 -1 0.00446311 -1 -1 -0.90052 -0.609791 -0.651599 -1 -0.621453 -1 -1 -1 0.079282 -0.548709 1 -0.575772 -1 -1 1 0.450462 -0.887183 -1 -0.660715 -0.524556 -1 -1 -0.591047 -0.45212 -1 -1 -1 -0.496195 -0.834284 -0.303446 0.498619 0.106325 -1 -1 0.273696 -0.0160127 -1 -0.350388 0.195153 -0.478933 -0.901598 -1 -0.872929 -0.369621 -1 -1 -0.899625 -1 -0.645678 -0.737696 -1 0.0666295 -1 -0.318343 -0.961656 -1 -0.718062 -1 0.0523632 -1 -1 0.451624 -1 -0.481683 -0.702872 -1 -1 -0.248661 -1 -1 -1 -0.433831 0.0460016 0.994336 -1 -0.713428 -1 -0.563335 -0.106637 -0.0941595 -1 -1 0.281032 -0.938548 -1 -0.869096 -0.840874 -0.409808 -0.535625 -1 -1 -1 0.821606 -1 -1 -1 -1 -0.810971 0.515406 -0.775822 -0.934484 -0.805101 -1 1 -1 -0.0357778 0.77151 -0.871595 -1 -1 -0.629417 -0.47343 0.0750806 -0.8373 0.418919 -1 -0.451514 -1 -1 -0.765072 -1 -1 -1 -1 -1 -1 0.780099 0.283379 0.40304 0.582724 -1 
-0.650615 -0.0541666 -1 0.84206 1 -1 -1 0.0677744 -0.380792 -1 0.499769 -0.955745 -1 -1 0.185926 -0.0208852 0.319225 -0.724821 0.514171 -0.900625 -0.0255944 0.606194 -0.112536 -1 0.313144 -1 -0.45004 -0.335956 -0.669664 -0.720005 -0.646634 0.514817 -1 -0.746011 -0.00163397 -1 -0.896989 -0.497562 -0.99886 -0.095737 -0.784001 -1 -1 -1 0.24426 -0.232352 -1 1 0.597873 0.171125 -0.534128 -1 -1 -0.326751 -0.523823 0.0927954 -1 -0.310041 -1 -0.767668 -0.459746 -0.774003 -0.446894 0.0308434 -0.555279 -0.659422 -0.428231 -1 -0.937021 -1 0.0437497 0.5205 -1 0.87493 -0.936356 -0.744439 -1 -0.01526 -0.9309 -1 -0.275147 0.901118 -1 -0.607215 0.0938389 -1 -1 -0.614604 -1 -1 -0.610946 -1 0.393769 -0.618575 -0.179285 -1 -0.924482 -1 -1 0.462431 -1 0.0749902 -1 -1 -0.623187 -0.776002 -0.599028 0.0229399 0.475889 0.760921 -1 -1 -1 -0.932996 -0.0894152 -1 -1 -0.180009 -0.969494 -0.505609 -1 -1 -0.747523 0.289895 -0.845395 0.939949 0.0972397 -1 0.0119649 -0.33608 0.316369 0.507497 -0.617455 0.0996701 0.487981 0.633991 -1 -1 
-0.292874 -1 -0.158817 0.672824 0.385368 -1 -0.520496 -0.423152 -0.524939 -1 0.499769 -0.840913 -1 -1 -1 -1 -0.506634 -1 -0.71131 -0.852063 -0.0255944 0.539089 0.27165 -1 -0.799627 -1 0.141331 -1 -1 -1 -1 -0.27716 -1 0.49119 -0.484851 -1 -1 -1 -0.748294 0.391793 0.321332 -1 -0.747514 0.252693 -0.0265808 0.375832 -1 0.245842 0.625555 -0.159355 -0.200954 -1 -1 -0.344268 -1 0.485574 -1 -0.310087 -0.915992 -0.0032129 -1 -0.263507 -1 0.0532749 0.32593 -0.659422 -0.567169 -0.681581 -1 -1 -0.342952 0.414154 -0.79252 0.656382 -0.650985 -0.810221 -1 -1 -0.9309 -1 0.532261 0.621975 -0.259625 -0.447286 0.43828 -1 -0.433143 -1 -1 -1 0.196635 -1 0.536934 -0.234098 -0.712864 -0.393831 -1 -0.324759 -0.38299 -0.948019 -0.806744 -1 -0.648065 -0.866114 -0.775168 -0.931282 -1 0.408853 -0.407003 0.744281 -1 -1 0.098998 -0.993935 -0.0846878 -1 -0.336004 -0.21151 -1 -1 -0.630731 -1 -0.499644 -0.116176 -0.644926 -0.08307 -0.433841 -1 1 -0.945084 0.120045 0.773221 -0.740981 0.087078 0.639308 0.264935 -0.196472 -1 
0.183653 0.311204 0.362304 -1 -0.841417 1 -0.514885 -0.43672 -0.139299 -0.434283 -0.619833 0.882873 0.239468 -0.258171 -0.93591 -0.548022 -0.052842 0.354486 -0.137957 -0.146251 -0.656688 0.532363 -0.338509 -0.712367 -0.52112 0.703615 0.429093 -0.999614 0.0730014 -0.364838 0.321305 -0.141732 0.00209498 0.144831 1 -0.902911 0.0133711 0.735661 0.126159 0.836559 -0.15332 0.706705 0.189688 -0.0697355 0.545279 -0.963606 0.26477 0.854897 -0.155092 0.569061 0.563186 -0.301602 0.264467 0.143257 -0.444731 -0.137217 0.0371683 0.391994 0.872108 -0.326275 -0.351827 -0.505817 0.531116 -0.520863 0.394545 0.98278 -0.211776 -1 -0.688724 0.558097 0.98066 0.90869 0.80716 0.278927 -0.0707172 -1 0.423995 -0.423233 -0.577875 -0.866837 -0.594399 -0.845464 -0.834139 0.181166 0.188688 0.86353 -0.482155 0.771937 0.787367 0.723875 -0.644618 -0.152434 -0.0609098 0.748514 0.228103 -0.130068 0.0511044 0.247289 0.016362 0.215371 -0.282316 -0.477436 -0.880803 -0.801874 0.392065 0.542726 -0.637269 0.505568 0.672812 0.682755 -1 0.724863 0.953077 0.832329 0.43773 -0.476838 0.228877 -0.799918 -0.909214 -0.71615 -0.102989 0.780539 0.0971879 0.114305 0.794171 -1 0.749815 0.00403559 -1 0.12985 0.436023 0.563041 -0.18999 0.469638 -0.168519 0.695429 -0.603432 -0.247712 
