-0.474877 0.0784475 0.86983 -1 0.724803 -0.517146 -0.229341 -1 0.41576 -0.0432541 -0.360134 -0.209523 -0.574646 -0.946062 0.232258 -0.0506043 -0.787584 -1 -0.076712 -1 -0.685397 0.987425 -0.732306 -0.316234 0.459949 1 -0.0546271 0.00544477 0.408902 0.169513 -1 -0.251832 -0.675306 0.624504 -1 0.26571 0.877939 -0.801086 -1 -0.549662 0.677291 -0.371413 0.170848 -1 -0.0939479 -0.779008 -1 -0.239403 -0.462178 0.324134 -0.247825 -0.384117 0.873102 0.171154 -1 0.424711 0.667893 -1 -0.339743 -0.786952 0.0346967 -0.637102 0.895053 -0.459297 -1 0.363132 -1 -0.0323534 -0.0762337 -0.60503 0.825363 -0.939301 -0.903291 -0.826767 0.38173 -1 -0.868357 0.5672 0.21429 0.40301 -0.456096 -0.327802 -0.0123711 -0.345654 0.169524 -1 -0.270421 -1 0.368482 -1 0.0622548 0.978935 -0.71769 -0.040923 -0.931813 -0.0534874 0.403648 0.0301201 -0.295249 -1 0.91011 0.0461911 0.370563 0.13588 0.171745 -0.893307 1 -0.588532 -0.101383 0.279326 -0.226041 -0.0718111 0.138273 -0.158086 -0.386279 -0.089029 -0.00899515 -0.637176 0.728277 -0.31348 -0.607309 0.094337 -0.45923 -0.843785 -1 0.126092 -0.960405 -0.44417 -0.134619 -0.155731 -0.0628922 0.89 0.24841 0.910816 -0.283843 -0.398437 0.414082 -0.75828 
-0.68794 -0.265385 0.812703 -0.469743 0.444128 -1 0.0824039 -1 0.0447387 -1 -0.209229 -0.455334 -0.698921 -0.338946 -1 -0.287984 0.281042 0.0677758 0.440697 -1 -1 -0.905173 0.474054 -0.133348 -0.587079 -0.365714 -0.803682 -0.457856 -0.924752 -1 0.702185 -0.708736 -0.314353 -1 -0.604498 0.392826 0.201175 -0.886741 -1 -0.712091 0.665393 -0.870287 -0.672272 -1 -1 0.833047 -1 -1 -1 -1 0.159978 0.815298 -1 0.369595 -0.33444 0.475041 -1 -0.280193 -0.527406 0.62462 -0.109911 -0.162572 -0.326698 -0.0507032 -0.934102 1 -0.92033 -1 -1 -1 -0.848704 -1 -0.746478 -1 -0.992768 0.0899991 -0.627222 -0.758619 -1 0.989617 -0.918672 -0.742613 -0.221485 -0.767561 -1 -0.248937 -0.078595 -1 -1 -0.291738 -0.397615 -1 -0.395161 -1 0.617786 0.879953 -0.914912 -1 -0.340754 0.792113 -1 -1 -1 -1 -1 0.945009 0.115442 -0.935065 -0.180239 -0.670022 -0.0566915 -1 -1 -1 -0.267796 -1 -1 -0.669367 -0.860472 0.128777 -1 -0.0974185 -1 -0.633753 -0.280731 -0.764714 -0.41958 0.0519624 0.37736 -0.429463 0.136569 -0.641113 -1 -0.974652 -0.784434 -0.423186 -1 -1 
-0.474877 -0.90176 0.86983 -1 0.677735 -0.408771 -0.229341 -1 0.41576 -0.0432541 -0.268044 -0.758407 -0.574646 -0.946062 0.445001 -0.0506043 -0.787584 -1 0.0893035 -1 -0.685397 0.10164 -1 -0.0461095 -0.179637 1 -0.91122 -0.540435 -0.0144679 0.169513 -1 -0.251832 -0.748193 0.624504 -1 -0.381959 0.877939 -0.801086 -1 -1 -0.224725 -1 0.170848 -1 -0.0939479 -0.779008 -1 -0.0936679 -0.537376 0.324134 -0.00360641 -0.512925 0.873102 0.171154 -1 0.424711 0.667893 -1 -0.384512 -0.786952 0.0346967 -0.637102 1 -0.459297 -1 0.342482 -1 -0.0323534 -0.0762337 -0.710026 -0.0232961 -0.939301 -0.903291 -1 0.38173 -1 -0.868357 -0.0511511 -0.859563 0.528078 -0.456096 -0.327802 -0.0123711 -0.414231 0.169524 -1 -0.270421 -1 -0.0081346 -1 0.0622548 1 -1 -1 -0.931813 -0.348356 0.403648 0.0301201 -0.295249 -1 0.378943 0.0461911 -0.696137 0.13588 0.171745 -0.893307 1 -0.588532 -0.779987 0.279326 -0.709214 -0.0718111 0.138273 -0.366066 -0.386279 -0.089029 -1 -0.637176 0.277288 -0.54654 -0.711794 0.094337 -0.45923 -0.685408 -1 0.138547 -0.960405 -0.44417 -0.134619 -0.155731 -0.393375 0.12143 0.24841 0.910816 -0.283843 -0.398437 0.414082 -1 
-0.474877 -0.90176 0.86983 -1 0.677735 -0.408771 -0.229341 -1 -0.332026 -0.0432541 -0.268044 -0.758407 -0.574646 -0.946062 0.445001 -0.0506043 -1 -1 0.247578 -1 -0.685397 0.364972 -1 -0.0461095 -0.179637 1 -0.91122 -0.540435 -0.0144679 0.169513 -1 -0.251832 -0.748193 0.624504 -1 -0.171552 0.877939 -0.801086 -1 -1 -0.224725 -1 0.170848 -0.967727 -0.0939479 -0.779008 -1 -0.0936679 -0.537376 -0.560432 -0.307811 -0.512925 0.873102 0.171154 -1 0.0837044 0.667893 -1 -0.384512 -0.786952 0.0346967 -0.637102 1 -0.459297 -1 -0.35377 -1 -0.0323534 -0.0762337 -0.710026 0.0307802 -0.939301 -0.903291 -0.732697 0.38173 -1 -1 -0.0511511 -0.766313 0.528078 -0.456096 -0.82625 -0.0123711 -0.414231 0.169524 -1 -0.270421 -1 -0.0081346 -1 0.308258 0.972088 -1 -1 -0.931813 -0.348356 0.403648 -0.00361475 -0.295249 -1 -0.498937 -0.824232 -0.696137 -0.125809 -0.389454 -0.893307 1 -0.588532 -0.779987 -0.497674 -0.709214 -0.0718111 0.138273 -0.487348 -0.386279 -0.089029 -1 -0.662647 0.412679 -0.54654 -0.9415 0.094337 -0.45923 -0.685408 -1 0.138547 -1 -0.266862 -0.134619 -0.251789 -1 0.12143 0.24841 0.910816 -0.283843 -1 0.414082 -1 
-0.474877 -0.90176 0.86983 -1 0.677735 -0.408771 -0.229341 -1 0.41576 -0.0432541 -0.268044 -0.758407 -0.574646 -0.946062 0.445001 -0.0506043 -0.787584 -1 0.0893035 -1 -0.685397 0.10164 -1 -0.0461095 -0.179637 1 -0.91122 -0.540435 -0.0144679 0.169513 -1 -0.251832 -0.748193 0.624504 -1 -0.381959 0.877939 -0.801086 -1 -1 -0.224725 -1 0.170848 -1 -0.0939479 -0.779008 -1 -0.0936679 -0.537376 0.324134 -0.00360641 -0.512925 0.873102 0.171154 -1 0.424711 0.667893 -1 -0.384512 -0.786952 0.0346967 -0.637102 1 -0.459297 -1 0.342482 -1 -0.0323534 -0.0762337 -0.710026 -0.0232961 -0.939301 -0.903291 -1 0.38173 -1 -0.868357 -0.0511511 -0.859563 0.528078 -0.456096 -0.327802 -0.0123711 -0.414231 0.169524 -1 -0.270421 -1 -0.0081346 -1 0.0622548 1 -1 -1 -0.931813 -0.348356 0.403648 0.0301201 -0.295249 -1 0.378943 0.0461911 -0.696137 0.13588 0.171745 -0.893307 1 -0.588532 -0.779987 0.279326 -0.709214 -0.0718111 0.138273 -0.366066 -0.386279 -0.089029 -1 -0.637176 0.277288 -0.54654 -0.711794 0.094337 -0.45923 -0.685408 -1 0.138547 -0.960405 -0.44417 -0.134619 -0.155731 -0.393375 0.12143 0.24841 0.910816 -0.283843 -0.398437 0.414082 -1 
-0.24749 -0.90176 0.284967 -1 0.677735 -0.408771 -0.229341 -1 -0.45648 -0.0432541 -0.268044 -0.454951 -0.574646 -1 -0.659369 -0.0506043 -1 -1 0.0893035 -1 -0.685397 0.10164 -1 -0.0920411 -0.179637 1 -0.91122 -0.540435 0.0453183 -0.624344 -0.609942 0.0409877 -1 0.624504 -1 -0.381959 0.877939 -0.801086 -1 -1 -1 -1 0.170848 -0.73427 -0.0939479 -0.433946 -1 -0.380728 -0.813391 -1 -0.00360641 -0.512925 0.369119 0.171154 -1 0.424711 0.777088 -1 -0.384512 -0.786952 0.0346967 -0.637102 1 -0.724262 -1 0.342482 -0.897703 -1 -0.0762337 -1 -0.762292 -0.971645 -0.60831 -1 -0.096819 -1 -1 -0.0511511 -1 0.754635 -0.129198 -0.327802 -1 -0.873887 0.169524 -1 -0.270421 -1 -0.305948 -0.630053 0.0622548 1 -1 -1 -0.931813 -0.348356 0.403648 0.0301201 -0.295249 -1 0.378943 0.0461911 -0.696137 0.13588 0.171745 -0.893307 1 -0.588532 -0.779987 0.279326 -1 -0.38395 0.138273 -0.366066 -0.386279 -0.089029 -1 -0.637176 0.277288 -0.54654 -0.711794 0.094337 -0.784331 -0.84489 -1 0.145987 -0.960405 -0.44417 -0.134619 -0.155731 -0.393375 0.12143 0.24841 0.910816 -0.283843 -0.398437 -0.0924195 -1 
-0.908646 -0.924215 -0.0207568 -0.741429 0.724803 -0.448531 0.101646 -1 0.0967267 -0.737595 -0.279343 -0.48897 -0.574646 -1 -0.632332 -1 -0.473076 -1 -0.0787289 -1 -1 1 -1 -0.076945 -0.232835 -1 -0.013867 -0.367361 -0.210045 -1 -1 -0.198165 -1 -0.279148 -1 0.291143 0.869849 -1 -1 -1 0.765396 -0.783487 -0.720635 -1 -1 -0.865072 -0.420772 -0.239403 -1 -0.858545 -1 -0.975617 0.668085 -0.199995 -1 -0.0954511 1 -0.781797 -1 -1 -1 -0.772817 0.895053 -1 -1 -1 -1 -0.603901 -0.599143 -1 1 -1 -0.611361 -0.56132 0.210877 -0.857462 -0.797247 -0.569252 0.304372 0.50284 -0.680717 -0.675323 -0.0123711 -1 -0.30254 -0.677304 -1 -1 -1 -1 0.401016 1 -0.951244 -0.040923 -1 -0.431634 -1 0.421032 -1 -0.91354 -0.0828363 -0.812753 0.112401 0.497027 -0.24444 -1 1 -1 -0.101383 -0.415622 -1 -0.813657 0.388938 -0.0934667 -1 -0.126465 -0.44434 -1 -0.402697 -0.205988 -1 0.461426 -0.659557 -1 -0.828992 -0.234293 -1 -1 -0.515291 -1 -0.198378 -0.40018 0.24841 0.51964 -0.528589 -0.208531 0.13262 -1 
-0.474877 -0.90176 0.46251 -1 0.677735 -0.408771 -0.229341 -1 0.41576 -0.0432541 -0.254876 -0.758407 -0.574646 -1 0.445001 -0.0506043 -0.787584 -1 0.0893035 -1 -0.685397 0.10164 -1 -0.0461095 -0.179637 1 -0.821923 -0.540435 -0.0144679 0.169513 -1 -0.251832 -0.748193 0.624504 -1 -0.381959 0.877939 -1 -1 -1 -0.224725 -1 0.170848 -1 -0.0939479 -0.779008 -1 -0.0936679 -0.537376 0.324134 -0.00360641 -0.512925 0.873102 0.171154 -1 0.424711 0.667893 -1 -0.384512 -0.786952 0.0346967 -0.637102 1 -0.459297 -1 0.342482 -1 -0.0323534 -0.0762337 -1 -0.0232961 -0.939301 -0.903291 -1 0.239908 -0.920324 -0.868357 -0.0511511 -0.859563 0.0112339 -0.456096 -0.327802 -0.0123711 -0.725441 0.169524 -1 -0.3784 -1 -0.0081346 -1 0.0622548 1 -1 -1 -0.931813 -0.831101 0.403648 0.0301201 -0.295249 -1 0.456356 0.0461911 -0.696137 0.13588 0.171745 -0.893307 1 -0.588532 -0.779987 0.279326 -1 -0.0718111 0.07188 -0.366066 -0.317042 -0.089029 -0.889022 -0.497928 0.277288 -0.54654 -0.711794 0.094337 -0.45923 -0.685408 -1 0.138547 -0.960405 -0.519739 -0.134619 -0.227863 -0.393375 -0.412555 0.24841 1 -0.283843 -0.398437 0.223756 -1 
-1 -0.924215 -0.0207568 -1 0.724803 -0.448531 -0.0762505 -0.986198 0.0967267 -0.737595 -0.279343 -0.48897 -0.574646 -1 -0.632332 -1 -0.688258 -1 -0.0787289 -1 -1 0.91723 -1 0.0214086 -0.232835 -1 -0.013867 -0.367361 -0.210045 -1 -1 -0.198165 -1 -0.279148 -0.934637 -0.154732 0.869849 -1 -1 -1 0.765396 -0.783487 -0.720635 -1 -1 -0.865072 -0.716063 -0.490386 -1 -0.724508 -1 -1 0.668085 -0.199995 -1 -0.117996 1 -0.799978 -1 -1 -1 -0.772817 0.895053 -1 -1 -1 -1 -0.603901 -0.599143 -1 1 -1 -0.793971 -0.56132 0.210877 -1 -0.797247 -0.742936 -0.0136023 0.564582 -0.680717 -0.675323 -0.0123711 -1 -0.30254 -0.677304 -1 -1 -1 -1 0.401016 0.568635 -0.951244 -0.040923 -0.952616 -0.431634 -1 0.421032 -1 -0.91354 -0.0828363 -1 0.112401 0.497027 -0.24444 -1 1 -1 -0.101383 -0.415622 -1 -0.845743 0.388938 -0.0934667 -1 -0.126465 -0.330445 -1 -0.402697 -0.474381 -1 0.461426 -0.80289 -1 -0.828992 -0.234293 -1 -1 -0.515291 -1 -0.198378 -0.40018 0.24841 0.51964 -0.381173 -0.468565 0.13262 -1 
-0.0768577 -0.90176 -0.129246 -0.755076 -0.0467476 -0.306395 -0.229341 -1 0.48462 -0.159607 -1 -0.758407 -1 -1 -0.205524 -0.173754 -1 -1 0.300172 -1 -1 0.0102957 -1 -0.0461095 -0.478318 -0.023905 -0.727214 -1 -1 -0.706947 -1 -0.251832 -0.637825 0.403061 -1 -0.835493 0.877939 -0.923704 -1 -1 -0.224725 -0.946024 0.550471 -1 0.286531 -0.970465 -1 -1 -0.836391 0.324134 -1 -1 0.873102 -0.399593 -1 0.303508 0.667893 -0.711688 -0.66864 -0.786952 -0.213178 -0.637102 -0.244675 -1 -0.886363 -0.667019 -1 -0.0323534 -0.0762337 -1 0.0284578 -0.939301 -1 -0.946489 -0.161149 -1 -1 -0.0246463 -0.879026 -0.192032 -1 -0.740478 0.235087 -0.414231 -0.00561789 -1 -0.468724 -1 -0.0081346 -1 0.132782 0.488216 -1 -1 -1 -0.348356 0.2828 -1 -0.295249 -1 0.321313 0.0461911 -1 -0.304446 -0.768702 -0.893307 0.715972 -0.588532 -0.901913 0.458715 -1 0.0568472 -0.0652365 -0.681064 -0.386279 -0.089029 -1 -0.637176 0.277288 -0.259649 -0.118516 0.094337 -0.45923 -0.685408 -1 -0.231272 -1 -0.427588 -0.398433 -1 -0.393375 0.234097 -0.638559 1 -1 -0.0648997 0.414082 -1 
