-0.451568 -1 -1 0.231841 -0.933051 -0.476449 -1 -0.944069 -0.318754 0.750226 0.113057 -0.621484 -0.340397 -0.313856 -0.564445 0.400198 -1 -1 -0.642864 -0.938936 -0.90316 0.198068 -0.920388 -0.870938 -1 -1 -1 -1 -0.055312 -1 -1 -1 0.219684 0.246348 0.247787 -0.334089 0.317689 -1 -0.957362 -0.193471 -0.864719 -1 -0.931783 0.227796 -0.637645 -0.858085 -0.154799 0.22344 -0.495245 -1 -1 -0.607277 0.390866 -1 -0.582671 -0.925686 -0.22844 -1 -1 0.0456611 -0.613548 -0.931214 -0.589616 -0.193664 -0.985242 -0.988972 -1 -1 -1 -0.464006 -0.919271 -0.345189 -0.81166 -0.286753 0.513213 0.626537 -1 0.578894 -1 -0.116225 -0.612515 0.751966 -1 -0.221504 -0.910075 -0.922179 -0.921725 -1 -1 -0.442023 -0.360882 0.203821 -0.0522675 0.173232 -0.603841 -1 -0.458413 0.320201 -0.424849 0.873827 -0.203765 -1 -0.824823 -0.74591 -0.978164 -0.785387 
-0.623361 -0.953432 -1 0.932284 -0.962315 -0.183965 -0.985758 -0.823604 -0.262063 0.471907 0.291024 -0.644429 -0.705426 0.227678 -0.105894 0.148069 -0.884865 -0.736269 -0.179007 -0.786527 -0.90316 0.27967 -0.469914 -0.455128 -1 -1 -0.495685 -1 0.0193785 -0.0986847 -1 -0.797172 0.862915 0.571934 0.00603223 -0.0999132 0.495677 -1 -0.869704 -0.193471 -1 -0.567229 -0.598124 0.579914 -1 -0.761125 0.720104 0.634954 -0.376821 -1 -0.802598 -1 0.381413 -1 0.192767 -1 -0.165709 -1 -0.590625 -0.213739 -0.190124 -0.801151 -0.166496 -0.217989 -0.879537 0.139993 0.482765 -1 -1 -0.504344 -0.428641 0.690902 -0.903464 -0.386095 0.791912 0.965248 -1 0.7442 -1 0.392969 -0.881798 0.802141 -0.518685 0.0419343 -0.964743 -1 -0.79971 -1 -1 -0.507899 -0.167657 0.399877 0.139863 0.455256 -0.581786 -0.653402 -0.122368 0.649352 -0.297826 1 -0.159524 -0.84925 -0.491381 -0.628164 -0.914301 -0.319437 
-0.451568 -1 -1 0.231841 -0.878021 -0.459353 -1 -0.944069 -0.318754 0.750226 0.113057 -0.621484 -0.340397 -0.313856 -0.564445 0.269068 -1 -1 -0.506287 -0.938936 -0.90316 0.198068 -0.920388 -0.915119 -1 -1 -1 -1 -0.745569 -1 -1 -0.999749 0.490118 0.246348 0.247787 -0.334089 0.313852 -1 -1 -0.340665 -0.906699 -1 -0.818645 0.227796 -0.671646 -0.858085 -0.154799 0.22344 -0.495245 -1 -1 -0.74348 0.390866 -1 -0.582671 -0.923052 0.168432 -1 -0.341319 0.0456611 -0.613548 -0.931214 -0.589616 -0.193664 -0.985242 -0.988972 -1 -1 -1 -0.464006 -0.919271 -0.345189 -0.81166 -0.584843 0.355249 0.626537 -1 0.578894 -1 -0.116225 -0.612515 0.686504 -1 -0.179111 -0.869893 -0.922179 -0.877412 -1 -1 -0.47405 -0.360882 0.203821 0.163499 0.173232 -0.657902 -1 -1 0.330754 -0.424849 0.776383 -0.203765 -1 -1 -0.74591 -0.978164 -0.785387 
-0.451568 -1 -1 0.231841 -0.878021 -0.459353 -1 -0.944069 -0.318754 0.750226 0.113057 -0.621484 -0.340397 -0.313856 -0.564445 0.269068 -1 -1 -0.506287 -0.938936 -0.90316 0.198068 -0.920388 -0.915119 -1 -1 -1 -1 -0.153255 -1 -1 -1 0.490118 0.246348 0.247787 -0.39991 0.313852 -1 -0.957362 -0.340665 -0.864719 -1 -0.931783 0.227796 -0.699896 -0.858085 -0.154799 0.22344 -0.495245 -1 -1 -0.74348 0.390866 -1 -0.582671 -0.925686 0.168432 -1 -0.341319 0.0456611 -0.613548 -0.931214 -0.589616 -0.193664 -0.985242 -0.988972 -1 -1 -1 -0.464006 -0.919271 -0.345189 -0.81166 -0.286753 0.355249 0.626537 -1 0.578894 -1 -0.116225 -0.612515 0.686504 -1 -0.221504 -1 -0.922179 -0.877412 -1 -1 -0.442023 -0.360882 0.203821 0.163499 0.173232 -0.603841 -1 -0.46451 0.330754 -0.45729 0.776383 -0.203765 -1 -0.824823 -0.74591 -0.978164 -0.785387 
-0.623361 -0.953432 -1 1 -0.962315 -0.183965 -0.985758 -1 -0.262063 0.471907 0.291024 -0.644429 -0.417574 0.162641 -0.105894 0.139132 -0.884865 -0.736269 -0.179007 -0.786527 -0.90316 0.27967 -0.469914 -0.309142 -1 -1 -0.495685 -1 0.0193785 -0.187558 -1 -0.86113 0.940016 0.450894 0.00603223 -0.0999132 0.495677 -1 -0.869704 -0.193471 -1 -0.567229 -0.598124 0.6125 -1 -0.761125 0.720104 0.560747 -0.251088 -0.95789 -0.802598 -1 0.446366 -1 0.192767 -1 -0.165709 -1 -0.863187 -0.213739 -0.190124 -0.801151 -0.166496 -0.217989 -0.879537 0.0702384 0.585706 -0.973012 -1 -0.504344 -0.428641 0.690902 -0.903464 -0.367533 0.791912 0.744721 -1 0.7442 -1 0.392969 -0.881798 0.802141 -0.518685 0.0419343 -0.905814 -1 -0.79971 -1 -1 -0.507899 -0.167657 0.422383 0.139863 0.455256 -0.673939 -0.653402 -0.122368 0.649352 -0.297826 1 -0.159524 -0.84925 -0.491381 -0.628164 -0.914301 -0.617877 
-0.816546 -0.97948 -1 1 -1 -0.717813 -1 -1 -0.618794 0.471907 0.274232 -0.776276 -0.220023 0.227678 -0.612641 -0.335403 -1 -0.736269 -0.179007 -0.786527 -1 0.27967 -0.728877 -0.309142 -1 -1 -0.576059 -1 -0.293117 -0.16533 -1 -1 0.940016 0.649138 0.00603223 -0.0999132 0.648792 -1 -0.869704 -0.193471 -1 -0.567229 -0.54562 0.133521 -1 -0.761125 0.720104 0.21496 -1 -1 -1 -1 0.381413 -1 0.192767 -1 -0.0875345 -1 -0.590625 -0.213739 -0.583848 -0.801151 -0.166496 -0.217989 -0.879537 0.139993 0.361156 -0.973012 -1 -0.504344 -0.428641 0.0940734 -0.944273 -0.659179 0.885355 0.922565 -0.986207 0.214855 -1 0.392969 -0.881798 0.802141 -0.518685 0.0419343 -1 -1 -1 -1 -1 -1 -0.167657 0.399877 0.139863 0.455256 -0.673939 -0.739978 -0.159126 0.682284 -0.297826 1 -0.159524 -1 -0.491381 -0.628164 -0.914301 -0.319437 
-0.623361 -0.953432 -1 1 -0.962315 -0.764299 -1 -1 -0.262063 0.471907 0.291024 -0.644429 -0.417574 0.162641 -0.105894 0.139132 -0.884865 -0.736269 -0.179007 -0.786527 -0.90316 0.27967 -0.469914 -0.735883 -1 -0.996886 -0.495685 -1 0.0193785 -0.187558 -0.80224 -0.86113 0.940016 0.450894 0.00603223 -0.0999132 0.495677 -1 -0.869704 -0.193471 -1 -0.567229 -0.598124 0.6125 -1 -0.761125 0.720104 0.560747 -0.251088 -0.95789 -0.802598 -0.9666 0.446366 -1 0.258095 -1 -0.165709 -1 -1 -0.213739 -0.190124 -0.801151 -0.166496 -0.217989 -1 0.139993 0.585706 -1 -1 -0.931458 -0.428641 0.690902 -0.903464 -0.367533 0.791912 0.744721 -1 0.7442 -1 0.392969 -0.793431 0.802141 -0.518685 0.0419343 -0.905814 -1 -0.79971 -1 -1 -0.507899 -0.167657 0.422383 -0.125685 0.455256 -0.673939 -0.655664 -0.0957931 0.649352 -0.297826 0.994725 -0.159524 -0.84925 -0.491381 -0.628164 -0.914301 -0.617877 
-1 -1 -0.989707 0.267269 -0.895437 -0.330983 -1 -0.856884 -0.282334 0.950649 -0.461974 -0.443787 -0.958775 -1 -0.59801 0.396006 -1 -1 -0.0439432 -0.938936 -1 0.198068 -1 -1 -1 -1 -1 -1 -0.298327 -1 -0.9623 -0.970691 0.653236 0.0917433 0.200533 -0.848208 0.369141 -1 -0.876106 -0.577293 -1 -0.993714 -0.931783 0.716312 -0.926321 -0.945358 0.1195 0.0402157 -1 -1 -1 -0.571875 0.52576 -1 -0.5188 -1 0.188301 -1 -0.839406 -0.359074 -0.562892 -1 -0.763024 -0.217989 -0.985242 -0.868445 -1 -0.841606 -1 -0.450787 -0.560655 0.0808198 -0.809951 -0.628437 0.179256 0.539825 -1 0.505742 -1 0.245192 -0.59302 0.816408 -1 0.512126 -0.978107 -0.996116 -1 -0.815832 -1 -1 -0.0081304 0.203821 0.163499 0.173232 -0.603841 -1 -0.411025 0.0627999 -0.432696 0.53157 -0.349049 -1 -0.824823 -1 -1 -0.951922 
-0.554595 -1 -1 0.932284 -0.962315 -0.0478897 -1 -1 -0.143332 0.471907 0.291024 -1 -0.438553 0.168975 -0.351571 0.162184 -0.884865 -0.736269 -0.179007 -0.620124 -0.90316 0.33085 -0.469914 -0.309142 -0.861692 -0.975095 -0.804183 -1 -0.535948 -0.0986847 -1 -0.991745 0.940016 0.571934 -0.304316 -0.248086 0.661839 -1 -0.992899 -0.633171 -1 -0.567229 -0.598124 0.6125 -1 -0.761125 0.720104 0.26092 -0.757318 -0.95789 -0.909394 -1 0.381413 -0.941929 0.192767 -1 -0.165709 -1 -0.590625 -0.407367 -0.190124 -0.880655 -0.166496 -0.543501 -0.879537 -0.366852 0.404336 -1 -1 -1 -0.428641 0.591141 -1 -0.551231 0.53992 -0.00692686 -1 0.7442 -1 0.392969 -1 0.832106 -0.518685 0.0419343 -1 -1 -1 -1 -1 -0.507899 -0.167657 0.192485 0.295606 0.305455 -0.673939 -0.653402 -0.122368 0.649352 -0.604044 1 -0.159524 -1 -1 -0.628164 -0.914301 -0.86931 
-0.451568 -1 -1 0.388356 -1 -0.982419 -0.773984 -1 -0.365446 0.610687 -0.709876 -0.443787 -0.523516 -0.453519 -0.564445 0.396006 -0.752311 -1 -0.129044 -0.930999 -0.90316 0.124725 -0.920388 -1 -1 -1 -1 -0.969396 -0.145441 -1 -1 -0.99937 0.52425 0.246348 0.0181963 -0.278797 0.427954 -0.879432 -1 -0.206281 -1 -0.994069 -1 0.60284 -0.926321 -0.424128 0.0819214 -0.0363041 -1 -1 -1 -0.74348 0.390866 -1 -0.5188 -1 -0.37587 -1 -0.0401923 0.01152 -0.87069 -1 -1 -0.217989 -0.985242 -0.556128 -0.998305 -1 -1 -0.320992 -0.838677 0.0697039 -1 -0.286753 -0.13623 0.631719 -1 0.0842224 -1 0.340216 -0.678059 0.802141 -0.880286 -0.300522 -0.724598 -1 -1 -1 -1 -0.500952 0.148114 0.371665 0.136755 0.173232 -0.603841 -1 -0.355852 0.193789 -1 0.77991 -0.504147 -1 -1 -1 -1 -0.895405 
-0.451568 -1 -1 0.388356 -1 -1 -0.911955 -1 -0.465264 0.610687 -0.565782 -0.443787 -0.523516 -0.942056 -0.564445 0.396006 -0.752311 -1 -0.129044 -0.906612 -0.90316 0.124725 -0.920388 -1 -1 -1 -1 -0.969396 -0.145441 -1 -1 -1 0.52425 0.246348 0.0981442 -0.278797 0.427954 -0.879432 -1 -0.193471 -1 -0.994069 -1 0.60284 -0.981603 -0.424128 0.0819214 -0.0363041 -0.975578 -1 -1 -0.74348 0.390866 -1 -0.5188 -0.793124 0.168432 -1 -0.0401923 0.01152 -0.87069 -1 -1 -0.217989 -0.985242 -0.443566 -0.998305 -1 -1 -0.189495 -0.838677 0.0697039 -1 -0.286753 0.355249 0.631719 -1 -0.109583 -1 0.340216 -0.678059 0.819571 -0.880286 -0.0548906 -0.793827 -1 -1 -1 -1 -0.465022 0.148114 0.371665 0.136755 0.173232 -0.603841 -1 -0.355852 0.193789 -0.947771 0.77991 -0.504147 -1 -1 -1 -1 -0.895405 
-1 -1 -0.989707 0.267269 -0.895437 -0.330983 -1 -0.944069 -0.282334 0.950649 0.12978 -0.443787 -0.50156 -0.761527 -0.59801 0.396006 -1 -1 -0.0439432 -0.938936 -1 0.198068 -1 -1 -1 -1 -1 -1 -0.298327 -1 -0.9623 -0.970691 0.653236 0.0917433 0.200533 -0.848208 0.369141 -1 -0.876106 -0.577293 -1 -0.993714 -0.931783 0.716312 -0.926321 -1 0.1195 0.0402157 -1 -1 -1 -0.571875 0.52576 -1 -0.5188 -1 0.188301 -1 -0.256775 -0.359074 -0.613548 -1 -0.543693 -0.217989 -0.985242 -0.868445 -1 -1 -1 -0.450787 -0.560655 0.0808198 -0.809951 -0.628437 0.179256 0.539825 -1 0.505742 -1 0.245192 -0.59302 0.816408 -1 0.468888 -0.978107 -0.996116 -1 -0.815832 -1 -1 -0.0081304 0.203821 0.163499 0.173232 -0.603841 -1 -0.411025 0.0627999 -0.432696 0.53157 -0.349049 -1 -0.824823 -1 -1 -0.951922 
-0.554595 -1 -1 0.932284 -0.962315 -0.0478897 -1 -1 -0.143332 0.471907 0.291024 -1 -0.438553 0.168975 -0.351571 0.139132 -0.884865 -0.736269 -0.179007 -0.620124 -0.90316 0.33085 -0.469914 -0.309142 -0.861692 -0.975095 -0.495685 -1 -0.535948 -0.0986847 -1 -0.991745 0.940016 0.571934 -0.304316 -0.248086 0.495677 -1 -0.992899 -0.193471 -1 -0.903373 -0.598124 0.6125 -1 -0.761125 0.720104 0.26092 -0.757318 -0.95789 -0.909394 -1 0.381413 -0.941929 0.138023 -1 -0.165709 -1 -0.590625 -0.407367 -0.190124 -0.880655 -0.166496 -0.543501 -0.879537 -0.366852 0.404336 -1 -1 -0.686176 -0.428641 0.591141 -1 -0.551231 0.372829 -0.00692686 -1 0.7442 -1 0.392969 -1 0.802141 -0.518685 0.0419343 -1 -1 -1 -1 -1 -0.507899 -0.167657 0.192485 0.295606 0.305455 -0.673939 -0.653402 -0.122368 0.627279 -0.73308 1 -0.159524 -1 -1 -0.628164 -0.914301 -0.300027 
-0.451568 -1 -1 0.231841 -0.878021 -0.459353 -1 -0.944069 -0.331602 0.750226 0.113057 -0.443787 -0.483083 -0.313856 -0.564445 0.269068 -0.873257 -1 -0.471453 -0.938936 -1 0.198068 -0.920388 -0.870938 -1 -1 -1 -1 -0.0144711 -1 -1 -1 0.490118 0.246348 -0.253309 -0.334089 0.313852 -1 -0.957362 -0.737973 -0.966015 -1 -0.931783 0.227796 -0.671646 -0.404818 -0.154799 0.22344 -0.495245 -1 -1 -0.74348 0.390866 -1 -0.478376 -1 0.168432 -1 -0.00547942 0.01152 -0.757465 -0.931214 -0.589616 -0.193664 -0.985242 -0.936633 -1 -0.98034 -1 -0.459535 -1 -0.345189 -1 -0.258617 0.339016 0.626537 -1 0.490202 -1 -0.116225 -1 0.923875 -1 -0.221504 -0.910075 -0.922179 -0.849762 -1 -1 -0.99766 -0.360882 0.203821 0.163499 0.173232 -0.603841 -0.968698 -0.458413 0.330754 -0.424849 0.873827 -0.203765 -1 -0.824823 -0.74591 -0.978164 -0.785387 
-0.935685 -1 -1 -0.00543317 -1 -0.389368 -0.975591 -0.957522 -0.282334 0.803277 -0.458603 -0.443787 -0.71623 -0.744068 -0.983941 0.396006 -0.927623 -1 -0.716618 -0.938936 -0.90316 0.198068 -0.920388 -0.742384 -1 -1 -1 -1 -0.185831 -1 -1 -0.989561 0.653236 0.246348 -0.236808 -0.278797 0.427954 -0.905146 -0.902103 -0.966119 -1 -0.994069 -1 0.60284 -0.926321 -0.424128 0.0819214 0.0839838 -1 -0.860471 -0.999697 -0.74348 0.390866 -1 -0.871416 -0.56753 0.168432 -1 -0.362155 -0.400331 -1 -1 -0.520331 -0.514874 -1 -0.443566 -0.998305 -1 -1 -0.17236 -0.560655 0.0697039 -1 -0.286753 0.171081 0.467393 -1 0.0842224 -1 0.340216 -0.616943 0.802141 -0.997102 0.347526 -0.910075 -1 -0.800164 -1 -1 -0.465022 0.148114 0.11316 0.163499 0.173232 -0.52669 -1 -0.431666 0.330754 -1 0.969568 -0.203765 -1 -0.824823 -1 -1 -1 
-0.623361 -1 -1 1 -0.962315 -0.242451 -0.985758 -1 -0.261002 0.471907 0.291024 -0.644429 -0.417574 0.162641 -0.105894 -0.0616501 -0.884865 -0.736269 -0.478219 -0.786527 -0.90316 0.0400259 -0.469914 -0.309142 -1 -0.996886 -0.495685 -1 0.0193785 -0.187558 -1 -0.86113 0.940016 -0.122435 0.00603223 -0.0999132 0.495677 -1 -0.869704 -0.193471 -1 -0.439652 -0.598124 0.481768 -1 -0.573329 0.720104 0.560747 -0.709935 -0.95789 -0.802598 -1 0.446366 -1 0.258095 -1 -0.532745 -1 -0.863187 -0.213739 -0.663313 -0.801151 -0.190646 -0.435091 -0.879537 0.139993 0.363536 -1 -1 -0.931458 -0.428641 0.690902 -0.903464 -0.354249 0.729291 0.744721 -1 0.7442 -1 0.392969 -0.793431 0.772102 -0.518685 0.0419343 -0.905814 -1 -0.79971 -1 -1 -0.507899 -0.167657 0.317647 0.139863 0.455256 -0.673939 -0.655664 -0.122368 0.649352 -0.297826 0.994725 -0.159524 -1 -0.491381 -0.628164 -0.914301 -0.617877 
-0.451568 -1 -1 0.231841 -0.878021 -0.459353 -1 -0.944069 -0.318754 0.750226 0.113057 -0.621484 -0.340397 -0.313856 -0.564445 0.269068 -1 -1 -0.506287 -0.938936 -0.90316 0.198068 -0.920388 -0.870938 -1 -1 -1 -1 -0.055312 -1 -1 -1 0.490118 0.246348 0.247787 -0.334089 0.313852 -1 -0.957362 -0.193471 -0.864719 -1 -0.931783 0.227796 -0.671646 -0.989335 -0.154799 0.22344 -0.495245 -1 -1 -0.74348 0.390866 -1 -0.582671 -0.925686 0.168432 -1 -0.482422 0.0456611 -0.613548 -0.931214 -0.589616 -0.193664 -0.985242 -0.988972 -1 -1 -1 -0.464006 -0.964426 -0.345189 -0.81166 -0.286753 0.355249 0.626537 -1 0.578894 -1 -0.116225 -0.612515 0.686504 -1 -0.221504 -0.910075 -0.922179 -0.877412 -1 -1 -0.442023 -0.360882 0.203821 0.163499 0.173232 -0.603841 -1 -0.458413 0.330754 -0.424849 0.776383 -0.203765 -1 -0.824823 -0.74591 -0.978164 -0.785387 
-0.623361 -0.99281 -1 1 -0.962315 -0.242451 -0.985758 -1 -0.262063 0.471907 0.487651 -0.644429 -0.417574 0.162641 -0.105894 0.139132 -0.884865 -0.736269 -0.179007 -0.786527 -0.90316 0.27967 -0.469914 -0.309142 -1 -1 -1 -1 0.0193785 -0.187558 -1 -0.86113 0.940016 0.450894 0.00603223 -0.263109 0.269013 -1 -0.869704 -0.193471 -1 -0.567229 -0.598124 0.648525 -1 -0.761125 0.720104 0.560747 -0.251088 -0.95789 -0.802598 -1 0.446366 -1 0.192767 -1 -0.165709 -1 -0.863187 -0.213739 -0.190124 -0.801151 -0.166496 -0.217989 -0.879537 0.139993 0.585706 -0.973012 -1 -0.504344 -0.428641 0.690902 -0.903464 -0.367533 0.791912 0.848905 -1 0.7442 -1 0.392969 -0.881798 0.802141 -0.518685 0.0419343 -0.905814 -1 -0.79971 -1 -1 -0.507899 -0.167657 0.422383 0.139863 0.455256 -0.673939 -0.655664 -0.32829 0.649352 -0.297826 1 -0.159524 -0.84925 -0.491381 -0.628164 -0.914301 -1 
-0.567928 -1 -1 0.371756 -1 -0.46105 -1 -0.957522 -0.415364 0.750226 -0.271916 -0.443787 -0.869811 -0.453519 -0.564445 0.396006 -0.617566 -1 -0.129044 -1 -0.90316 0.198068 -1 -0.690313 -1 -1 -1 -0.803247 -0.269798 -1 -1 -1 0.491862 0.246348 0.0981442 -0.278797 0.565763 -1 -0.902103 -0.193471 -1 -0.950593 -1 0.60284 -0.926321 -0.424128 0.0819214 0.434617 -1 -1 -1 -0.74348 0.390866 -0.853185 -0.5188 -0.833951 0.168432 -1 -0.00547942 0.01152 -0.590649 -1 -0.824359 -0.217989 -0.985242 -0.443566 -1 -0.98797 -0.964667 -0.17787 -0.560655 0.0697039 -1 -0.141357 0.355249 0.597882 -1 0.0842224 -1 0.340216 -0.612515 0.802141 -0.880286 -0.0548906 -0.910075 -1 -0.800164 -1 -1 -0.465022 0.148114 0.203821 0.163499 0.173232 -0.603841 -1 -0.24133 0.330754 -1 0.817236 -0.203765 -1 -0.824823 -0.859035 -1 -1 
-0.736202 -1 -1 0.932284 -0.962315 -0.594313 -0.985758 -1 -0.341969 -0.0291677 0.291024 -1 -0.438553 0.168975 -0.163747 -0.439789 -1 -0.973552 -0.466745 -0.917637 -0.90316 0.33085 -0.847982 -0.309868 -0.896296 -0.975095 -0.495685 -1 0.0267929 -1 -1 -0.80572 1 0.571934 0.00603223 -0.812645 0.495677 -1 -1 -0.193471 -1 -0.567229 -0.598124 0.6125 -1 -0.761125 0.720104 0.196996 -0.251088 -0.95789 -0.789758 -0.901565 0.336095 -1 0.192767 -1 -0.165709 -1 -0.494069 -0.407367 -0.43632 -0.880655 -0.166496 -0.543501 -0.902256 -0.366852 0.482765 -1 -0.937824 -0.741528 -0.7637 0.262547 -0.866263 -0.947717 0.791912 0.0553755 -1 0.7442 -1 0.392969 -0.881798 0.34539 -0.518685 0.0419343 -0.875988 -1 -1 -1 -1 -0.507899 -0.167657 -0.154479 0.295606 0.455256 -0.64786 -1 -0.650592 0.796192 -0.355528 1 -0.159524 -1 -1 -0.628164 -0.914301 -1 
-0.451568 -1 -1 0.231841 -0.878021 -0.459353 -1 -0.944069 -0.331602 0.750226 0.113057 -0.443787 -0.483083 -0.313856 -0.564445 0.269068 -0.873257 -1 -0.471453 -0.938936 -1 0.198068 -0.920388 -0.870938 -1 -1 -1 -1 -0.055312 -1 -1 -1 0.490118 0.246348 -0.253309 -0.334089 0.313852 -1 -0.957362 -0.737973 -0.966015 -1 -0.931783 0.227796 -0.671646 -0.404818 -0.154799 0.22344 -0.495245 -1 -1 -0.74348 0.390866 -1 -0.478376 -1 0.168432 -1 -0.00547942 0.01152 -0.757465 -0.931214 -0.589616 -0.193664 -0.985242 -0.988972 -1 -0.98034 -1 -0.459535 -0.919271 -0.345189 -1 -0.286753 0.339016 0.626537 -1 0.490202 -1 -0.116225 -1 0.83792 -1 -0.221504 -0.910075 -0.922179 -0.849762 -1 -1 -0.442023 -0.360882 0.203821 0.163499 0.173232 -0.603841 -0.968698 -0.458413 0.330754 -0.424849 0.873827 -0.203765 -1 -0.824823 -0.74591 -0.978164 -0.785387 
-0.451568 -1 -1 0.388356 -1 -0.982419 -0.833897 -1 -0.365446 0.610687 -0.453934 -0.443787 -0.523516 -0.453519 -0.564445 0.396006 -0.752311 -1 -0.129044 -0.906612 -0.90316 0.124725 -0.920388 -1 -1 -1 -0.936161 -0.969396 -0.145441 -1 -1 -1 0.52425 0.246348 0.0981442 -0.278797 0.427954 -0.879432 -1 -0.193471 -1 -0.994069 -1 0.60284 -0.926321 -0.424128 0.0819214 -0.0363041 -1 -0.885277 -1 -0.74348 0.390866 -1 -0.5188 -0.900509 0.168432 -1 -0.164223 0.01152 -0.87069 -1 -1 -0.217989 -0.985242 -0.443566 -0.998305 -1 -1 -0.15051 -0.894057 -0.0936405 -1 -0.286753 0.355249 0.249275 -1 0.0842224 -1 0.340216 -0.767259 0.802141 -0.880286 -0.0548906 -0.724598 -1 -1 -1 -1 -0.465022 0.148114 0.41182 0.136755 0.173232 -0.603841 -1 -0.355852 0.193789 -0.947771 0.77991 -0.504147 -1 -1 -1 -1 -0.895405 
-0.605613 -1 -1 0.231841 -1 -1 -1 -0.944069 -0.318754 0.750226 0.113057 -0.443787 -0.483083 -0.313856 -0.564445 0.146787 -1 -1 -1 -0.938936 -0.90316 0.0991109 -0.920388 -0.870938 -1 -0.950761 -1 -1 -0.055312 -1 -1 -1 0.659089 0.246348 0.247787 -0.334089 0.247908 -1 -0.957362 -0.193471 -0.936769 -1 -1 0.227796 -0.898754 -0.802098 -0.154799 0.391551 -0.495245 -1 -1 -0.74348 0.390866 -1 -0.582671 -0.827189 0.168432 -1 -0.00547942 -0.333596 -0.757465 -0.931214 -0.589616 -0.0503477 -0.985242 -0.988972 -1 -0.98034 -1 -0.464006 -0.919271 -0.345189 -1 -0.286753 0.355249 0.626537 -1 0.490202 -1 0.0360699 -0.612515 0.537175 -0.963479 -0.0827666 -0.910075 -0.960858 -0.849762 -1 -1 -0.442023 -0.169524 0.257219 -0.338035 0.173232 -0.603841 -0.825229 -0.458413 0.100507 -0.424849 0.873827 -0.0576154 -1 -0.824823 -0.74591 -1 -0.700806 
-0.517421 -0.760755 -0.974554 0.366736 -1 -0.459353 -0.833066 -0.944069 -0.783758 0.238865 0.0563892 -0.93867 -0.417574 -0.330834 -0.564445 -0.321344 -1 -0.999357 -0.727436 -0.938936 -0.90316 0.198068 -1 -0.690313 -1 -0.917515 -1 -0.862112 -0.055312 -1 -0.817601 -1 0.52086 0.246348 0.0981442 -0.278797 0.313852 -1 -0.972736 -0.202977 -1 -0.989059 -0.931783 0.794815 -0.671646 -0.384816 0.104268 0.25795 -1 -1 -1 -0.807139 0.249009 -1 -0.544029 -0.827189 0.168432 -1 -0.0438416 -0.307013 -0.603846 -0.814208 -0.520331 -0.211123 -1 -0.823483 -0.872496 -1 -0.946082 -0.545479 -0.592642 0.0697039 -1 -0.286753 0.355249 0.661362 -1 0.490202 -0.982884 0.438451 -0.612515 0.686504 -1 0.429449 -0.986211 -0.906245 -1 -1 -0.731625 -0.442023 -0.0081304 -0.108482 0.163499 0.173232 -0.603841 -1 -0.722014 0.330754 -0.424849 0.0815777 -0.441287 -1 -1 -0.74591 -1 -0.785387 
-0.492369 -0.97948 -1 0.932284 -0.962315 -0.0420084 -0.985758 -1 -0.262063 0.471907 0.0610129 -0.776276 -0.522741 -0.0941592 -0.2341 0.139132 -1 -0.736269 -0.454823 -0.786527 -0.90316 0.27967 -0.352156 -0.309142 -1 -1 -0.495685 -0.809751 0.0193785 -0.0986847 -1 -0.797172 0.940016 0.571934 0.00603223 -0.0999132 0.495677 -1 -0.869704 -0.193471 -1 -0.567229 -0.598124 0.6125 -1 -0.761125 0.720104 0.634954 -0.251088 -0.95789 -0.802598 -0.987163 0.381413 -1 0.192767 -1 -0.163607 -1 -0.973375 -0.730411 -0.190124 -0.801151 -0.166496 -0.217989 -0.931444 -0.00856037 0.486505 -0.973012 -1 -0.504344 -0.428641 0.690902 -1 -0.386095 0.791912 0.965248 -1 0.7442 -1 0.392969 -0.881798 0.802141 -1 -0.183063 -0.905814 -1 -0.79971 -1 -1 -0.507899 -0.167657 0.399877 0.139863 0.321742 -0.673939 -0.653402 -0.122368 0.649352 -0.297826 1 -0.159524 -0.84925 -0.491381 -0.628164 -0.914301 -0.319437 
-0.567928 -1 -1 0.371756 -1 -0.46105 -1 -0.957522 -0.400496 0.750226 -0.160107 -0.443787 -0.869811 -0.97012 -0.564445 0.396006 -0.617566 -1 -0.129044 -1 -0.90316 0.198068 -1 -0.690313 -1 -1 -1 -0.803247 -0.269798 -1 -1 -1 0.491862 0.246348 0.0981442 -0.278797 0.565763 -1 -0.902103 -0.193471 -1 -0.950593 -1 0.60284 -0.926321 -0.424128 0.0819214 0.387557 -1 -1 -1 -0.74348 0.390866 -0.853185 -0.5188 -0.645116 0.168432 -1 -0.00547942 0.01152 -0.590649 -1 -0.824359 -0.217989 -0.985242 -0.443566 -1 -0.98797 -0.964667 -0.17787 -0.560655 0.0697039 -1 -0.141357 0.355249 0.119887 -1 0.0842224 -1 0.340216 -0.612515 0.457303 -0.880286 -0.0548906 -0.910075 -1 -0.800164 -1 -1 -0.465022 0.0769046 0.203821 0.163499 0.173232 -0.603841 -1 -0.24133 0.330754 -1 0.817236 -0.203765 -1 -1 -0.859035 -1 -1 
-0.451568 -1 -1 0.371756 -1 -0.46105 -1 -0.957522 -0.282334 0.750226 -0.271916 -0.443787 -0.812079 -0.453519 -0.564445 -0.041347 -0.767773 -0.882687 -0.129044 -0.938936 -0.90316 0.0802592 -0.920388 -0.690313 -1 -1 -1 -1 -0.185831 -1 -1 -1 0.524532 0.246348 0.0981442 -0.278797 0.623704 -1 -0.902103 -0.193471 -1 -1 -1 0.53471 -0.926321 -0.424128 0.16284 -0.103223 -1 -1 -0.839094 -0.74348 0.390866 -0.853185 -0.5188 -0.833951 0.168432 -1 -0.0843564 0.01152 -0.704556 -1 -0.520331 -0.217989 -0.985242 -0.443566 -0.998305 -1 -1 -0.17787 -0.59349 0.0651996 -1 -0.286753 0.355249 0.306539 -1 0.0842224 -0.902775 0.340216 -0.612515 0.802141 -0.880286 -0.0548906 -0.910075 -1 -0.800164 -0.974489 -1 -0.465022 0.0912548 0.203821 0.163499 0.173232 -0.603841 -1 -0.355852 0.330754 -0.938418 0.77991 -0.203765 -1 -0.824823 -1 -1 -1 
0.268453 -0.723193 -0.478893 -1 -0.845362 -1 -0.270909 -1 -0.369952 -0.737043 -1 0.429752 -0.184465 -0.927216 -0.128888 -0.335144 -1 0.438979 0.149642 -1 -0.274782 -1 -1 0.0264202 0.398673 -0.983189 -0.782432 -0.78694 0.261793 -1 -0.0264403 -1 -0.0800358 0.901299 -1 -0.35475 -1 0.728754 -0.386221 0.140088 -0.443539 -0.449847 0.26941 0.880221 -0.345361 -0.735018 -0.813239 0.81262 0.700357 -1 0.0159685 0.823987 -0.841703 -0.345794 -0.398973 -0.849762 0.185071 0.810544 -1 -0.846544 0.370462 -1 -1 -0.0389417 0.230052 -1 -1 -0.614502 0.308801 0.388239 -0.282508 0.197716 -0.466658 -1 -0.156234 -1 -1 -0.230437 -0.187057 -0.995384 -0.319267 -1 0.976087 -1 0.822086 0.697056 -0.767388 -1 -0.257547 -0.29981 -0.722792 -0.0202443 -1 0.2608 0.0933992 -0.0949985 -0.231636 -0.988391 0.196742 -1 0.637009 -0.338047 -1 -1 -0.874292 -0.710852 
-0.623361 -0.953432 -1 1 -0.962315 -0.242451 -0.985758 -1 -0.283428 0.471907 0.291024 -0.644429 -0.417574 0.162641 -0.105894 0.139132 -0.884865 -0.736269 -0.179007 -0.786527 -0.90316 0.0400259 -0.469914 -0.309142 -1 -0.996886 -0.495685 -1 0.0193785 -0.187558 -1 -0.86113 0.940016 -0.122435 0.00603223 -0.0999132 0.495677 -1 -0.869704 -0.193471 -1 -0.567229 -0.598124 0.6125 -1 -0.761125 0.720104 0.560747 -0.251088 -0.95789 -0.802598 -1 0.446366 -1 0.258095 -1 -0.165709 -1 -0.863187 -0.213739 -0.663313 -0.801151 -0.166496 -0.217989 -0.879537 0.139993 0.585706 -1 -1 -0.931458 -0.428641 0.690902 -0.903464 -0.354249 0.729291 0.744721 -1 0.7442 -1 0.392969 -0.793431 0.802141 -0.518685 0.0419343 -0.905814 -1 -0.79971 -1 -1 -0.507899 -0.167657 0.422383 0.139863 0.455256 -0.673939 -0.655664 -0.122368 0.649352 -0.297826 0.994725 -0.159524 -0.84925 -0.491381 -0.628164 -0.914301 -0.617877 
-0.804475 -1 -1 0.231841 -1 -0.950936 -1 -0.944069 -0.318754 0.750226 0.113057 -0.319182 -0.483083 -0.313856 -0.564445 0.269068 -1 -1 -0.526052 -0.94632 -0.943763 -0.301898 -0.920388 -0.870938 -1 -1 -1 -1 -0.055312 -1 -1 -1 0.659089 0.246348 0.247787 -0.334089 0.34234 -1 -0.957362 -0.193471 -0.864719 -1 -1 0.227796 -0.771769 -0.404818 -0.154799 0.391551 -0.495245 -1 -1 -0.74348 0.390866 -1 -0.582671 -0.827189 0.168432 -1 -0.00547942 -0.333596 -0.757465 -0.931214 -0.589616 -0.193187 -0.985242 -1 -0.995321 -0.98034 -1 -0.464006 -0.844641 -0.303085 -1 -0.286753 0.355249 0.626537 -1 0.490202 -1 -0.0185116 -0.612515 0.537175 -0.963479 -0.221504 -0.910075 -0.960858 -0.849762 -1 -1 -0.442023 -0.169524 0.257219 0.163499 0.173232 -0.603841 -0.825229 -0.458413 0.330754 -0.424849 0.873827 -0.203765 -1 -0.824823 -0.74591 -1 -0.700806 
-0.804475 -1 -1 0.231841 -1 -1 -1 -0.944069 -0.318754 0.750226 0.113057 -0.443787 -0.483083 -0.313856 -0.564445 0.269068 -1 -1 -0.526052 -1 -0.742472 0.0991109 -0.920388 -0.870938 -1 -1 -1 -1 -0.055312 -1 -1 -1 0.659089 0.246348 0.247787 -0.334089 0.34234 -0.806482 -0.957362 -0.193471 -0.864719 -1 -1 0.227796 -0.898754 -0.404818 -0.154799 0.391551 -0.495245 -1 -1 -0.74348 0.390866 -1 -0.582671 -0.827189 0.168432 -1 -0.00547942 -0.333596 -0.757465 -0.75245 -0.589616 -0.193187 -0.985242 -0.988972 -0.995321 -0.98034 -1 -0.464006 -0.919271 -0.303085 -1 -0.286753 0.355249 0.626537 -1 0.490202 -1 -0.0185116 -0.612515 0.537175 -0.963479 -0.221504 -0.910075 -0.960858 -0.942047 -1 -1 -0.442023 -0.169524 0.257219 0.163499 0.173232 -0.685088 -0.825229 -0.458413 0.330754 -0.910701 0.873827 -0.203765 -1 -1 -0.74591 -1 -0.700806 
-0.623361 -0.97948 -1 0.932284 -0.984721 -0.183965 -0.985758 -1 -0.262063 0.471907 -0.123585 -0.776276 -0.417574 0.227678 -0.185618 0.0128434 -1 -1 -0.179007 -0.786527 -0.90316 -0.031554 -0.469914 -0.309142 -1 -1 -0.576059 -1 -0.305288 -0.0986847 -1 -0.797172 0.940016 0.571934 0.00603223 -0.188056 -0.0533271 -1 -0.869704 -0.193471 -1 -0.567229 -0.54562 0.387009 -1 -0.761125 0.720104 0.634954 -0.726241 -1 -0.802598 -1 -0.0488712 -1 0.12319 -1 -0.675758 -1 -0.590625 -0.442392 -0.190124 -0.688216 -0.763983 -0.217989 -0.879537 -0.267831 0.361156 -0.973012 -1 -0.504344 -0.428641 0.690902 -0.91491 -0.386095 0.827598 0.601568 -1 0.7442 -1 0.392969 -0.881798 0.802141 -0.518685 0.229678 -0.905814 -1 -0.863108 -0.862459 -1 -0.507899 -0.167657 0.138641 0.139863 0.455256 -0.734764 -0.653402 -0.122368 0.649352 -0.297826 1 -0.159524 -0.727808 -0.558642 -0.628164 -0.914301 -0.319437 
-0.567928 -1 -0.855086 0.491117 -1 -0.848108 -1 -0.957522 -0.415364 0.750226 -0.271916 -0.443787 -0.869811 -0.453519 -1 0.000855386 -0.738002 -1 -0.129044 -1 -1 0.198068 -1 -0.690313 -1 -1 -1 -0.803247 -0.286372 -1 -1 -1 0.491862 0.246348 0.0981442 -0.278797 0.565763 -1 -0.902103 -0.193471 -1 -0.950593 -1 0.60284 -0.926321 -0.424128 0.0819214 0.434617 -1 -1 -1 -0.74348 0.390866 -1 -0.5188 -0.833951 0.168432 -1 -0.00547942 0.0108019 -0.590649 -1 -0.824359 -0.0416798 -1 -0.71053 -1 -0.98797 -0.964667 -0.17787 -0.560655 0.177428 -1 -0.141357 0.355249 0.597882 -1 -0.472483 -0.921961 0.340216 -0.612515 0.802141 -0.880286 -0.0548906 -0.910075 -1 -0.800164 -1 -1 -0.465022 0.148114 0.203821 0.0172255 0.168307 -0.603841 -1 -0.24133 0.310943 -1 0.817236 -0.203765 -1 -0.824823 -0.965552 -1 -1 
-1 -1 -0.989707 0.267269 -0.895437 -0.330983 -1 -0.944069 -0.282334 0.950649 -0.461974 -0.443787 -0.50156 -1 -0.59801 0.396006 -1 -1 -0.0439432 -0.938936 -1 0.198068 -1 -1 -1 -1 -1 -1 -0.298327 -1 -0.9623 -0.970691 0.653236 0.0917433 0.200533 -0.848208 0.369141 -1 -0.876106 -0.577293 -1 -0.993714 -0.931783 0.716312 -0.926321 -0.945358 0.1195 0.0402157 -1 -1 -1 -0.571875 0.52576 -1 -0.5188 -1 0.188301 -1 -0.839406 -0.359074 -0.613548 -1 -0.763024 -0.217989 -0.985242 -0.868445 -1 -1 -1 -0.450787 -0.560655 0.0808198 -0.809951 -0.628437 0.179256 0.539825 -1 0.505742 -1 0.245192 -0.59302 0.816408 -1 0.468888 -0.978107 -0.996116 -1 -0.815832 -1 -1 -0.0081304 0.203821 0.163499 0.173232 -0.603841 -1 -0.411025 0.0627999 -0.432696 0.53157 -0.349049 -1 -0.824823 -1 -1 -0.951922 
-0.451568 -1 -1 0.371756 -1 -0.46105 -1 -0.957522 -0.239959 0.750226 -0.271916 -0.443787 -0.812079 -0.453519 -0.564445 -0.041347 -0.767773 -0.882687 -0.129044 -0.938936 -0.90316 0.0802592 -0.920388 -0.690313 -1 -1 -1 -1 -0.185831 -1 -1 -1 0.491862 0.246348 0.0981442 -0.278797 0.623704 -1 -0.902103 -0.193471 -1 -1 -1 0.60284 -0.926321 -0.424128 0.16284 -0.103223 -1 -1 -0.839094 -0.74348 0.390866 -0.853185 -0.5188 -0.840383 0.168432 -1 -0.0843564 0.01152 -0.704556 -1 -0.520331 -0.217989 -0.985242 -0.443566 -0.998305 -1 -1 -0.17787 -0.59349 0.0697039 -1 -0.286753 0.355249 0.306539 -1 0.0842224 -0.902775 0.340216 -0.612515 0.802141 -0.880286 -0.0548906 -0.910075 -1 -0.800164 -0.974489 -1 -0.465022 0.0912548 0.203821 0.163499 0.173232 -0.603841 -1 -0.355852 0.330754 -0.938418 0.77991 -0.203765 -1 -0.824823 -1 -1 -1 
-0.88099 -1 -1 0.306104 -1 -0.982419 -0.911955 -1 -0.365446 0.442189 -0.565782 -0.643569 -1 -0.381942 -0.564445 0.396006 -0.752311 -1 -0.142177 -0.719786 -0.90316 -0.344846 -1 -1 -1 -1 -1 -1 -0.145441 -1 -1 -0.99937 0.52425 0.246348 0.0981442 -0.278797 0.427954 -0.879432 -1 -0.322049 -1 -0.994069 -1 0.60284 -1 -1 0.0819214 -0.0363041 -1 -1 -1 -0.866628 0.390866 -0.853185 -0.5188 -0.900509 0.168432 -1 -0.0401923 -0.122505 -0.813853 -1 -0.965593 -0.217989 -1 -0.443566 -0.998305 -0.991423 -1 -0.244486 -0.838677 -0.00438647 -1 -0.286753 0.355249 0.631719 -1 0.204491 -1 0.340216 -0.776097 0.992263 -0.880286 -0.0548906 -0.900292 -1 -1 -1 -0.97618 -0.494916 0.29723 -0.411972 0.136755 0.442124 -0.603841 -1 -0.326478 0.116088 -0.947771 0.77991 -0.203765 -1 -1 -1 -1 -1 
-0.623361 -0.953432 -1 1 -0.962315 -0.242451 -0.985758 -1 -0.10497 0.471907 0.291024 -0.644429 -0.527052 0.162641 -0.105894 0.139132 -0.884865 -0.736269 -0.179007 -0.786527 -0.90316 0.27967 -0.469914 -0.309142 -1 -0.996886 -0.495685 -1 0.0193785 -0.187558 -1 -0.973382 0.940016 0.450894 0.00603223 -0.152713 0.0645097 -1 -1 -0.193471 -0.837577 -0.567229 -0.598124 0.6125 -1 -0.761125 0.720104 0.154843 -0.251088 -0.95789 -0.802598 -1 0.446366 -1 0.258095 -1 -0.165709 -1 -0.863187 -0.213739 -0.137726 -0.801151 -0.166496 -0.217989 -0.879537 0.139993 0.585706 -1 -1 -0.931458 -0.428641 0.633633 -0.903464 -0.367533 0.791912 0.744721 -1 0.7442 -1 0.392969 -0.793431 0.287735 -0.518685 -0.478943 -1 -1 -0.79971 -1 -1 -0.507899 -0.167657 0.422383 0.139863 0.455256 -0.673939 -0.946789 -0.122368 0.649352 -0.297826 0.994725 -0.159524 -0.84925 -0.491381 -0.628164 -0.914301 -0.617877 
-0.804475 -1 -1 0.231841 -1 -0.950936 -1 -1 -0.318754 0.750226 0.113057 -0.603094 -0.483083 -0.783029 -0.996817 0.269068 -1 -1 -0.39079 -0.94632 -0.788654 0.0991109 -0.920388 -1 -1 -1 -1 -1 -0.971179 -1 -1 -1 -0.0800666 0.246348 -0.158229 -0.334089 0.241748 -1 -1 -0.193471 -0.864719 -1 -1 -0.221022 -0.758328 -0.404818 -0.130845 0.29981 -0.495245 -0.854235 -1 -1 0.390866 -1 -0.582671 -0.921831 0.168432 -1 -0.43323 -0.287564 -0.757465 -0.931214 -0.589616 -0.193187 -0.985242 -0.988972 -0.995321 -0.98034 -0.9669 -0.952917 -0.919271 -0.303085 -1 -0.286753 0.355249 0.626537 -1 0.490202 -1 -0.0185116 -0.908874 0.65283 -0.963479 -0.757543 -0.910075 -0.960858 -0.849762 -1 -0.856287 -0.442023 -0.0350836 0.257219 0.163499 0.173232 -0.603841 -0.825229 -0.458413 0.330754 -0.424849 0.873827 -0.203765 -1 -1 -0.74591 -1 -0.700806 
-0.567928 -1 -1 0.371756 -1 -0.615826 -1 -0.957522 -0.415364 0.436541 -0.614704 -0.443787 -0.869811 -0.453519 -0.564445 0.396006 -0.565673 -1 -0.129044 -1 -1 0.198068 -1 -0.690313 -1 -1 -1 -1 -0.269798 -1 -1 -1 0.491862 0.246348 0.0981442 -0.278797 0.565763 -1 -1 -0.193471 -1 -0.950593 -1 -0.195301 -0.926321 -0.899141 0.0819214 0.434617 -1 -1 -1 -0.905133 0.390866 -0.853185 -0.5188 -1 0.168432 -1 -0.00547942 0.01152 -0.590649 -1 -0.824359 -0.668904 -1 -0.443566 -1 -0.98797 -0.964667 -0.17787 -0.560655 0.0372795 -1 -0.141357 0.355249 0.597882 -0.864652 0.0842224 -1 0.340216 -0.612515 0.802141 -0.880286 -1 -0.910075 -1 -0.800164 -1 -1 -0.465022 0.148114 0.203821 0.163499 0.173232 -0.603841 -1 -0.24133 0.330754 -1 0.817236 -0.203765 -1 -1 -0.847204 -1 -1 
-0.567928 -1 -1 0.371756 -1 -0.615826 -1 -0.957522 -0.415364 0.436541 -0.271916 -0.443787 -0.869811 -0.453519 -0.564445 0.396006 -0.617566 -1 -0.129044 -1 -1 0.198068 -1 -0.690313 -1 -1 -1 -0.856272 -0.269798 -1 -1 -1 0.491862 0.246348 0.0981442 -0.278797 0.565763 -1 -0.902103 -0.193471 -1 -0.950593 -1 0.264008 -0.926321 -0.899141 0.0819214 0.434617 -1 -1 -1 -0.905133 0.390866 -0.853185 -0.5188 -0.833951 0.168432 -1 -0.00547942 0.01152 -0.590649 -1 -0.824359 -0.668904 -1 -0.443566 -1 -0.98797 -0.964667 -0.17787 -0.560655 0.0697039 -1 -0.141357 0.355249 0.597882 -1 0.0842224 -1 0.340216 -0.612515 0.802141 -0.880286 -0.0548906 -0.910075 -1 -0.800164 -1 -1 -0.465022 0.148114 0.203821 0.163499 0.173232 -0.603841 -1 -0.24133 0.330754 -1 0.817236 -0.203765 -0.91532 -1 -0.859035 -1 -1 
-0.623361 -1 -1 0.932284 -1 -0.713042 -0.985758 -1 -0.262063 0.471907 0.385123 -0.776276 -0.417574 0.227678 -0.612641 0.139132 -1 -0.736269 -0.179007 -0.786527 -1 0.27967 -0.759319 -0.309142 -1 -1 -0.576059 -1 -0.293117 -0.0968007 -1 -0.797172 0.940016 0.571934 0.00603223 -0.622106 0.0275545 -1 -0.869704 -0.193471 -1 -0.567229 -1 0.6125 -1 -0.761125 0.720104 0.123454 -1 -0.927736 -0.802598 -1 0.381413 -1 -0.27711 -1 -0.165709 -1 -0.590625 -0.213739 -0.190124 -0.801151 -0.682781 -0.217989 -0.879537 0.139993 0.361156 -1 -1 -0.504344 -0.428641 0.0940734 -0.903464 -0.485769 0.791912 0.922565 -0.986207 0.7442 -0.89483 0.392969 -1 0.802141 -0.518685 0.0419343 -0.905814 -1 -0.842728 -0.848863 -1 -0.705289 -0.167657 0.17157 0.139863 0.629023 -0.59095 -0.739978 -0.119027 0.561186 -0.297826 1 -0.159524 -0.84925 -0.491381 -0.60374 -1 -0.243105 
-1 -0.907668 -1 0.932284 -1 -0.183965 -0.985758 -1 -0.262063 0.471907 0.291024 -1 -0.438553 0.168975 0.000235409 0.139132 -1 -1 -0.179007 -0.620124 -0.90316 0.27967 -0.469914 -0.411757 -1 -1 -0.495685 -1 0.0193785 -0.0986847 -1 -0.797172 0.940016 0.571934 0.00603223 -0.0999132 0.495677 -1 -1 -0.193471 -1 -0.567229 -0.598124 0.6125 -1 -0.761125 0.396245 0.26092 -0.251088 -0.95789 -0.802598 -1 0.381413 -1 0.192767 -1 -0.165709 -1 -0.590625 -0.213739 -0.241177 -0.801151 -0.166496 -0.217989 -0.879537 -0.366852 0.425117 -1 -1 -0.504344 -0.428641 0.692966 -1 -0.386095 0.791912 0.0463049 -1 0.7442 -1 0.448185 -0.881798 0.802141 -0.518685 -0.0874144 -0.872829 -1 -0.79971 -1 -1 -0.507899 -0.167657 0.399877 0.139863 0.455256 -0.673939 -0.678114 -0.122368 0.649352 -0.553736 1 -0.159524 -1 -0.491381 -0.628164 -0.914301 -0.300027 
-0.451568 -1 -1 0.231841 -0.878021 -0.459353 -1 -0.944069 -0.318754 0.750226 0.113057 -0.621484 -0.340397 -0.313856 -0.564445 0.415895 -1 -1 -0.506287 -0.938936 -0.90316 0.198068 -0.920388 -1 -1 -1 -1 -1 -0.055312 -1 -1 -1 0.490118 0.036344 0.247787 -0.463027 0.268631 -1 -0.957362 -0.193471 -0.864719 -1 -0.931783 0.227796 -0.671646 -0.858085 -0.154799 0.22344 -0.495245 -1 -1 -0.74348 0.390866 -1 -0.582671 -0.925686 -0.226174 -1 -0.482422 0.0456611 -0.613548 -0.931214 -0.453309 -0.193664 -0.985242 -0.988972 -1 -1 -1 -0.464006 -0.919271 -0.554116 -0.81166 -0.286753 0.355249 0.626537 -1 0.578894 -1 -0.196354 -0.612515 0.685511 -1 -0.221504 -0.910075 -0.922179 -0.877412 -1 -1 -0.46 -0.360882 0.203821 0.163499 0.173232 -0.603841 -1 -0.458413 0.330754 -0.424849 0.948926 -0.203765 -1 -0.824823 -0.800891 -1 -0.785387 
-0.928331 -1 -1 0.231841 -0.878021 -0.459353 -1 -0.944069 -0.275258 0.750226 0.113057 -0.443787 -0.483083 -0.313856 -0.564445 0.269068 -1 -1 -0.471453 -1 -0.90316 0.198068 -0.920388 -1 -1 -1 -0.968669 -1 -0.055312 -1 -1 -1 0.17674 0.369442 0.247787 -0.197666 0.061791 -1 -0.98642 -0.193471 -0.864719 -1 -0.982065 0.227796 -0.92993 -0.404818 -0.154799 -0.273291 -0.494965 -1 -1 -0.74348 0.264303 -1 -0.482856 -0.827189 0.168432 -1 -0.00547942 0.181603 -0.650897 -0.931214 -0.409886 -0.193664 -1 -0.988972 -1 -1 -1 -0.825991 -1 -0.148452 -1 -0.405872 -0.0973036 0.626537 -1 0.490202 -1 -0.667208 -0.612515 0.686504 -1 -0.221504 -1 -0.922179 -1 -1 -1 -0.442023 -0.360882 -0.185574 0.163499 0.222973 -0.603841 -0.965729 -0.988016 0.44566 -0.424849 0.873827 -0.242849 -1 -0.824823 -0.74591 -0.790594 -0.785387 
-0.935685 -1 -1 -0.00543317 -1 -0.389368 -0.975591 -0.948031 -0.282334 0.803277 -0.458603 -0.443787 -0.71623 -0.744068 -0.983941 0.396006 -0.927623 -1 -0.716618 -0.938936 -0.90316 0.198068 -0.920388 -0.742384 -1 -0.960663 -1 -1 -0.185831 -1 -1 -0.989561 0.653236 0.246348 -0.204459 -0.278797 0.427954 -0.905146 -0.902103 -0.966119 -1 -0.994069 -1 0.60284 -0.926321 -0.424128 0.0819214 0.0839838 -1 -0.860471 -0.999697 -0.74348 0.390866 -1 -0.871416 -0.56753 0.168432 -1 -0.362155 -0.400331 -1 -1 -0.520331 -0.514874 -1 -0.443566 -0.998305 -1 -1 -0.17236 -0.560655 0.0697039 -1 -0.286753 0.171081 0.467393 -1 0.0842224 -1 0.340216 -0.616943 0.802141 -0.997102 0.347526 -0.910075 -1 -0.800164 -1 -1 -0.465022 0.148114 0.11316 0.163499 0.173232 -0.52669 -1 -0.431666 0.330754 -1 0.969568 -0.203765 -1 -0.824823 -1 -1 -1 
-0.827408 -1 -1 0.932284 -1 -0.423807 -1 -1 -0.262063 0.354374 -0.0267895 -0.443449 -0.418599 0.227678 -0.105894 0.15698 -0.884865 -1 -0.533872 -0.938936 -1 0.161847 -0.469914 -0.309142 -1 -1 -0.613462 -1 -1 -0.0986847 -0.878375 -0.803781 0.449398 0.40882 0.00603223 -0.427946 -0.60476 -1 -0.869704 -0.207993 -0.880814 -1 -0.598124 0.613086 -1 -0.761125 0.0124655 0.634954 -0.735563 -0.768115 -0.802598 -1 0.526601 -1 0.192767 -0.881243 -0.440205 -1 -0.0297606 -0.903965 0.0051661 -1 -0.829268 -0.217989 -0.879537 -0.164826 0.385442 -0.973012 -1 -0.449327 -0.351433 0.631256 -1 -0.316776 0.791912 0.22178 -1 0.429074 -1 0.259224 -0.309509 -0.114985 -0.644613 0.477353 -0.907415 -1 -1 -1 -1 -0.331777 -0.349169 0.0376176 -0.230607 0.437929 -0.69415 -0.653402 -0.726661 0.781128 -0.18856 0.842628 -0.159524 -1 -0.928233 -0.566587 -0.914301 -0.864091 
-0.804475 -1 -1 0.231841 -1 -0.950936 -1 -1 -0.318754 0.750226 0.113057 -0.603094 -0.483083 -0.783029 -0.996817 0.269068 -1 -1 -0.39079 -0.94632 -0.977318 0.0208093 -0.920388 -0.870938 -1 -1 -1 -0.948353 -0.971179 -1 -1 -1 -0.0800666 0.246348 -0.158229 -0.334089 0.34234 -1 -1 -0.193471 -0.864719 -1 -0.822498 0.227796 -0.758328 -0.404818 -0.130845 0.29981 -0.495245 -0.854235 -1 -1 0.390866 -1 -0.582671 -0.921831 0.168432 -1 -0.43323 -0.287564 -0.757465 -0.931214 -0.589616 -0.193187 -0.985242 -1 -0.995321 -0.98034 -0.9669 -0.952917 -0.919271 -0.303085 -1 -0.286753 0.355249 0.626537 -0.926805 0.490202 -1 -0.0185116 -0.708116 0.65283 -0.796141 -0.935084 -0.910075 -0.960858 -0.849762 -1 -0.856287 -0.442023 -0.0350836 0.257219 0.163499 0.173232 -0.603841 -0.825229 -0.458413 0.330754 -0.424849 0.873827 -0.370252 -1 -1 -0.74591 -1 -0.700806 
-0.804475 -1 -1 0.231841 -1 -0.950936 -1 -0.944069 -0.318754 0.750226 0.113057 -0.443787 -0.483083 -0.313856 -0.564445 0.269068 -1 -1 -0.526052 -0.94632 -0.90316 0.0991109 -0.920388 -0.870938 -1 -1 -1 -1 -0.055312 -1 -1 -1 0.659089 0.246348 0.247787 -0.334089 0.34234 -1 -0.957362 -0.193471 -0.864719 -1 -1 0.227796 -0.898754 -0.404818 -0.154799 0.391551 -0.495245 -1 -1 -0.74348 0.390866 -1 -0.582671 -0.827189 0.168432 -1 -0.00547942 -0.333596 -0.757465 -0.931214 -0.589616 -0.193187 -0.985242 -0.988972 -0.995321 -0.98034 -1 -0.464006 -0.919271 -0.303085 -1 -0.286753 0.355249 0.626537 -1 0.490202 -1 -0.0185116 -0.612515 0.537175 -0.963479 -0.221504 -0.910075 -0.960858 -0.849762 -1 -1 -0.442023 -0.169524 0.257219 0.163499 0.173232 -0.603841 -0.825229 -0.458413 0.330754 -0.424849 0.873827 -0.203765 -1 -0.824823 -0.74591 -1 -0.700806 
-0.928331 -1 -1 0.231841 -0.878021 -0.459353 -1 -0.944069 -0.275258 0.750226 0.220191 -0.443787 -0.483083 -0.313856 -0.365544 0.269068 -1 -1 -0.471453 -1 -0.90316 0.198068 -1 -1 -1 -1 -1 -1 -0.055312 -1 -1 -1 0.17674 0.369442 0.247787 -0.334089 0.061791 -1 -1 -0.193471 -0.864719 -1 -0.982065 0.227796 -0.92993 -0.404818 -0.154799 -0.273291 -0.494965 -1 -1 -0.74348 -0.0994423 -1 -0.618958 -0.827189 0.178059 -1 -0.50941 0.181603 -0.574645 -0.931214 -0.409886 -0.193664 -1 -0.988972 -1 -1 -1 -0.825991 -1 -0.148452 -1 -0.405872 0.355249 0.626537 -1 0.0929899 -1 -0.667208 -0.612515 0.686504 -1 -0.221504 -1 -0.922179 -1 -1 -1 -0.442023 -0.360882 -0.185574 0.163499 0.222973 -0.603841 -1 -0.988016 0.44566 -0.424849 0.873827 -0.242849 -1 -0.824823 -0.74591 -0.978164 -0.785387 
-0.451568 -1 -1 0.231841 -0.933051 -0.476449 -1 -0.944069 -0.318754 0.750226 0.113057 -0.621484 -0.340397 -0.313856 -0.564445 0.400198 -1 -1 -0.642864 -0.938936 -0.90316 0.198068 -0.920388 -0.870938 -1 -1 -1 -1 -0.055312 -1 -1 -1 0.219684 0.246348 0.247787 -0.334089 0.317689 -1 -0.957362 -0.193471 -0.864719 -1 -0.931783 0.227796 -0.745905 -1 -0.154799 0.22344 -0.495245 -1 -1 -0.607277 0.390866 -1 -0.582671 -0.925686 -0.36885 -1 -1 0.0456611 -0.613548 -0.931214 -0.589616 -0.193664 -1 -0.988972 -1 -1 -1 -0.464006 -0.919271 -0.345189 -0.81166 -0.286753 0.513213 0.626537 -1 0.578894 -1 -0.116225 -0.612515 0.751966 -1 -0.221504 -0.910075 -0.922179 -0.921725 -1 -1 -0.442023 -0.360882 0.203821 -0.0522675 0.173232 -0.603841 -1 -0.458413 0.320201 -0.424849 0.873827 -0.203765 -1 -0.824823 -0.74591 -0.978164 -0.785387 
