-0.546906 -0.417457 0.234477 -0.0922413 -0.336799 0.160761 0.830435 0.97017 0.953359 -0.334934 -1 -0.391863 -0.147694 0.78819 -1 0.282695 -1 -1 -1 -0.436265 -0.650903 -0.133384 -0.402047 -1 -1 0.366129 -0.196378 1 -0.654521 0.620056 -0.940845 0.403494 0.178174 -0.201455 -0.0859713 -1 -1 -1 -1 -1 0.0862367 0.454772 -1 -0.916937 -0.958181 0.175969 0.464438 -0.0150131 0.159739 -0.82092 -0.374113 -1 -1 -1 -0.072577 -0.939335 -0.86524 -0.849256 -0.441355 -0.29657 -0.63672 -0.544478 -0.545087 0.246522 -0.773542 -1 0.00887306 0.224115 -1 -0.231223 0.0576054 -0.908922 -0.0382429 -0.998623 -0.303292 -0.637412 0.824843 -1 -0.080353 -1 -0.20827 -0.865062 0.065256 0.440162 -0.0427797 -0.511844 -1 0.419304 -0.880839 -1 0.123711 -0.64968 0.530282 -1 0.071437 -0.853153 -0.359109 -0.485862 -0.734224 -0.268343 0.0886079 -1 -0.557044 -0.635746 0.0368973 -0.168126 
-1 -0.601553 -1 -1 -0.0828236 -1 -0.678909 -1 -0.87374 -1 0.780024 -0.6555 -1 -1 -1 -1 -1 -1 0.0811761 -0.803118 -1 -1 -0.994421 -1 -0.983353 -1 0.394645 -0.534268 0.910243 -0.80407 -0.398726 0.0335752 -1 -1 -0.455963 -0.167475 0.682572 -0.107824 -0.929482 -1 -1 -1 -0.69372 -1 -0.872599 -1 -1 -1 0.458888 -0.710877 -1 -0.223377 -0.488618 -0.851283 -1 -1 -1 -0.900022 -1 -1 -1 -1 -0.713714 -0.940117 -0.7843 -1 -1 -1 -0.341542 -1 -0.96659 -1 1 -1 -0.719649 -1 -1 0.629994 -1 -0.13435 -1 -1 0.816502 -0.334789 -0.951324 -0.833347 -1 -0.479344 -1 -1 -1 -0.938694 -0.45416 0.675143 -1 0.404312 0.43661 -0.864345 0.91026 -1 -1 0.952146 -0.983961 -0.863976 -1 -1 
-0.0310278 -1 -0.231862 -0.712261 -0.187079 -0.0862036 -0.054855 1 0.0753784 -0.257316 -0.428289 -0.65871 -1 0.88836 -1 -0.553442 -1 -1 -0.51066 -0.991482 0.00914443 -0.640902 -0.060461 -1 -0.942737 -0.687578 -0.096071 0.517124 -0.88899 0.49997 -1 0.335383 0.360907 0.197342 0.138874 -1 -1 -1 -0.652277 -1 0.901748 -0.217914 -0.537915 -0.963934 -0.657384 0.288366 0.27057 -0.581386 0.186412 -1 -0.19759 -1 -0.945539 -1 -0.204836 -0.560301 -0.126674 -0.27627 -0.783321 -0.658512 -0.588078 0.407093 -0.804037 0.441728 -0.0383103 -0.646223 -0.4348 0.674734 -0.437192 -0.866031 0.461094 -0.623782 -0.275224 -0.851571 0.351338 -0.959425 0.343056 -0.98964 -0.229312 -1 0.66399 -1 0.646993 -0.0813062 0.0822808 -0.650494 -0.922564 0.107914 -0.45663 -1 0.0863363 -1 0.335234 -0.487831 0.381945 -0.524645 0.700904 -0.554913 -0.417809 -0.536196 -0.213546 -1 -0.772007 -0.437141 0.211168 0.346006 
-0.546906 -0.255116 0.234477 -0.0922413 -0.336799 0.375822 0.816646 0.422035 1 -0.193187 -1 0.185511 -0.147694 0.667102 -1 -0.074036 -1 -1 -1 -0.436265 -0.660924 -0.133384 -0.430337 -1 -1 -0.150442 -0.229633 0.996917 -0.195765 0.773794 -1 0.403494 -0.0331641 -0.201455 0.361765 -1 -1 -1 -1 -1 0.530397 0.446244 -0.645948 -0.916937 -0.958181 0.444993 0.541449 0.0714213 0.275596 -0.82092 -0.374113 -1 -1 -0.63399 0.276678 -1 -1 -0.27627 -0.279047 0.25198 -0.63672 -0.0506332 -0.126651 0.441728 -0.773542 -1 0.293249 0.224115 -1 -0.231223 -0.0421585 -0.775164 -0.272382 -0.970906 -0.143278 -0.634588 0.824843 -1 -0.204806 -0.920321 -0.422607 -0.865062 -0.0282599 0.388229 -0.0924588 -0.70372 -0.987013 0.419304 -0.960569 -1 0.105096 -0.606262 0.386341 -1 -0.064208 -1 -0.359109 -0.846762 -0.392058 -0.140566 0.0886079 -1 -0.454995 -1 -0.0501872 -0.201586 
0.0937401 -0.815822 -0.83497 -0.687026 -1 -1 -0.892097 -0.749962 1 0.196803 -0.570482 -1 0.0169115 -0.219359 -1 -0.360474 -0.538032 0.346239 -0.906675 -0.536514 -0.797309 -1 0.163406 0.413671 -0.346361 -1 -1 0.878777 -0.715564 -0.114352 -0.135035 0.480737 -0.920802 -1 0.0227475 0.34563 -0.152647 0.322748 -0.714002 -1 -0.0687608 0.958822 0.49135 -0.274534 -0.989833 -1 -1 0.343636 -0.258136 -0.354093 0.00769639 0.700863 -1 -0.948291 -1 -0.0483228 -0.465887 -0.687901 -0.952221 0.262275 -1 0.223517 -1 -0.4626 -0.968617 -1 -0.64497 -0.726611 -1 0.421006 -0.459731 -0.358285 0.275326 -1 -0.408067 -0.954982 -1 0.744847 0.350522 -0.821834 -0.968701 -1 0.41749 -0.704315 -0.49798 -0.296125 0.293596 0.153481 -1 -0.562592 -1 -0.426859 -1 0.518993 -0.484542 0.438194 -0.130052 -0.60659 0.484006 0.51141 0.161079 -0.520009 -0.249512 0.132557 -0.480555 -0.450768 
-1 -0.601553 -1 -1 -0.0501845 -1 -0.678909 -1 -1 -1 0.780024 -0.558304 -0.850128 -1 -1 -1 -1 -1 0.0811761 -0.803118 -1 -1 -0.994421 -0.981005 -0.983353 -1 0.394645 -0.534268 0.910243 -0.80407 -0.398726 0.0335752 -1 -1 -0.455963 -0.167475 0.682572 -0.107824 -0.929482 -1 -1 -1 -0.69372 -0.945794 -0.872599 -1 -1 -1 0.458888 -0.710877 -1 -0.223377 -0.527795 -0.851283 -1 -1 -1 -1 -1 -1 -1 -1 -0.928618 -0.940117 -0.783712 -1 -1 -1 -0.341542 -1 -0.96659 -1 0.876722 -1 -0.719649 -1 -1 0.629994 -1 0.0494899 -1 -1 0.816502 -0.334789 -0.951324 -0.833347 -1 -0.479344 -1 -0.914064 -1 -0.938694 -0.45416 0.675143 -0.909402 0.404312 0.43661 -0.864345 0.91026 -1 -1 0.437067 -0.983961 -0.863976 -1 -1 
-1 0.371639 -0.945458 -1 -0.462869 -1 -0.678909 -0.223 -1 -1 0.155074 -0.509908 -0.816107 -1 -0.889423 -1 -1 -1 -0.55318 -0.662016 -0.823445 -1 -0.766412 -1 -0.715298 -1 0.70817 -0.365519 0.890137 -0.80407 -0.248863 0.659503 -1 -1 -0.629393 -0.167475 0.345039 -0.107824 -0.00789621 -0.612167 -1 -0.911324 -1 -1 -0.902387 -1 -1 -1 0.82487 -0.975962 -1 0.315878 -1 -1 -1 -1 -0.852058 -0.840622 -1 -1 -1 -1 -0.795298 -0.959461 -1 -0.86657 -0.67889 -1 0.340384 -1 -1 -1 0.861637 -0.992136 -0.777259 -1 -1 0.437003 -0.95905 -0.079173 -0.950736 -1 0.8331 -0.221198 -1 -0.833347 -1 -0.48112 -0.965878 -1 -1 -1 -0.554502 0.510866 -0.718633 0.418433 0.43661 -0.864345 0.672732 -1 -1 1 -1 -1 -0.9273 -1 
-0.420233 -0.501879 0.234477 -0.00138617 -0.187079 0.33741 0.830435 1 0.457509 -0.257316 -0.428289 0.085951 -0.147694 0.458557 -1 0.387361 -0.906913 -1 -0.51066 -0.436265 0.244363 -0.176902 -0.482968 -0.54337 -0.942737 0.352522 -0.0948363 0.844703 -0.185945 0.847847 -0.425147 0.49952 0.388443 0.476145 0.88413 -1 -1 -0.599649 -0.23264 -1 0.600657 0.530212 -0.537915 -0.916937 -0.657384 0.621381 0.594267 -0.0429515 0.159739 -1 -0.19759 -0.71032 -1 -1 0.276678 -0.140043 -0.370453 -0.27627 0.205225 0.709795 -0.270636 0.522941 0.169375 -0.136907 0.485882 -0.498815 0.170636 0.89941 -0.179608 -0.231223 0.583627 -0.188076 0.6877 -1 0.513182 -0.547803 0.824843 -0.565658 0.229466 -1 0.66399 0.0413936 0.701408 0.440162 -0.0924588 0.0457232 -0.693123 0.0531759 -1 -0.862776 0.288196 -0.811873 -0.184705 -0.487831 0.39091 -0.524645 0.779018 -0.485862 -0.162686 -0.153423 0.0886079 -1 -0.689524 -0.0125593 0.457609 0.165161 
-0.546906 -0.417457 0.234477 -0.0922413 -0.779234 0.375822 0.816646 0.862384 1 -0.257316 -1 0.185511 0.038165 0.667102 -1 0.394052 -1 -1 -1 -0.436265 -0.660924 -0.133384 -0.402047 -1 -1 0.342252 -0.229633 1 -0.195765 0.773794 -0.964493 0.403494 0.263855 -0.201455 0.848856 -1 -1 -1 -1 -1 0.497249 0.398589 -0.553817 -0.916937 -0.958181 0.621381 0.464438 -0.0150131 0.0760239 -0.82092 -0.374113 -1 -1 -0.63399 0.00297385 -0.939335 -1 -0.27627 -0.279047 0.25198 -0.63672 -0.0506332 -0.126651 0.441728 -0.773542 -1 0.293249 -0.0329547 -0.919444 -0.231223 0.546089 -0.775164 0.0340333 -0.995005 0.126577 -0.634588 0.824843 -1 -0.080353 -1 -0.422607 -0.865062 -0.0282599 0.388229 -0.0924588 -0.281277 -0.987013 0.133658 -0.960569 -1 0.12781 -0.606262 0.398254 -1 -0.064208 -0.853153 -0.359109 -0.473253 -0.337814 -0.140566 0.0886079 -1 -0.557044 -0.646653 0.188243 0.165161 
-1 0.428929 -0.945458 -1 -0.353422 -1 -0.566944 -0.223 -1 -1 0.328924 -0.509908 -0.995385 -1 -1 -1 -0.916838 -1 -1 -0.662016 -1 -1 -0.907079 -1 -0.856797 -1 0.261013 -0.569656 0.370564 -0.80407 -0.248863 0.659503 -1 -1 -0.629393 -0.391197 0.345039 -0.225996 -0.00789621 -0.612167 -1 -0.911324 -0.986573 -1 -0.902387 -1 -1 -1 0.643215 -1 -1 0.315878 -0.695069 -1 -1 -0.822668 -1 -0.840622 -1 -1 -0.953733 -1 -0.735138 -1 -1 -1 -0.947212 -1 0.092768 -1 -1 -1 0.861637 -1 -1 -1 -1 0.437003 -0.95905 -0.079173 -1 -1 0.496889 -0.221198 -1 -0.833347 -1 -0.666989 -1 -1 -1 -1 -0.228899 0.333266 -1 0.353712 -0.326704 -1 0.854657 -0.948626 -1 1 -1 -0.904273 -1 -1 
-1 0.371639 -0.945458 -1 -0.34158 -1 -1 -0.223 -1 -1 0.155074 -0.509908 -1 -1 -0.889423 -1 -1 -1 -0.790027 -0.662016 -1 -1 -0.481198 -1 -0.856797 -1 0.70817 -0.365519 0.890137 -0.80407 -0.248863 0.659503 -0.656397 -1 -0.629393 -0.167475 0.345039 -0.0568026 -0.00789621 -0.612167 -1 -0.911324 -0.986573 -1 -0.902387 -1 -1 -1 0.539713 -1 -1 0.315878 -0.695069 -1 -1 -1 -1 -0.840622 -1 -1 -0.953733 -0.884243 -0.795298 -1 -1 -1 -0.947212 -1 -0.482062 -1 -1 -1 0.861637 -1 -1 -1 -1 0.437003 -0.95905 -0.079173 -1 -1 0.496889 -0.221198 -1 -0.871368 -1 -0.666989 -0.965878 -1 -1 -0.836874 -0.228899 0.333266 -0.718633 0.353712 0.43661 -0.705378 0.672732 -0.948626 -1 1 -1 -1 -1 -1 
-0.546906 -0.417457 0.234477 -0.373196 -0.336799 0.160761 0.830435 0.97017 0.953359 -0.975217 -0.9257 -0.391863 -0.424482 0.78819 -1 0.30217 -1 -1 -1 -0.436265 -0.604501 -0.133384 -0.402047 -0.830695 -1 0.490681 -0.196378 1 -0.654521 0.620056 -0.940845 0.406095 0.178174 -0.201455 -0.655075 -1 -1 -1 -1 -1 -0.0366853 0.405854 -1 -0.932712 -1 0.175969 -0.117658 -0.0150131 0.159739 -0.82092 -0.374113 -1 -1 -1 -0.072577 -0.791845 -0.759138 -0.849256 -0.441355 -0.78618 -0.63672 -0.689682 -0.545087 0.246522 -0.773542 -1 0.00887306 0.0782986 -1 -0.231223 -0.0681381 -0.869257 -0.0382429 -0.998623 -0.303292 -0.637412 0.750941 -1 -0.080353 -1 -0.20827 -0.865062 0.065256 0.440162 0.111871 -0.511844 -1 0.419304 -1 -1 0.123711 -0.64968 0.530282 -1 0.071437 -0.853153 -0.359109 -0.485862 -0.734224 -0.11881 0.0886079 -1 -0.557044 -0.635746 0.199635 -0.168126 
-0.546906 -0.417457 0.234477 -0.0922413 -0.336799 0.160761 0.830435 0.97017 0.953359 -0.334934 -1 -0.391863 -0.147694 0.78819 -1 0.282695 -1 -1 -1 -0.436265 -0.650903 -0.133384 -0.402047 -1 -1 0.366129 -0.196378 1 -0.654521 0.620056 -0.940845 0.403494 0.178174 -0.201455 -0.0859713 -1 -1 -1 -1 -1 0.0862367 0.435108 -1 -0.916937 -0.958181 0.175969 0.464438 -0.0150131 0.159739 -0.82092 -0.374113 -1 -1 -1 -0.072577 -0.939335 -0.86524 -0.849256 -0.441355 -0.29657 -0.63672 -0.544478 -0.545087 0.246522 -0.773542 -1 0.00887306 0.224115 -1 -0.231223 0.0576054 -0.908922 -0.0382429 -0.998623 -0.303292 -0.637412 0.824843 -1 -0.080353 -1 -0.20827 -0.865062 0.065256 0.440162 -0.0427797 -0.647276 -1 0.419304 -0.880839 -1 0.123711 -0.64968 0.530282 -1 0.071437 -0.853153 -0.359109 -0.485862 -0.734224 -0.268343 0.0886079 -1 -0.557044 -0.635746 0.0368973 -0.168126 
-1 -0.71059 -0.618773 -0.0922413 -0.667328 -0.467024 -0.166307 1 0.613108 -1 -1 0.195436 -0.121306 0.640467 -1 0.582068 -1 -1 -1 -0.296028 -1 -0.133384 -0.402047 -1 -1 -0.297108 -0.13996 1 -0.133606 -0.554574 -0.964493 0.126451 0.267285 -0.745318 0.208578 -1 -1 -0.719894 -1 -0.816899 0.0653411 0.507619 -1 -0.916937 -1 0.41858 0.464438 -0.238102 -0.328503 -1 -0.374113 -0.861538 -0.91451 -0.63399 -0.220898 -1 -1 -0.797726 -0.524302 0.0559404 -1 0.186466 -0.126651 0.169684 -0.773542 -1 0.293249 0.224115 -0.955627 0.0657851 0.25957 -0.612993 -0.219484 -1 0.126577 -0.567202 0.177664 -1 0.102202 -1 -0.405526 -0.865062 0.065256 -0.567788 -0.15714 -0.910558 -1 0.419304 -0.577845 -1 0.1045 -0.64968 0.398254 -1 -0.267055 -1 -0.359109 -0.996167 -0.235358 -0.357656 -0.224428 -1 -0.678508 -0.635746 -0.567197 0.087824 
-1 -0.542234 0.175092 -0.0922413 -0.667328 -0.467024 0.249344 1 1 -0.774315 -1 0.195436 0.0128869 0.640467 -1 0.21002 -1 -1 -1 -0.296028 -1 -0.133384 -0.402047 -1 -1 -0.37247 -0.196378 1 -0.195765 -0.554574 -0.964493 0.126451 0.0299937 -0.745318 0.208578 -1 -1 -0.719894 -1 -1 0.0653411 0.0871527 -1 -0.916937 -1 0.41858 0.267721 -0.238102 -0.069483 -0.82092 -0.374113 -1 -1 -0.714965 -0.220898 -0.985396 -1 -0.27627 -0.524302 -0.160781 -1 -0.0506332 -0.390158 0.169684 -0.773542 -1 0.293249 -0.207925 -0.955627 -0.0103896 0.25957 -0.730173 -0.219484 -1 0.175496 -0.567202 0.177664 -1 0.102202 -1 -0.422607 -0.865062 0.065256 -0.567788 0.00699675 -0.910558 -1 0.419304 -0.805051 -0.804316 0.0919809 -0.64968 0.398254 -1 0.188226 -1 -0.359109 -0.929367 -0.350217 -0.357656 -0.383803 -1 -0.776625 -0.635746 -0.567197 0.087824 
-0.943727 -0.601553 -1 -1 -0.0828236 -1 -0.678909 -1 -0.87374 -1 0.792841 -0.954824 -1 -0.895022 -1 -1 -1 -1 0.0811761 -0.803118 -1 -1 -1 -1 -0.983353 -1 0.20993 -0.534268 0.910243 -0.80407 -0.398726 0.0335752 -1 -1 -0.313662 -0.167475 0.682572 -0.107824 -0.929482 -1 -1 -1 -0.69372 -1 -0.872599 -1 -1 -1 0.458888 -0.710877 -1 -0.223377 -0.488618 -0.851283 -1 -1 -0.952735 -0.900022 -1 -0.834339 -1 -1 -0.713714 -0.940117 -0.7843 -1 -1 -1 -0.290869 -1 -0.96659 -1 1 -1 -0.991076 -1 -1 0.111815 -1 -0.13435 -1 -1 0.816502 -0.334789 -0.951324 -0.833347 -1 -0.402791 -1 -1 -1 -0.938694 -0.45416 0.675143 -1 0.404312 0.43661 -0.864345 0.91026 -1 -1 0.952146 -1 -0.863976 -1 -1 
-0.546906 -0.255116 0.234477 -0.0922413 -0.336799 0.375822 0.816646 0.862384 1 -0.193187 -1 0.185511 -0.147694 0.667102 -1 -0.074036 -1 -1 -0.999311 -0.436265 -0.660924 -0.133384 -0.430337 -1 -1 0.342252 -0.229633 0.996917 -0.195765 0.773794 -1 0.403494 0.263855 -0.201455 0.730978 -1 -1 -1 -1 -1 0.530397 0.446244 -0.645948 -0.916937 -0.958181 0.444993 0.466868 0.0714213 0.275596 -0.82092 -0.490342 -1 -1 -0.63399 -0.0420712 -1 -1 -0.27627 -0.279047 0.25198 -0.63672 -0.0506332 -0.126651 0.441728 -0.773542 -1 0.293249 0.224115 -1 -0.231223 -0.0421585 -0.775164 -0.272382 -0.970906 -0.143278 -0.634588 0.824843 -1 -0.204806 -1 -0.749376 -0.865062 -0.0282599 0.388229 -0.0924588 -0.70372 -0.987013 0.419304 -0.960569 -1 0.105096 -0.606262 0.386341 -1 -0.064208 -1 -0.359109 -0.846762 -0.392058 -0.140566 0.0886079 -1 -0.454995 -0.635746 -0.0501872 -0.201586 
-1 0.0234916 -0.816539 -0.874804 -0.0828236 -1 -0.571732 0.367144 -1 -1 0.839902 -0.6555 -0.911211 -1 -1 -1 -1 -1 0.19599 0.188306 0.112783 -1 -0.0389125 -1 -1 -1 0.911695 0.413322 -0.144937 -1 -0.315412 0.80797 -0.801673 -0.72684 -0.573965 -0.167475 -0.126639 -0.140381 -0.139917 -0.846113 -1 -0.912177 -0.566537 -1 -1 -0.843709 -0.957027 -1 0.592093 -1 -0.958689 0.388372 0.571536 -1 -1 -1 -1 -1 -1 -1 -1 -1 -1 -0.4741 -1 -1 -0.529636 -1 0.162108 0.272694 -1 -1 0.890194 -1 -0.203952 -1 -1 0.629994 -1 -0.10343 -1 -1 0.718432 -0.221198 -1 -0.0733443 -0.902317 -0.310384 -1 -1 -0.308682 0.312459 -0.175305 0.04987 -1 0.673251 0.349521 -1 0.672732 -1 -0.816652 0.742658 -1 -1 -0.9273 -1 
-1 -0.601553 -1 -1 -0.0501845 -1 -0.678909 -1 -1 -1 0.780024 -0.6555 -1 -1 -1 -1 -0.863028 -1 0.0486295 -0.803118 -1 -0.857713 -0.994421 -1 -0.983353 -1 0.394645 -0.534268 0.910243 -0.80407 -0.398726 0.0335752 -1 -1 -0.900442 -0.167475 0.682572 -0.280335 -0.929482 -1 -1 -1 -0.69372 -1 -0.872599 -1 -0.888553 -1 0.458888 -0.710877 -1 -0.223377 -0.488618 -0.851283 -1 -1 -1 -1 -1 -0.90797 -1 -1 -0.713714 -0.940117 -0.783712 -1 -1 -1 -0.154123 -1 -0.96659 -1 0.876722 -1 -0.719649 -1 -1 0.629994 -1 -0.232229 -1 -1 0.603492 -0.334789 -0.951324 -0.833347 -1 -0.479344 -1 -0.914064 -1 -1 -0.45416 0.865381 -1 0.404312 0.43661 -1 0.91026 -1 -1 0.437067 -0.983961 -0.863976 -1 -1 
-1 0.371639 -0.945458 -1 -0.462869 -1 -0.678909 -0.223 -1 -1 0.155074 -0.509908 -0.816107 -1 -0.889423 -1 -1 -1 -0.55318 -0.662016 -0.823445 -1 -0.677488 -1 -0.715298 -1 0.70817 -0.365519 0.890137 -0.80407 -0.248863 0.659503 -1 -1 -0.629393 -0.167475 0.345039 -0.107824 -0.00789621 -0.612167 -1 -0.911324 -1 -1 -0.902387 -0.861376 -1 -1 0.82487 -0.975962 -1 0.315878 -1 -1 -1 -1 -0.852058 -0.840622 -1 -1 -1 -1 -0.795298 -0.959461 -1 -0.86657 -0.67889 -1 0.340384 -1 -1 -1 0.662784 -0.992136 -0.777259 -0.91993 -1 0.437003 -0.95905 -0.0949017 -0.950736 -1 0.8331 -0.221198 -1 -0.833347 -1 -0.48112 -0.965878 -1 -1 -1 -0.554502 0.510866 -0.718633 0.418433 0.43661 -0.864345 0.672732 -1 -1 1 -1 -1 -0.9273 -1 
-0.546906 -0.417457 0.301666 -0.03632 -0.336799 -0.237607 0.930573 0.434947 1 -0.334934 -1 0.195436 -0.147694 0.667102 -1 0.0657038 -1 -1 -1 -0.570547 -0.670167 -0.0958614 -0.402047 -1 -1 0.366129 -0.299791 1 -1 0.620056 -0.964493 0.403494 -0.328702 -0.201455 -0.0859713 -1 -1 -1 -1 -1 -0.713801 -0.0405139 -0.515439 -0.916937 -1 0.175969 0.0462136 -0.0275921 0.159739 -0.82092 -0.595115 -1 -1 -0.883879 -0.072577 -1 -1 -0.874588 -0.253251 -0.561372 -0.63672 -0.0506332 -0.605498 0.246522 -1 -1 -0.473638 0.224115 -1 -0.272939 0.191369 -0.908922 0.0340333 -1 -0.426787 -0.487755 0.824843 -1 -0.080353 -1 -0.633588 -0.865062 -0.484963 0.0933073 -0.0427797 -0.472708 -0.987013 0.419304 -0.87336 -0.90108 0.12781 -1 0.398254 -1 0.071437 -0.960089 -0.359109 -1 -0.734224 -0.268343 0.0886079 -1 -0.915021 -0.635746 -0.606859 -0.168126 
-1 -0.176639 -0.945458 -1 -0.924616 -1 -0.678909 -0.725606 -1 -1 0.316928 -0.509908 -0.816107 -1 -1 -1 -1 -1 -0.597689 -0.662016 -1 -1 -1 -1 -0.856797 -1 0.641715 -0.365519 0.890137 -0.851982 -0.0854565 0.659503 -0.810967 -1 -0.629393 -0.167475 0.208774 -0.318312 -0.00789621 -0.612167 -1 -1 -1 -0.962518 -0.882667 -1 -1 -0.972166 0.63992 -0.975962 -0.905203 0.315878 -0.660622 -1 -1 -1 -0.852058 -0.840622 -1 -0.97239 -1 -1 -0.86043 -1 -1 -0.86657 -1 -1 0.340384 -1 -1 -1 0.861637 -0.826818 -0.777259 -1 -0.961451 0.437003 -1 -0.079173 -0.65467 -1 0.777068 -0.403134 -0.946526 -0.833347 -1 -0.48112 -0.965878 -1 -1 -1 -1 0.510866 -0.597795 -0.115859 0.43661 -0.864345 0.672732 -0.948626 -1 1 -1 -0.96937 -0.850134 -1 
-0.656793 -0.417457 0.234477 -0.0118445 -0.336799 0.396692 0.816646 0.698669 0.65409 -0.241998 -1 -0.11889 -0.0462894 -0.0114769 -1 0.394052 -1 -0.964282 -1 -0.436265 -0.834177 -0.133384 -0.402047 -1 -1 0.342252 -0.196378 0.809043 -0.00443886 0.880162 -0.964493 0.403494 0.390498 -0.555554 0.41915 -1 -1 -1 -1 -1 0.497249 0.658249 -0.363991 -0.916937 -0.958181 0.621381 0.464438 -0.958484 0.159739 -0.874697 -0.374113 -1 -1 -0.916577 0.276678 -0.998859 -0.981042 -0.170329 -0.504413 0.25198 -0.63672 -0.281586 -0.126651 0.441728 -1 -1 0.293249 0.3295 -0.872082 -0.331512 0.546089 -1 -0.231648 -0.970906 -0.517911 -0.634588 0.824843 -1 -0.29138 -1 -0.422607 -1 0.065256 0.388229 0.0629355 -0.281277 -0.987013 0.419304 -0.880839 -1 0.12781 -1 0.398254 -1 -0.0184896 -0.853153 -0.456283 -0.473253 -0.392058 -0.0265633 -0.308977 -0.855989 -0.557044 -0.635746 -0.134032 -0.234909 
-0.836051 -0.79743 0.234477 -0.0922413 -0.336799 0.375822 0.596855 0.665837 1 -0.354616 -1 0.19642 -0.147694 0.667102 -0.994677 -0.294794 -0.941836 -1 -1 -0.436265 -0.660924 -0.634329 -0.388202 -1 -1 0.342252 -0.229633 1 -0.239815 0.773794 -1 0.555991 0.453746 0.151996 0.848856 -1 -1 -1 -0.899151 -1 0.49221 -0.080024 -1 -0.766837 -1 0.410065 0.466868 -0.493635 0.275596 -0.82092 -0.271639 -1 -1 -0.63399 -0.192151 -1 -1 -0.27627 -0.279047 -0.33168 -1 0.0333376 -0.507584 0.338124 -1 -1 0.491681 0.224115 -1 -0.759666 -1 -1 -0.272382 -0.85203 -0.32909 -1 0.457645 -0.911772 -0.581669 -1 -0.732398 -0.708872 -0.0282599 0.388229 -0.0924588 -0.70372 -0.987013 0.419304 -0.960569 -1 0.105096 -0.998379 0.398254 -1 -0.0256549 -1 -0.312297 -1 -0.408219 -0.140566 0.0886079 -1 -0.454995 -0.502557 -0.48544 -0.201586 
-1 0.371639 -0.799477 -1 -0.462869 -1 -0.959111 -0.223 -1 -1 0.155074 -0.509908 -0.816107 -1 -0.889423 -1 -1 -1 -0.55318 -0.662016 -0.823445 -1 -0.766412 -1 -0.715298 -1 0.678327 -0.365519 0.890137 -0.80407 -0.61044 0.404851 -1 -1 -0.629393 -0.480579 0.067918 -0.107824 -0.00789621 -0.612167 -1 -0.993301 -1 -1 -0.902387 -1 -1 -1 0.82487 -0.901893 -1 -0.246287 -0.988473 -1 -1 -1 -0.852058 -1 -1 -1 -1 -1 -0.795298 -0.8352 -1 -0.86657 -0.67889 -0.877813 0.340384 -1 -0.851608 -1 0.861637 -0.992136 -0.777259 -1 -1 -0.0835783 -0.95905 -0.079173 -0.950736 -1 0.8331 -0.221198 -1 -0.833347 -1 -0.48112 -1 -1 -1 -1 -0.517745 0.510866 -1 0.418433 0.43661 -0.864345 0.672732 -1 -1 1 -1 -1 -0.9273 -1 
-1 -0.484347 -1 -1 -0.290346 -1 -0.715394 -0.223 -1 -1 0.978589 -0.943325 -1 -1 -0.829731 -1 -1 -0.806293 0.605024 -0.211911 -1 -1 -0.0389125 -1 -0.771681 -1 0.325119 -0.365519 -0.18953 -0.80407 -0.248863 0.585143 -1 -0.747683 -1 -0.0411191 0.436035 -0.000873774 0.0516347 -0.783558 -1 -0.867489 -0.377361 -0.913653 -0.777231 -1 -0.857841 -1 0.592093 -0.975962 -1 -0.820307 0.375043 -0.98464 -1 -1 -1 -1 -1 -1 -1 -1 -1 -0.4741 -1 -0.757767 -0.287995 -1 -0.383546 -0.777295 -0.816138 -1 0.861637 -0.98236 -0.865088 -1 -1 0.747474 -1 -0.079173 -0.830162 -1 0.341472 -0.791934 -1 -0.929295 -0.725213 -0.48112 -1 -1 -1 -0.934617 -0.186548 0.52243 -1 0.673251 0.538516 -0.780238 0.775129 -1 -1 0.82876 -1 -0.944193 -1 -1 
-1 0.118876 -1 -0.923455 -0.0828236 -1 -0.678909 -0.369584 -1 -1 0.978589 -0.943325 -1 -1 -0.829731 -1 -1 -0.806293 0.605024 -0.115997 -1 -1 -0.0389125 -1 -0.779293 -1 0.910035 -0.365519 0.299666 -1 -0.484924 0.585143 -1 -1 -1 -0.0411191 0.280366 -0.000873774 0.0516347 -0.783558 -1 -0.911324 -0.377361 -1 -0.979395 -1 -0.857841 -1 0.592093 -1 -1 -0.820307 0.375043 -0.98464 -1 -1 -1 -1 -1 -1 -1 -1 -1 -0.4741 -1 -0.757767 -0.570703 -0.809684 -0.700168 -0.777295 -0.816138 -1 0.930175 -0.98236 -0.865088 -1 -1 0.728731 -1 -0.079173 -1 -1 0.341472 -0.590045 -1 -1 -0.778353 -0.48112 -1 -1 -1 -1 -0.186548 0.52243 -0.971731 0.673251 0.43661 -0.780238 0.672732 -1 -1 0.82876 -1 -1 -1 -1 
-1 -0.421389 -0.912037 -1 -0.0501845 -1 -0.678909 -1 -1 -1 0.821737 -0.455761 -1 -1 -1 -1 -0.863028 -1 0.0486295 -0.81798 -1 -1 -0.994421 -1 -0.983353 -1 0.394645 -0.636164 0.910243 -0.80407 -0.398726 0.0335752 -1 -1 -0.455963 -0.736142 0.682572 -0.280335 -0.929482 -1 -1 -1 -0.69372 -1 -0.912066 -1 -1 -1 0.458888 -0.710877 -1 -0.223377 -0.368892 -0.851283 -1 -1 -1 -1 -1 -0.90797 -1 -1 -0.713714 -0.940117 -1 -0.837859 -1 -1 -0.412197 -1 -0.96659 -1 0.876722 -1 -0.719649 -1 -1 0.291354 -1 -0.21575 -1 -1 0.603492 -0.334789 -0.951324 -0.833347 -1 -0.546026 -1 -0.914064 -1 -1 -0.45416 0.816045 -1 0.404312 0.43661 -0.864345 0.986843 -1 -1 0.531612 -0.983961 -0.863976 -1 -0.983788 
-0.546906 -0.417457 -0.19826 -0.0922413 -0.644251 0.129198 0.830435 0.97017 0.953359 -0.334934 -0.962135 -0.391863 -0.327847 0.78819 -1 0.284909 -1 -1 -1 -0.436265 -0.650903 -0.133384 -0.719735 -1 -0.821717 -0.0863236 -0.196378 1 -0.654521 0.620056 -0.940845 0.403494 0.178174 -0.0418147 -0.0859713 -1 -1 -1 -1 -1 0.190132 0.174268 -1 -0.916937 -0.958181 0.175969 0.464438 -0.0150131 0.159739 -1 -0.929819 -1 -1 -1 -0.072577 -0.939335 -0.846414 -0.849256 -0.441355 -0.29657 -0.63672 -0.544478 -0.545087 0.246522 -0.773542 -1 -0.324302 0.224115 -1 -0.231223 -0.791553 -1 -0.0273179 -1 -0.303292 -0.637412 0.824843 -0.967958 -0.080353 -1 -0.277109 -0.865062 0.065256 0.440162 -0.130543 -0.511844 -0.959522 0.244269 -1 -1 0.123711 -0.64968 0.595016 -1 0.0478869 -0.857965 -0.359109 -1 -0.891555 -0.268343 0.00557853 -1 -0.915301 -1 0.0368973 -0.168126 
-1 -0.601553 -1 -1 -0.0501845 -1 -0.678909 -1 -1 -1 0.644706 -0.6555 -1 -1 -1 -1 -0.863028 -1 0.0486295 -0.803118 -1 -1 -0.994421 -1 -0.983353 -1 0.394645 -0.534268 0.967378 -0.970365 -0.398726 0.0335752 -1 -1 -0.455963 -0.736142 0.682572 -0.280335 -0.929482 -1 -1 -1 -0.69372 -1 -0.912066 -1 -0.888553 -1 0.458888 -0.710877 -1 -0.223377 -0.368892 -1 -1 -1 -1 -1 -1 -0.90797 -1 -1 -0.713714 -0.940117 -0.783712 -1 -1 -1 -0.341542 -1 -0.96659 -1 0.876722 -1 -0.719649 -1 -1 0.629994 -1 0.0494899 -1 -1 0.603492 -0.334789 -0.951324 -0.833347 -1 -0.479344 -1 -0.914064 -1 -1 -0.45416 0.816045 -1 0.404312 0.43661 -0.864345 0.91026 -1 -1 0.437067 -0.983961 -1 -1 -0.801083 
-0.546906 -0.79743 -0.244866 -0.0922413 -0.839646 0.375822 0.596855 0.665837 1 -0.193187 -1 0.19642 -0.147694 0.667102 -1 0.0329396 -0.941836 -1 -1 -0.436265 -0.660924 -0.634329 -0.388202 -1 -1 0.342252 -0.229633 1 -0.239815 0.773794 -1 0.555991 0.453746 -0.0127254 0.848299 -1 -1 -1 -1 -1 0.49221 0.0643018 -1 -0.766837 -1 -0.10598 0.466868 -0.493635 0.275596 -0.82092 -0.374567 -0.861495 -1 -0.63399 0.292777 -1 -1 -0.27627 -0.279047 0.25198 -1 0.0333376 -0.507584 0.0657471 -1 -1 0.293249 0.224115 -1 -0.231223 -0.0421585 -1 -0.272382 -0.85203 -0.32909 -1 0.824843 -1 -0.080353 -1 -0.732398 -0.861229 -0.0282599 0.388229 -0.0924588 -0.70372 -0.987013 0.419304 -0.960569 -1 0.105096 -0.998379 0.398254 -1 -0.064208 -1 -0.312297 -1 -0.311376 -0.140566 0.235619 -1 -0.822347 -0.639471 -0.0501872 -0.201586 
-1 -0.601553 -1 -1 -0.0501845 -1 -0.678909 -1 -1 -1 -0.078397 -0.558304 -0.850128 -1 -1 -1 -1 -1 0.0811761 -0.69204 -1 -1 -0.994421 -1 -1 -1 0.394645 -0.534268 0.910243 -0.80407 -0.398726 0.0335752 -1 -1 -0.33928 -0.167475 0.682572 -0.107824 -1 -1 -1 -1 -0.823817 -0.945794 -0.872599 -0.905804 -0.92498 -1 -0.112996 -1 -1 -0.646742 -0.527795 -0.980774 -1 -1 -0.827973 -1 -1 -1 -1 -1 -0.835823 -0.940117 -0.783712 -1 -1 -1 -0.341542 -1 -1 -1 0.876722 -1 -0.719649 -1 -1 0.629994 -1 0.0494899 -0.823765 -1 0.74201 -0.334789 -0.957282 -1 -1 -0.479344 -1 -1 -1 -1 -0.45416 0.675143 -0.909402 0.291354 0.43661 -0.864345 0.91026 -1 -1 0.437067 -0.983961 -0.863976 -1 -1 
-1 -0.810468 -1 -1 -0.0828236 -0.923469 -1 -1 -1 -1 0.792841 -0.954824 -1 -0.895022 -1 -1 -1 -1 0.0590957 -0.803118 -1 -1 -1 -1 -0.983353 -1 0.20993 -0.534268 0.910243 -0.80407 -0.398726 0.0335752 -1 -1 -0.313662 -0.167475 0.682572 -0.107824 -0.929482 -1 -0.977647 -1 -0.69372 -1 -0.872599 -1 -1 -1 0.458888 -1 -1 -0.223377 -0.488618 -1 -1 -1 -0.952735 -0.900022 -1 -0.834339 -1 -1 -0.713714 -0.940117 -0.7843 -1 -1 -1 -0.392815 -1 -0.989028 -1 1 -1 -0.991076 -1 -1 -0.473305 -1 -0.13435 -0.971389 -1 0.816502 -0.334789 -0.951324 -0.833347 -1 -0.402791 -1 -1 -1 -1 -0.740048 0.675143 -1 0.47196 0.43661 -1 0.91026 -1 -1 0.952146 -1 -0.863976 -0.856632 -0.95342 
-0.836051 -0.79743 -0.100903 -0.0922413 -0.336799 0.375822 0.596855 0.665837 1 -0.354616 -1 0.19642 -0.147694 0.667102 -0.994677 -0.294794 -0.941836 -1 -1 -0.436265 -0.660924 -0.634329 -0.388202 -0.920871 -1 0.342252 -0.801258 1 -0.239815 0.773794 -1 0.555991 0.257188 0.151996 0.848856 -1 -1 -1 -0.899151 -1 0.49221 -0.173502 -1 -0.766837 -1 0.092722 0.466868 -0.493635 0.275596 -0.82092 -0.271639 -1 -1 -0.63399 -0.192151 -1 -1 -0.27627 -0.279047 -0.831314 -1 0.0333376 -0.507584 0.338124 -1 -1 0.491681 0.224115 -1 -0.759666 -1 -1 -0.272382 -0.85203 -0.32909 -1 0.457645 -0.911772 -1 -1 -0.732398 -1 -0.0282599 0.388229 -0.0924588 -0.70372 -0.987013 0.419304 -0.960569 -1 0.105096 -0.998379 0.398254 -1 -0.0256549 -1 -0.312297 -1 -0.408219 -0.140566 0.0886079 -1 -0.454995 -0.502557 -0.48544 -0.201586 
-1 -0.601553 -1 -1 -0.0501845 -1 -0.678909 -1 -1 -1 0.780024 -0.6555 -1 -1 -1 -1 -1 -1 0.0811761 -0.803118 -1 -1 -0.994421 -1 -0.983353 -1 0.394645 -0.534268 0.910243 -0.80407 -0.398726 0.0335752 -1 -1 -0.455963 -0.167475 0.682572 -0.107824 -0.929482 -1 -1 -1 -0.69372 -0.945794 -0.872599 -1 -1 -1 -0.0429602 -0.710877 -1 -0.223377 -0.488618 -0.851283 -1 -1 -1 -1 -1 -1 -1 -1 -0.713714 -0.940117 -0.783712 -1 -1 -1 -0.341542 -1 -0.96659 -1 0.876722 -1 -0.719649 -1 -1 0.519361 -1 0.0494899 -1 -1 0.816502 -0.334789 -0.951324 -0.833347 -0.991209 -0.479344 -1 -0.914064 -1 -1 -0.45416 0.675143 -1 0.404312 0.38759 -1 0.91026 -1 -1 0.437067 -0.983961 -0.863976 -1 -1 
0.0937401 -0.815822 -0.83497 -1 -1 -1 -0.892097 -0.749962 0.906817 0.327437 -1 -1 0.0169115 -0.219359 -1 -0.360474 -0.538032 0.167339 -0.906675 -0.925791 -0.797309 -1 0.163406 0.413671 -0.53072 -1 -1 0.878777 -0.715564 -0.114352 -0.135035 0.480737 -0.920802 -1 0.0227475 0.34563 -0.152647 0.322748 -0.714002 -1 -0.0687608 1 0.49135 -0.274534 -0.989833 -1 -1 0.343636 -0.258136 -0.354093 0.00769639 0.869648 -1 -0.948291 -1 -0.0483228 -0.465887 -1 -0.952221 0.262275 -1 0.223517 -1 -0.4626 -0.968617 -1 -0.64497 -0.726611 -1 0.329087 -0.481858 -0.358285 0.275326 -1 -0.408067 -1 -1 0.235091 0.350522 -0.821834 -1 -1 0.41749 -0.704315 -0.49798 -0.296125 -0.115669 0.153481 -1 -0.562592 -1 -0.426859 -1 0.518993 -0.484542 0.438194 -0.130052 -0.527015 0.484006 0.51141 0.161079 -0.61019 -0.249512 0.132557 -0.480555 -1 
-1 -0.484347 -1 -1 -0.290346 -1 -0.513897 -0.0791423 -1 -1 0.978589 -0.943325 -1 -1 -0.829731 -1 -1 -0.806293 0.605024 -0.211911 -1 -1 -0.0389125 -0.985723 -0.779293 -1 0.911695 -0.365519 0.299666 -0.80407 -0.248863 0.585143 -1 -0.747683 -1 -0.0411191 0.436035 -0.000873774 0.0516347 -0.783558 -1 -0.867489 -0.377361 -1 -0.777231 -1 -0.857841 -1 0.592093 -0.975962 -1 -0.820307 0.375043 -0.98464 -1 -1 -1 -1 -0.949099 -1 -1 -1 -1 -0.4741 -1 -0.757767 -0.287995 -1 -0.486294 -0.777295 -0.816138 -1 0.861637 -0.98236 -0.865088 -1 -1 0.728731 -1 -0.079173 -1 -1 0.341472 -0.791934 -1 -1 -0.725213 -0.48112 -1 -1 -1 -0.934617 -0.186548 0.52243 -1 0.673251 0.538516 -0.780238 0.672732 -1 -1 0.82876 -1 -0.944193 -1 -1 
-1 0.021539 -1 -1 -0.0828236 -1 -0.678909 -0.369584 -1 -1 0.978589 -0.943325 -1 -1 -0.829731 -1 -1 -0.806293 0.605024 -0.211911 -1 -1 -0.0389125 -1 -0.779293 -1 0.910035 -0.365519 0.299666 -0.791804 -0.484924 0.585143 -1 -1 -1 -0.0411191 0.436035 -0.000873774 0.0516347 -0.783558 -1 -0.911324 -0.377361 -1 -0.979395 -1 -0.857841 -1 0.592093 -1 -1 -0.820307 0.375043 -0.98464 -1 -1 -1 -1 -1 -1 -1 -1 -1 -0.4741 -1 -0.757767 -0.287995 -0.809684 -0.700168 -0.777295 -0.816138 -1 0.861637 -0.98236 -0.865088 -1 -1 0.728731 -1 -0.079173 -1 -1 0.341472 -0.590045 -1 -1 -0.778353 -0.48112 -1 -1 -1 -1 -0.186548 0.52243 -0.971731 0.673251 0.43661 -0.780238 0.672732 -1 -1 0.82876 -1 -1 -1 -1 
-1 -0.601553 -1 -1 -0.0501845 -1 -0.678909 -1 -1 -1 0.644706 -0.6555 -1 -1 -1 -1 -0.863028 -1 0.0486295 -0.803118 -1 -1 -0.994421 -1 -0.983353 -1 0.394645 -0.534268 0.910243 -0.80407 -0.398726 0.0335752 -1 -1 -0.455963 -0.736142 0.682572 -0.280335 -0.929482 -1 -1 -1 -0.69372 -1 -0.912066 -1 -0.888553 -1 0.458888 -0.710877 -1 -0.223377 -0.368892 -0.851283 -1 -1 -1 -1 -1 -0.90797 -1 -1 -0.713714 -0.940117 -0.783712 -1 -1 -1 -0.341542 -1 -0.96659 -1 0.876722 -1 -0.719649 -1 -1 0.629994 -1 0.0494899 -1 -1 0.603492 -0.334789 -0.951324 -0.833347 -1 -0.479344 -1 -0.914064 -1 -1 -0.45416 0.816045 -1 0.404312 0.43661 -0.864345 0.91026 -1 -1 0.437067 -0.983961 -0.863976 -1 -1 
-0.954044 -0.0506332 -0.945458 -1 -0.462869 -1 -0.678909 -0.223 -1 -1 0.155074 -0.509908 -0.816107 -1 -0.849427 -1 -1 -1 -0.597689 -0.662016 -0.823445 -1 -0.481198 -1 -0.856797 -1 0.202587 -0.330016 0.657197 -1 -0.248863 0.659503 -0.810967 -1 -0.629393 -0.167475 0.345039 -0.107824 -0.00789621 -1 -1 -0.911324 -1 -1 -1 -1 -1 -0.828843 0.82487 -0.992129 -1 0.315878 -0.660622 -1 -1 -1 -0.852058 -0.840622 -1 -0.83798 -1 -1 -0.795298 -1 -1 -0.82805 -0.622763 -1 0.340384 -1 -1 -1 0.299426 -1 -0.777259 -0.831395 -0.874138 0.437003 -0.870119 -0.498282 -1 -0.808216 0.817944 -0.221198 -1 -0.833347 -1 -0.48112 -0.965878 -1 -1 -1 -0.273625 0.510866 -0.718633 0.418433 0.43661 -0.864345 0.516688 -0.948626 -1 1 -1 -1 -0.9273 -1 
-0.891337 0.235861 -1 -1 -0.34158 -1 -0.702359 -0.568416 -1 -1 0.328924 -0.509908 -0.846297 -1 -1 -1 -0.900809 -1 -1 -1 -0.972151 -1 -0.907079 -1 -0.856797 -1 0.261013 -0.569656 0.890137 -0.80407 -0.740868 0.499452 -0.656397 -1 -0.629393 -0.826096 -0.467246 -0.191463 -0.00789621 -0.612167 -1 -0.911324 -0.989729 -0.877734 -0.902387 -1 -1 -1 0.780734 -1 -1 -0.138612 -0.731605 -1 -0.895567 -0.822668 -1 -1 -0.836053 -1 -0.953733 -1 -0.735138 -1 -1 -1 -0.947212 -1 0.266979 -1 -1 -1 0.861637 -1 -1 -1 -1 0.437003 -1 -0.079173 -1 -0.815957 -0.0901241 -0.221198 -1 -1 -1 -0.986171 -1 -0.932293 -1 -1 -0.35838 0.511776 -0.691443 0.733378 -0.0358063 -1 0.491866 -0.948626 -1 1 -0.997447 -1 -1 -1 
-0.836051 -0.79743 -0.100903 -0.481718 -0.336799 0.375822 0.596855 0.665837 1 -0.354616 -1 0.19642 -0.226531 0.667102 -0.994677 -0.294794 -0.941836 -1 -1 -0.436265 -0.660924 -0.634329 -0.388202 -0.920871 -1 0.342252 -0.801258 1 -0.239815 0.773794 -1 0.555991 -0.320386 0.151996 0.848856 -1 -1 -1 -0.818021 -1 0.49221 -0.173502 -1 -0.766837 -1 0.092722 0.466868 -0.493635 0.275596 -0.82092 -0.536045 -1 -1 -0.63399 -0.192151 -1 -1 -0.27627 -0.279047 -0.831314 -1 0.0333376 -0.507584 0.338124 -1 -1 0.491681 0.224115 -1 -0.759666 -1 -1 -0.272382 -0.85203 -0.130083 -1 0.457645 -0.911772 -1 -1 -0.732398 -1 -0.0282599 0.388229 -0.203238 -1 -0.813359 0.419304 -0.960569 -1 0.105096 -0.998379 0.398254 -1 -0.0256549 -1 -0.312297 -1 -0.408219 -0.140566 0.0886079 -1 -0.454995 -0.329757 -0.48544 -0.201586 
-1 0.428929 -1 -1 -0.151185 -1 -0.566944 -0.223 -1 -1 0.328924 -0.509908 -0.995385 -1 -1 -1 -0.916838 -1 -1 -1 -1 -0.976556 -0.907079 -1 -0.782443 -1 0.261013 -0.569656 0.890137 -0.80407 -0.248863 0.289773 -1 -1 -0.629393 -1 0.0486555 -0.191463 -0.00789621 -0.871591 -1 -0.911324 -0.899837 -0.877734 -0.902387 -1 -1 -1 0.643215 -1 -1 0.315878 -0.731605 -1 -0.895567 -0.822668 -1 -1 -0.836053 -1 -0.953733 -1 -0.735138 -1 -1 -1 -0.947212 -1 0.092768 -1 -1 -1 0.861637 -1 -1 -1 -1 0.437003 -0.95905 -0.079173 -1 -1 -0.0901241 -0.221198 -1 -0.833347 -1 -0.983248 -1 -1 -1 -1 -0.35838 0.527939 -0.615364 0.538593 -0.0358063 -1 0.854657 -0.948626 -1 1 -1 -0.904273 -1 -1 
-1 0.428929 -1 -1 -0.151185 -1 -0.566944 -0.223 -1 -1 0.328924 -0.332667 -0.995385 -1 -1 -1 -1 -1 -1 -0.905729 -1 -0.915099 -0.907079 -1 -0.782443 -1 0.261013 -0.871469 0.890137 -0.80407 -0.269424 0.289773 -1 -1 -1 -1 0.0486555 -0.191463 -0.00789621 -0.871591 -1 -0.911324 -0.899837 -1 -0.902387 -1 -1 -1 0.643215 -1 -1 0.315878 -1 -1 -0.880154 -0.822668 -1 -1 -0.836053 -1 -0.953733 -1 -0.59188 -1 -1 -1 -0.947212 -1 0.092768 -1 -1 -1 0.99025 -1 -1 -1 -1 0.437003 -0.95905 -0.079173 -1 -1 -0.0901241 -0.202192 -1 -0.833347 -1 -0.983248 -1 -1 -1 -1 -0.35838 0.527939 -0.615364 0.538593 -0.0358063 -1 0.854657 -0.948626 -1 1 -1 -0.904273 -1 -1 
-1 -0.601553 -1 -1 -0.0501845 -1 -0.678909 -1 -1 -1 0.644706 -0.455761 -1 -1 -1 -1 -0.863028 -1 0.0486295 -0.81798 -1 -1 -0.994421 -1 -0.983353 -1 0.394645 -0.534268 0.910243 -0.80407 -0.398726 0.0335752 -1 -1 -0.455963 -0.736142 0.682572 -0.280335 -0.929482 -1 -1 -1 -0.69372 -1 -0.912066 -1 -1 -1 0.458888 -0.710877 -1 -0.223377 -0.368892 -0.851283 -1 -1 -1 -1 -1 -0.90797 -1 -1 -0.713714 -0.940117 -0.783712 -1 -1 -1 -0.344386 -1 -0.96659 -1 0.876722 -1 -0.719649 -1 -1 0.291354 -1 -0.21575 -1 -1 0.603492 -0.334789 -0.951324 -0.833347 -1 -0.479344 -1 -0.914064 -1 -1 -0.45416 0.816045 -1 0.404312 0.43661 -0.864345 0.91026 -1 -1 0.531612 -0.983961 -0.863976 -1 -0.983788 
-0.952528 -0.669623 -0.0304055 -0.0922413 -0.378769 0.448148 0.161573 0.959193 1 -0.241283 -1 0.195436 -0.421356 0.667102 -1 0.394052 -1 -1 -1 -0.436265 -0.660924 -0.0659717 -0.402047 -0.95674 -1 0.321254 -0.196378 1 -0.195765 0.880162 -1 0.403494 0.357572 -0.201455 0.877656 -0.865359 -1 -0.99468 -1 -1 0.497249 0.507619 -0.553817 -1 -1 0.620821 0.464438 -0.0150131 0.159739 -0.906633 -0.374113 -1 -1 -0.739966 0.0319646 -0.939335 -1 -0.27627 -0.253251 0.308508 -0.63672 -0.0506332 -0.126651 0.441728 -0.773542 -1 0.316704 -0.0363618 -0.919444 -0.231223 0.450726 -1 -0.514477 -0.931533 -0.282305 -0.634588 0.751804 -1 -0.080353 -1 -0.422607 -0.865062 0.287688 0.440162 -0.123283 -0.281277 -1 0.419304 -1 -1 0.12781 -0.64968 0.553118 -1 -0.064208 -1 -0.474643 -0.485862 -0.231156 0.0121809 0.0886079 -1 -0.748585 -1 0.124488 0.0905982 
-0.546906 -0.417457 0.234477 -0.18791 -0.336799 0.160761 0.47664 0.925738 1 -0.334934 -1 -0.391863 -0.147694 0.78819 -1 0.282695 -1 -1 -1 -0.436265 -0.650903 -0.133384 -0.402047 -1 -1 0.366129 -0.196378 1 -0.654521 0.620056 -0.85958 0.403494 0.178174 -0.201455 -0.678983 -1 -1 -1 -1 -1 0.0862367 0.454772 -1 -0.916937 -0.958181 0.175969 0.464438 -0.0150131 0.159739 -0.82092 -0.409947 -1 -1 -1 -0.072577 -0.954876 -0.86524 -0.874588 -0.441355 -0.29657 -0.63672 -0.544478 -0.545087 0.246522 -0.773542 -1 0.00887306 0.224115 -1 -0.231223 0.0576054 -0.908922 0.0340333 -0.970906 -0.303292 -0.774569 0.824843 -1 -0.080353 -1 -0.20827 -0.865062 0.065256 0.440162 -0.340287 -0.489101 -1 0.419304 -0.880839 -1 0.123711 -0.64968 0.530282 -1 0.071437 -0.853153 -0.741161 -0.485862 -0.734224 -0.268343 0.0886079 -1 -0.67242 -0.635746 0.0368973 -0.168126 
-0.940689 -0.861704 0.234477 -0.0922413 -0.419165 0.160761 0.830435 0.925738 1 -0.334934 -1 -0.8907 -0.147694 0.270059 -1 -0.240925 -1 -0.847608 -1 -0.436265 -0.650903 -0.133384 -0.917355 -0.986975 -1 0.366129 -0.196378 0.676988 -0.654521 0.620056 -1 0.403494 0.178174 -0.318454 0.0348427 -1 -1 -1 -1 -1 -0.233536 0.454772 -1 -1 -1 0.175969 0.464438 -0.0150131 0.159739 -0.82092 -0.374113 -1 -1 -1 -0.072577 -0.939335 -0.984914 -1 -0.441355 -0.507337 -1 -0.455011 -0.545087 -0.239553 -1 -1 0.00887306 0.224115 -0.833277 -0.40008 -0.288898 -0.908922 0.0340333 -0.970906 -0.303292 -0.637412 0.824843 -1 -0.080353 -1 -0.20827 -0.865062 0.065256 0.0735627 -0.0427797 -0.489101 -1 0.450743 -0.880839 -1 0.123711 -0.949702 0.530282 -1 0.071437 -0.806102 -0.965813 -0.485862 -0.734224 -0.388833 0.135095 -1 -0.639493 -0.810201 0.233868 -0.168126 
-0.546906 -0.417457 0.234477 -0.0118445 -0.336799 0.396692 0.816646 0.698669 0.65409 -0.241998 -1 -0.11889 -0.147694 -0.0114769 -1 0.394052 -1 -0.964282 -1 -0.817659 -0.916698 -0.133384 -0.402047 -1 -1 0.342252 -0.196378 0.848696 -0.00443886 0.880162 -0.964493 0.403494 0.390498 -0.555554 0.41915 -1 -1 -1 -1 -1 0.497249 0.601157 -0.363991 -0.916937 -0.958181 0.621381 0.464438 -0.569621 0.159739 -1 -0.374113 -1 -1 -0.608069 0.276678 -0.998859 -0.981042 -0.170329 -0.504413 -0.0900033 -0.63672 -0.281586 -0.126651 0.441728 -1 -1 0.293249 0.224115 -0.872082 -0.331512 0.546089 -0.775164 -0.231648 -1 -0.341535 -0.634588 1 -1 -0.29138 -1 -0.422607 -1 0.065256 0.388229 0.0629355 -0.281277 -0.987013 0.419304 -0.880839 -1 0.12781 -1 0.398254 -1 -0.0184896 -0.853153 -0.456283 -0.473253 -0.392058 -0.0265633 0.0886079 -1 -0.557044 -0.635746 0.188243 -0.234909 
-0.876596 -0.601553 -1 -1 -0.0501845 -1 -0.907208 -1 -1 -0.974552 0.780024 -0.6555 -1 -1 -1 -1 -1 -1 -0.397138 -0.803118 -1 -1 -0.994421 -1 -0.983353 -1 0.394645 -0.534268 0.910243 -0.80407 -0.398726 0.0335752 -1 -1 -0.852375 -0.167475 0.682572 -0.107824 -0.929482 -1 -1 -1 -0.69372 -0.945794 -0.872599 -1 -1 -1 -0.0429602 -0.710877 -1 -0.136978 -0.689023 -0.851283 -1 -0.805762 -1 -1 -1 -1 -1 -1 -1 -0.940117 -0.783712 -1 -1 -1 -0.341542 -1 -1 -0.904233 0.876722 -1 -0.719649 -1 -1 0.629994 -1 0.0494899 -1 -1 0.816502 -0.334789 -0.951324 -0.833347 -0.991209 -0.395671 -1 -1 -1 -0.938694 -0.309912 0.675143 -1 0.323265 0.43661 -1 0.91026 -1 -1 0.294517 -0.983961 -0.992492 -1 -1 
