-0.999307 0.536921 -0.221389 -0.402935 0.847364 -0.380277 -0.606542 0.601006 -0.940533 -0.252563 -0.0902747 0.291582 -0.750032 0.776898 -0.178703 -1 0.941378 0.840715 -0.756374 0.493376 -0.200158 0.320177 -0.0448784 -0.943515 -1 0.102891 0.418107 -0.647788 0.725866 -0.315407 -1 -0.0332138 -0.466693 0.695055 -0.664074 -0.956714 0.172753 -0.97547 0.702617 -1 0.00486159 -0.151541 -0.786907 -0.993035 -0.0439897 -1 -0.449107 0.145128 -0.121772 0.0950071 0.677816 -0.162506 0.819772 0.451665 -0.779076 -0.635624 -0.915887 -0.750188 0.0288484 -0.599654 -0.893175 -0.904083 0.0148687 -0.383531 -0.446672 -0.0824211 -0.652179 -0.997903 0.66647 -1 -0.604723 -0.827154 -1 -1 -0.221561 0.302377 0.434182 -0.37396 -0.98721 -0.561371 0.131552 -0.660714 -0.497398 -0.71824 -0.206432 0.615608 0.101088 0.15411 0.447227 -1 -0.42424 0.562796 0.273133 -0.80157 -1 -0.657274 1 -0.656663 -0.514232 -0.062023 0.264467 -1 -0.996994 0.235371 0.100417 0.676938 0.0994586 -0.545144 -0.362475 -0.295553 -0.990418 -0.433979 0.114494 -1 -0.527006 0.80441 -0.97683 0.607746 0.657398 0.541319 -0.570448 -1 0.987487 -0.476225 0.581954 0.0991557 -1 -0.669322 0.58216 0.61905 -0.234547 0.203989 -0.615984 0.44737 0.20175 -0.499932 0.19575 0.0423664 
-0.657824 -0.0745905 0.866836 -1 0.040976 -1 -0.333413 -0.0875349 -0.117668 -0.84731 0.0379311 0.819756 -0.0729621 0.691595 -0.532808 -0.841526 -1 0.684788 0.65986 0.751415 -0.805927 0.0145241 0.93774 -0.392794 0.574598 -0.820072 -0.998861 0.00264359 -0.133607 0.806423 -0.722092 -1 -0.109928 0.577625 -0.894402 -0.264174 -0.156188 -1 -0.958144 0.665739 -0.829568 -1 0.693461 -0.834117 0.0740641 -1 0.603989 -0.432122 -0.708378 -0.478567 -0.262445 -0.221924 -0.25634 0.3545 -0.433338 -0.566897 -0.925714 0.348725 0.418304 0.598758 -0.762862 -0.130838 -1 -1 -1 -1 -0.559117 -0.681968 -0.192261 -0.626998 -0.312685 -0.572183 0.443318 -1 -0.671054 0.196088 -0.614645 -1 0.111598 -0.392416 0.173203 0.221986 0.428442 -0.645909 0.535472 -0.878187 -0.425697 0.370458 -0.0603424 -0.0422145 -1 -0.980638 -0.571316 -0.445652 -0.508629 -0.0528226 -0.455438 0.368006 0.10067 -0.119959 0.0272945 -0.044082 -1 0.14129 -0.272462 -0.890512 -0.0810551 0.968758 -1 1 -1 -0.683288 -0.735953 0.340787 0.0390266 0.531309 0.448589 -0.474341 0.46268 0.967024 0.531838 -1 -0.531929 -0.761724 -0.694076 0.58951 -0.895929 -0.825184 -0.626274 -0.363501 0.706038 0.751894 -0.978874 -0.829475 0.0375275 0.425705 -0.869388 0.339319 
-0.910415 -1 -0.223158 0.290025 0.394556 0.138331 -0.784006 -1 0.0625064 1 0.510812 -0.0315081 -1 0.18905 -1 -0.614506 -0.307783 -0.173047 0.152631 -0.528769 0.62157 -1 0.359017 -0.682035 -1 -0.189306 0.327022 -1 -0.0931534 -0.0673493 -0.870473 -1 -0.761981 -1 -0.828797 -0.454024 -0.602805 -1 -1 0.456615 -0.34131 -0.284575 -0.590654 -0.431886 -1 2.09808e-05 -1 -0.470077 -1 0.586477 -1 0.985835 0.0275878 -1 0.265378 0.396181 -0.504727 -0.642283 -0.90421 -0.926289 0.0173855 -0.862773 -1 -1 -0.430043 -0.277193 -1 -0.446572 -1 -1 -1 -1 -0.36997 -0.781279 -1 -0.956548 -1 -1 -1 -0.759166 -1 -0.326359 0.158514 -1 -1 -0.867827 -0.265175 -0.887137 0.0092214 -1 1 0.698021 -0.209349 0.218232 0.388534 -0.751607 -0.867633 -1 0.181372 -0.812983 0.715435 0.283726 -1 -0.781574 -0.895598 -1 -0.31311 0.297061 0.482898 1 -0.32177 -1 -0.86265 0.223509 -0.384696 -0.149468 -0.0431997 1 -0.580196 -0.338414 -1 0.0916414 0.907881 0.0100483 0.466866 -0.890417 -0.194806 -0.529512 -1 0.121429 0.0348074 -1 -0.257798 -1 -0.417606 -0.84369 -0.926747 -0.617502 
-0.717224 0.087883 -1 -1 0.731306 -1 -0.518223 -0.100941 0.259038 0.605829 -0.132987 -1 -1 -0.0274464 0.928853 0.30498 -1 0.483104 -0.661307 0.134414 0.460139 -0.0312587 -0.600208 0.339336 -0.466507 0.399429 -1 -0.142811 0.703593 0.831198 -0.876517 -0.363458 -0.343617 1 -0.835339 -0.447828 -0.00150001 -0.906973 0.274901 -1 -0.985322 0.620993 -0.0957876 -0.312796 -0.80955 -0.854128 0.134936 0.20619 0.17692 -0.252837 -0.545047 0.969245 0.217571 0.0220115 -1 0.207389 -0.0969443 0.078425 -0.15438 0.0806811 -1 -0.439936 -0.256615 0.114005 -1 -0.887256 -1 -1 0.758498 -0.0124732 0.943033 -0.483871 0.549253 -0.472153 -0.225361 -1 0.227714 0.790698 -0.780576 0.62343 -0.238954 -0.747329 -1 -0.99479 -0.159495 -0.288959 0.490021 -0.705456 -1 -1 0.383027 0.213316 -0.756421 0.266464 -0.364572 -0.275439 -0.481168 0.0500381 -0.573834 0.569992 -1 -0.459473 0.441033 0.759296 -0.17803 -0.541041 -0.868487 0.00645626 -1 -1 -0.0301824 -0.613401 -0.329223 0.0574311 -0.22603 -0.181722 -0.454854 0.598827 0.388312 -0.492334 0.305754 -0.984886 0.936833 0.81532 -1 -0.0536495 -0.921664 -0.218858 -0.156722 -0.72129 -1 -0.0799464 0.349278 0.0930923 -0.916841 -0.874586 0.330179 -0.947924 
0.153773 0.0328109 0.457812 -0.823975 -1 -1 0.0916462 -0.596193 -0.351604 -0.0110552 -0.841828 -1 0.59202 -0.55104 -0.0616106 -0.071001 -1 -0.330685 -0.234175 0.11894 0.721102 -0.385809 -1 -0.408953 -0.734256 -0.804394 -0.604903 0.638122 -0.491179 -0.273459 -0.692258 -0.628994 -1 1 -0.508729 -0.829616 0.846216 -1 -0.68231 -1 -0.653795 -0.12263 0.214864 0.100864 -0.288082 -0.935845 -1 -0.340406 -1 -0.638011 -0.213845 0.717139 0.578288 -0.1381 -0.978841 0.207956 0.680301 -0.0976718 0.131273 0.545537 0.134562 -1 0.768848 -0.555002 -1 0.17098 0.952806 -0.341624 0.975995 -0.0514553 0.616554 0.364529 -0.244929 0.648944 0.609354 -0.919733 0.00406453 0.0585123 -0.327695 -0.0175037 -0.837672 -0.806179 0.466329 -1 -1 -0.618932 -0.349294 -0.610032 -0.537382 0.295829 0.258577 -1 -1 -0.49112 0.813182 0.905699 0.816386 -0.440664 -1 0.2504 -1 -0.324634 0.174272 -0.156764 -0.876852 -0.799859 -0.462654 -0.909586 -1 0.747208 0.892664 -0.106325 -0.0312246 0.244183 -0.384382 0.840616 -1 -0.454378 -1 0.269922 -0.311963 -0.160056 -1 0.983891 0.488062 0.366542 0.502265 -1 -0.733674 -0.500516 0.351528 -0.403196 -1 -0.526146 0.711249 -1 -0.34953 -0.9262 
-1 -0.830509 0.671943 -0.036396 0.44143 -1 -0.957417 -0.531271 0.377119 0.196758 -1 -0.0729509 -0.290054 -0.993636 0.68877 -0.967012 -0.630086 -0.94378 -0.945241 -0.936435 -0.316109 -1 -0.572466 -0.627911 0.0313475 -0.535254 -0.381314 -1 -1 -0.758492 -1 -0.00514674 0.678334 -1 0.886686 0.265324 -1 0.317667 0.343918 0.058065 -0.95072 0.0649231 -0.738192 -0.60183 -0.0505919 -1 -1 -0.46266 0.115514 1 -1 0.494656 -0.157702 -0.790592 0.10366 0.729058 -1 0.212569 0.28543 -0.0474344 0.551108 -1 0.156046 -1 -0.421967 -0.678692 -0.84065 0.068047 -0.338914 -0.782221 -0.882525 0.544812 -0.835917 -1 -0.555737 0.533434 0.396208 -0.75931 0.732244 0.382724 -1 0.155792 -1 -1 -0.296915 0.153275 -0.174208 -0.303823 -0.422748 -1 -0.394029 -1 -0.685222 -1 -0.130192 -0.828382 0.718027 0.723095 -0.244645 0.315456 -0.158586 -0.048867 -0.717953 -0.457166 0.704341 0.962729 -0.629219 -0.702147 0.13825 -0.364784 -0.769901 -0.207042 -0.754827 -1 -1 -0.915226 -0.0869172 -0.624185 -0.733171 -1 -0.882538 0.650564 0.845361 -0.861205 -0.0706512 -1 -0.109469 -0.837344 -0.143791 0.748196 -1 -0.0314099 -1 -0.0578359 0.391071 0.2415 -1 -0.60891 
0.153773 0.0328109 0.00267258 -0.823975 -0.665146 -1 0.0916462 -0.596193 -0.351604 -0.637602 -0.841828 -1 0.59202 -0.55104 0.025377 -0.631884 -0.698355 -0.330685 -1 0.11894 0.721102 -0.385809 -1 -0.408953 -0.666702 -0.804394 -0.604903 0.638122 -0.491179 -0.273459 -0.692258 -0.909371 -0.853363 1 -0.508729 -0.829616 0.846216 -1 -0.597259 -1 -0.653795 -0.12263 0.214864 0.100864 -0.288082 -1 -1 -0.340406 -1 -0.638011 -0.213845 0.717139 0.578288 -0.1381 -0.978841 0.207956 -0.040134 -0.0976718 0.131273 0.545537 0.134562 -1 0.193532 -1 -1 0.17098 0.952806 -0.341624 0.902805 -0.0514553 0.616554 0.364529 -0.244929 0.648944 0.609354 -0.919733 0.00406453 0.0239761 -0.327695 -0.0175037 -0.837672 -0.77912 0.466329 -1 -1 -0.618932 -0.349294 -0.610032 -1 -0.822587 -0.860003 -1 -1 -0.49112 0.813182 0.905699 0.816386 -0.440664 -1 0.2504 -1 -0.324634 0.570362 -0.156764 -0.876852 -1 -1 -0.667002 -1 0.747208 0.892664 -0.106325 -0.0312246 0.244183 -0.384382 0.840616 -1 -0.454378 -1 0.269922 -0.311963 -0.160056 -1 0.983891 -0.653002 0.366542 0.502265 -1 -0.733674 -0.500516 0.351528 -0.055474 -1 -0.254272 0.711249 -0.789018 -0.34953 -0.9262 
0.0910273 0.719873 0.698661 -0.994238 -0.261276 -0.258298 -0.446011 -0.685947 0.519268 -1 0.706995 -1 0.471829 0.742036 0.0242968 0.295848 0.327165 0.358228 -1 0.0110024 -0.31383 -0.544097 -0.0186499 -0.458209 -0.667382 0.847696 -0.169445 -0.539858 0.215173 -1 0.630946 -0.915195 -0.922615 -1 -0.816488 0.24538 -0.828087 0.215185 -0.671516 -1 -1 0.334923 -0.35518 0.752668 0.238195 0.212438 0.65482 -0.690241 -1 -0.469491 -0.374794 -0.101274 -0.902832 0.394848 -1 0.382056 0.489162 -0.335889 -1 0.279326 -0.979029 -0.453815 -0.0952959 -0.285721 -0.374127 -0.259236 -0.121734 0.0541053 -0.392962 0.302875 -1 0.147265 -1 0.981061 0.602654 -0.367703 1 -1 -0.00344425 -1 -0.351784 -0.863864 -0.691479 -1 -0.610117 -0.484975 -0.927431 -0.695123 0.720922 -0.979172 -1 -1 -0.234879 -0.512228 0.413018 -0.753833 0.738391 0.615539 -0.401663 -1 -0.231791 0.732463 0.548456 -0.865 -0.362564 -1 0.346825 -0.486798 0.59957 -0.704722 -0.81507 -1 0.253549 -0.0581006 -0.499158 -0.467312 0.532022 -0.788108 -0.31591 -0.75137 -0.459229 0.714194 -1 -0.300299 -0.130998 -0.182515 -0.262677 -0.487775 -0.617085 -0.878176 -0.282454 0.319885 -0.182732 0.607382 0.541794 -0.67844 0.0460138 -0.414389 
0.153773 0.0328109 0.457812 -0.823975 -0.708598 -0.958818 0.0916462 -0.596193 -0.351604 -0.266755 -0.841828 -0.617536 0.59202 0.477697 -0.0616106 -0.071001 -0.733171 0.5835 -0.234175 0.11894 0.518437 -1 -1 -0.408953 -1 -0.843708 -0.367987 0.427666 -0.818626 -0.549925 -0.692258 -0.932566 -1 0.753921 -0.508729 -1 0.846216 -1 -1 -0.239521 -0.653795 -0.12263 0.214864 0.100864 -0.288082 0.88807 -0.742788 -0.340406 -0.361979 -0.638011 -0.213845 0.717139 -0.0566924 0.773226 -1 -1 0.680301 -0.0976718 0.725825 -0.0398238 0.134562 -0.797821 0.617489 -0.555002 -1 0.00450239 1 1 0.975995 -0.0514553 0.616554 0.364529 -0.244929 -0.00860882 0.076719 -0.919733 -1 0.0585123 -0.327695 0.620335 -0.837672 0.371193 -0.76278 -0.679388 -1 -0.618932 -0.349294 -0.610032 -0.537382 -0.266331 0.258577 -0.855783 -1 -0.49112 0.845447 0.905699 0.980364 -0.190758 -1 0.2504 -1 -0.83038 0.174272 -0.659456 -0.876852 -0.936469 -0.274215 -1 -1 0.747208 0.892664 -0.106325 0.0220439 -0.0055694 -0.384382 0.840616 -0.89901 -1 -0.424012 0.269922 -0.311963 -0.160056 -1 0.983891 0.488062 0.0668952 0.502265 -1 0.112063 -0.341423 0.351528 -1 -0.96203 -0.526146 0.711249 -0.396222 -0.503174 -0.81675 
-0.771927 0.087883 -1 -1 0.731306 -0.761306 -0.518223 -0.100941 -0.665594 0.605829 -0.132987 -1 -0.926383 -0.0389816 0.586856 0.760727 -0.268052 0.483104 -0.661307 0.134414 0.460139 0.948282 -0.813251 0.457844 0.589501 0.399429 -1 -0.142811 0.703593 0.831198 -0.44107 0.600963 -0.120457 0.42497 -1 -1 -0.0102325 -1 0.274901 -1 -1 0.620993 -0.0957876 -0.312796 -0.80955 -0.854128 0.134936 0.627623 0.17692 -0.252837 0.455419 0.969245 0.217571 -0.0951847 -1 -0.100467 -0.191863 0.078425 -0.15438 0.0806811 -1 -0.439936 -0.437393 -0.0467423 -1 -0.887256 -1 -0.858336 0.758498 -0.0124732 0.943033 -0.854935 0.549253 -0.472153 -0.445207 -0.920607 0.227714 0.790698 -1 -0.416386 -0.238954 -0.747329 -1 -0.99479 -0.159495 -0.201073 0.490021 -1 -1 -1 0.383027 -0.64608 0.360422 0.107976 -0.364572 -0.275439 -0.481168 0.0500381 -0.573834 0.569992 -0.523568 -0.459473 0.433605 0.934722 0.395598 -0.882086 -0.868487 -0.849048 -1 -0.258592 0.295385 -0.613401 -0.329223 0.0574311 -0.130295 0.177967 -0.454854 0.00120509 0.569427 -0.492334 0.305754 -0.984886 0.936833 0.472314 -0.793747 -0.0536495 -0.921664 -0.218858 -0.156722 -0.72129 -1 -0.0799464 0.438439 0.0930923 -0.70716 0.159924 0.330179 -0.947924 
-0.106056 -0.380666 0.761286 -1 -0.0893379 -0.706528 0.0884477 -0.684296 -0.498692 -0.955661 -1 -0.293668 -1 -0.372375 -0.224885 -0.747514 0.445074 -0.203433 -0.368357 -0.0254006 0.128462 -0.173532 -1 -1 -0.130865 0.840503 -1 0.544573 -1 0.584379 -0.113753 -0.0844703 0.33533 -0.328725 -1 -0.116146 0.806549 -0.676772 0.177467 -0.71149 0.774791 -0.26322 -0.160811 0.0913188 -0.977503 -1 -0.666985 -1 -0.475503 -0.968872 -1 -1 -0.354752 0.43298 -0.971627 0.127715 -0.48534 -0.369775 0.179245 -0.470669 -0.73192 -0.955742 -1 0.484016 -1 0.972303 -0.86097 -0.253108 0.239161 0.745847 -0.864978 0.110657 0.114014 -0.526047 -1 0.323139 -1 -1 -1 -0.25019 0.441037 -0.648102 0.249352 -0.655198 -1 -0.122436 -0.872568 0.0985199 -0.0563574 0.194185 0.138759 0.867893 -0.000368148 -0.0721316 -1 -0.892651 -0.310138 0.397537 -0.358296 0.897315 -0.805171 0.300775 0.188753 0.0765123 -1 0.976534 -1 -0.807275 0.368383 -1 -0.110075 -1 -1 -1 -1 -0.0475274 -0.355232 -0.666777 -1 0.337587 0.175931 -0.820279 0.183748 -0.884397 -0.476975 -0.396949 0.979302 0.997565 -0.184648 -0.161907 0.549591 -1 0.176177 0.572797 -1 0.10876 -0.895096 -0.00583775 
-0.717224 0.087883 -1 -1 0.731306 -1 -0.518223 -0.765945 0.259038 0.605829 -0.613841 -1 -1 -0.0274464 0.928853 0.30498 -1 -0.293077 -0.661307 0.134414 0.460139 -0.0312587 -0.600208 0.339336 -0.869437 0.349932 -1 -0.142811 0.111242 -0.182987 -1 -0.363458 -0.376049 1 -0.835339 -0.447828 -0.66121 -0.906973 0.274901 -1 -0.985322 0.620993 -0.0957876 -0.312796 -0.518328 -0.854128 0.134936 0.20619 0.17692 -0.252837 -0.545047 0.969245 0.217571 0.0220115 -1 0.207389 -0.0384885 0.078425 -0.15438 0.0806811 -1 -0.802193 -0.256615 0.114005 -1 -0.887256 -1 -1 0.758498 -0.0124732 0.943033 -0.483871 0.549253 -0.472153 -0.225361 -0.648972 0.227714 1 -0.780576 0.2085 -0.238954 -0.747329 -1 -0.99479 -0.159495 -0.288959 0.490021 -0.705456 -1 -1 0.383027 -0.980862 -0.582975 0.266464 -0.364572 -0.275439 -0.481168 0.0500381 -0.573834 0.569992 -1 -1 0.441033 0.759296 -0.17803 -0.647976 -0.868487 0.113788 -1 -1 -0.0301824 -0.613401 -0.329223 0.0574311 -0.22603 -0.369596 -0.454854 0.598827 0.388312 -0.492334 0.249042 -0.984886 0.936833 0.81532 -1 -0.0536495 -0.921664 -0.218858 -0.156722 -0.72129 -1 -0.0799464 0.349278 0.0930923 -0.916841 -0.874586 -0.817458 -0.783107 
0.697283 -0.253854 0.353403 -0.729002 -0.721531 0.739396 0.209897 0.676201 -0.682966 -0.998051 -0.904905 0.780826 0.0487282 -0.710619 0.156257 -0.720597 0.471092 0.732053 0.744402 -0.307755 0.711881 0.95829 0.19467 -0.992002 0.911716 0.288599 -0.652057 0.93119 -0.532357 0.921561 -0.572311 0.659762 0.469471 0.442806 -0.107984 -0.548664 -0.390207 -0.858099 -0.618008 -0.456273 0.418473 -0.216254 0.163307 -1 0.0875852 -1 -0.35914 0.214705 -1 0.612808 0.731918 -0.870068 -0.133088 0.537502 -0.72264 -0.683034 -0.504497 -0.231939 1 0.343981 -0.899114 0.945891 -0.0293922 -0.624608 0.232268 -0.191187 0.0210563 -0.595097 -1 0.513934 0.504092 0.72254 -1 -0.45862 0.487219 0.275978 -0.95689 0.0508974 -0.123489 0.927047 0.0311685 -0.517168 -0.270353 -0.677107 0.688846 -0.272065 -0.721168 -0.0903962 -1 0.549571 0.0243725 -0.294728 -0.554697 0.722237 -0.43627 0.849667 -0.594692 -0.680659 0.501823 0.582365 0.104652 0.743726 -0.0653965 0.614252 -0.358158 -0.566308 0.633076 -0.361278 0.727932 -0.20221 -1 0.415423 0.0230045 -0.986583 0.449922 0.0707247 0.618328 -0.882121 0.123445 -0.797336 0.211891 0.0147988 0.0182397 0.316798 -0.994611 -0.620881 0.487582 -0.194218 -0.343646 -0.123399 -0.532434 -0.18885 -0.216495 -0.590192 -0.687703 -0.283895 -0.49401 -0.107507 
-0.951529 -0.444617 -1 0.249209 0.394556 0.00710946 -0.037721 -0.51846 0.777975 -0.356782 0.510812 -0.0968315 0.78124 0.778486 -0.155169 -1 -0.569442 -0.274399 0.244699 -1 0.0731524 -0.379838 0.718115 -0.794316 -0.708959 0.809334 0.0102233 -0.88251 0.312224 1 -0.310421 -0.596809 -0.406161 -0.064103 -1 0.205586 -0.370152 -0.452724 -0.370448 0.456615 0.329458 0.232478 -1 -0.431886 0.271536 0.919156 -0.620996 -0.0169445 0.317461 1 -0.643504 0.906552 0.0558611 -0.790032 0.847964 0.127862 0.127033 -0.642283 -1 0.983931 -0.625694 -0.667683 -1 -0.601142 0.57568 0.109934 -0.0264333 0.763914 -0.581868 -0.776965 -0.696119 -0.59302 -0.555453 0.434597 1 -0.77868 -0.206224 -1 0.980705 -1 -0.6112 0.269997 0.131981 -0.0770093 -0.445751 -0.855861 1 -0.40472 -0.0123875 0.400251 0.829745 0.0305068 0.0375264 0.202097 0.262045 -0.35523 -0.601094 -1 0.600724 -0.61889 0.912431 0.816942 -0.579949 -0.27125 -0.762831 -0.70151 -0.622841 -0.164346 0.788369 1 -0.32177 -0.913498 -1 0.0429738 -0.212644 -0.149468 0.210589 0.826563 -0.197593 0.430138 -1 0.0916414 0.200279 0.914958 0.466866 -1 -0.325693 -0.493977 -1 0.749302 -0.302171 -0.81049 0.407619 -0.616114 0.989135 -1 -0.320334 -1 
-0.717224 -0.176399 -1 -1 0.731306 -1 -0.702438 -0.100941 0.259038 0.269703 -0.132987 -1 -1 -0.0274464 0.920809 0.30498 -1 0.255458 -0.60183 0.134414 -0.105389 -0.0312587 -0.600208 0.339336 -0.466507 -0.253292 -1 -0.156653 0.703593 1 -1 -0.363458 -0.343617 1 -0.835339 -0.167117 -0.00150001 -1 0.274901 -1 -0.985322 0.620993 -0.0957876 -0.816458 -0.80955 -0.69674 0.134936 0.20619 0.17692 -0.252837 -0.545047 0.969245 0.217571 0.0574174 -1 0.207389 -0.0969443 0.078425 -0.764211 0.0806811 -1 -0.439936 -0.910617 -0.0740308 -0.764238 -0.55452 -1 -1 0.758498 0.0391962 0.943033 -0.287263 0.549253 -0.787563 -0.225361 -1 0.111211 0.790698 -0.780576 0.62343 -0.238954 -0.747329 -1 -0.99479 -0.159495 -1 0.766938 -0.705456 -1 -1 -0.428419 -0.19058 -0.515189 0.0402834 -0.715115 -0.275439 -0.481168 0.0500381 -0.573834 0.569992 -1 -0.459473 0.0338356 0.759296 -0.17803 -0.541041 -0.783203 0.00645626 -0.769575 -1 -0.0301824 -0.613401 -0.0586289 0.273345 -0.22603 -0.181722 -0.454854 0.219665 -0.773374 -1 -0.480418 -0.984886 0.936833 0.81532 -1 -0.0536495 -0.921664 -0.218858 -0.156722 -0.76819 -1 -0.0799464 0.335826 0.0930923 -0.519435 -1 -0.358346 -0.947924 
-0.780352 -1 0.0534497 -0.921476 1 -1 -0.201612 -0.0382264 0.0638192 0.251293 0.0466771 0.362656 -0.627196 -0.71998 0.639525 0.530337 -1 -0.691434 0.648775 -0.821363 0.507746 -0.651456 -0.0220229 -0.921303 -0.221006 0.361907 -1 0.0490566 -1 -0.453901 -0.588801 1 0.347909 0.158005 0.487529 -0.732044 -1 0.500139 0.677727 -1 -0.595656 -0.457559 0.213049 -0.60183 0.183343 -0.664665 -0.576633 -0.864323 -0.714091 1 -1 0.324299 -0.678369 -0.448959 0.896858 -0.190863 -0.380654 0.141253 1 -0.81742 0.575701 -0.112672 0.411308 0.185478 -0.483964 -0.260617 -0.467103 0.279272 -1 -0.992289 -0.870671 0.483154 -1 0.0884779 0.180177 -0.347771 0.312709 -0.75931 0.0241765 -0.322089 -0.907508 0.155792 -0.856859 -1 -0.21307 0.0999688 -1 -0.852167 0.524173 -1 0.178064 -0.834126 -1 -0.361483 0.133132 0.538491 0.718027 -0.134712 0.120005 -0.294791 0.212685 -0.155116 -1 -0.23873 0.704341 0.784391 0.0649961 -0.477613 0.689425 0.319159 -0.769901 0.33395 -0.754827 -1 -0.464788 -0.601097 0.939263 0.810135 -1 -0.792289 -1 0.529422 0.194781 0.354914 0.861446 -0.637479 0.605427 -0.837344 -0.170795 -0.253558 -0.759689 0.590535 0.543303 -1 -0.389922 -0.657125 -0.781324 -0.675911 
-0.89603 -1 -0.937978 0.249209 0.394556 0.00710946 -0.037721 -0.370986 -0.311004 0.875052 0.510812 -0.377234 0.78124 -0.241478 -0.155169 -1 0.166896 -0.274399 -0.66977 -1 -1 -0.806872 0.134641 -0.794316 -0.708959 0.809334 -0.190438 -0.88251 0.312224 1 -0.777728 0.475649 -1 -0.359212 -0.660229 0.757774 -1 -0.452724 -1 0.456615 0.329458 -0.287371 -0.600993 -0.357764 -0.40442 -1 -0.620996 -0.671255 0.317461 1 -1 0.459643 0.00147572 -0.988664 1 0.645748 -0.63118 -0.642283 -1 0.709133 0.133964 -1 -1 -0.238525 0.432072 0.109934 -0.0264333 0.763914 0.190076 -0.414087 -1 -1 -0.555453 0.339625 0.727894 -0.36634 -0.206224 -0.894302 0.980705 -1 -0.6112 0.269997 -0.494721 0.0929575 -1 -0.855861 0.814219 -0.40472 -0.424471 0.200752 0.829745 0.25069 0.0375264 -0.633466 0.388534 -0.921259 -0.320621 -0.409351 0.600724 -1 0.912431 0.816942 -1 -0.27125 -1 -0.70151 -0.141644 -0.164346 0.788369 0.522728 -1 -0.793764 -1 0.223509 1 -0.149468 0.210589 0.874316 -1 0.430138 -0.763032 -0.0981208 0.190744 0.934255 0.00735325 -1 0.212343 -0.0329058 -0.915866 0.559692 -0.836215 0.0277921 0.557251 -1 0.653614 -1 -1 -1 
-0.0827113 -0.754492 -0.298153 1 -1 -0.0969908 -0.972071 0.336642 -0.204346 -0.157587 -0.853966 -0.0441143 0.694651 -1 0.98083 0.8718 -1 -0.607746 -0.821813 0.481728 0.281451 -1 -1 -0.578886 -0.405817 -1 -0.603066 0.405774 -1 0.0408821 -0.869924 0.232621 -1 0.679646 -0.403983 -1 0.388181 0.148036 -1 0.224586 -0.965226 -0.0336661 -1 -0.729075 -0.420604 -0.905652 -0.856337 -1 -0.745673 -0.677571 0.857952 -0.80675 -1 0.208479 -0.159206 -0.0356128 0.817321 -1 1 -0.619448 -0.318149 -0.0774607 -0.521203 -1 0.309566 -0.689157 -1 -1 0.735386 0.0907917 -0.580702 -0.30484 -1 -0.616413 0.840185 0.1567 -0.291707 0.120964 -0.469225 -0.0912859 -0.0217043 0.822373 -1 -0.894742 -0.133473 -0.821204 -0.437203 -0.521101 -0.394639 0.278006 0.674554 -0.232937 -1 -0.203211 -0.377654 -1 -1 0.0427977 1 -1 -0.174013 0.264063 0.49308 -1 -0.7896 0.465719 -0.675689 -0.537921 -0.263918 0.0454806 -1 -1 -0.094167 -0.801018 -0.829643 1 -0.281534 -0.872473 -0.684986 0.176926 -1 -0.681677 -0.958134 -0.674549 0.686644 -0.752438 -0.236148 0.812341 -0.686589 -0.373994 -0.0886393 -1 -0.135425 0.327357 -1 -0.966522 -0.647141 -0.782817 
-0.673887 -0.680116 -1 0.0105623 0.347631 -0.377526 0.0930884 -0.321177 0.0926014 -0.495762 -0.336205 -0.224594 -0.796341 -0.0316389 -0.216018 -0.574988 -0.211176 -0.729541 -0.950346 -0.03544 -0.00880378 -0.683291 -0.613742 -0.277075 -0.327685 0.232603 -0.284873 0.553662 -0.749301 -0.683687 -0.0606577 -0.772924 -0.267955 -1 0.713804 0.992811 0.515194 -0.201849 -0.217933 0.75208 0.887144 0.45633 0.0162845 -0.543708 -1 0.496721 -0.0902772 -0.914173 0.948287 0.228744 0.847385 -0.428054 -0.895924 -0.599488 -0.093201 0.572038 0.995253 0.0184433 -0.925618 -0.647825 -1 0.224595 -0.60723 -0.923176 -0.827495 -1 -0.686742 0.46121 -0.947231 0.407287 -0.239427 0.51396 0.35785 -0.170428 -0.788979 0.655177 -1 -0.473874 -0.573343 -0.979432 -0.726885 0.665227 0.23621 0.0419402 0.4919 -0.240671 0.867091 -0.807859 -1 -1 0.286217 -1 0.875957 -1 -0.726489 0.317503 -1 0.478813 -0.127829 -0.240788 -0.302647 -1 0.598145 -0.388254 -0.257475 -0.0105081 -0.370578 -1 0.76067 -0.290865 -0.193598 -0.948249 0.312471 0.069469 -0.675126 -0.624481 -0.279929 0.759373 -0.818812 -1 -0.51205 0.264387 0.433368 -0.712461 -1 1 -0.685115 0.198665 -0.715958 -0.0898221 -1 0.223122 0.60478 -0.223388 -1 0.593768 -0.80332 -0.734256 
0.276017 -0.754492 -0.298153 0.847113 -0.312371 -0.0969908 -1 -0.523334 -0.0867567 0.0293115 -1 -0.179375 0.694651 -0.755518 0.98083 0.8718 -1 -0.213277 -0.821813 0.481728 0.281451 -1 -1 -0.578886 -0.787018 -0.63446 -0.185508 0.405774 -0.69202 0.0408821 0.248469 0.232621 -0.243517 -0.766804 -0.113727 -0.909737 0.296976 -0.330182 -0.237557 0.338867 -0.428655 -0.503534 -1 -0.729075 -0.420604 -0.905652 -0.651559 -0.771567 -0.745673 -0.677571 1 0.0925662 -1 -0.34879 -1 -0.0356128 0.817321 -1 1 -1 -0.318149 -0.0774607 -0.521203 -0.750955 0.309566 -0.689157 -1 -1 0.735386 0.0907917 -0.580702 -0.30484 -0.761674 -1 0.840185 0.59371 -0.917686 0.714731 -0.241916 0.967491 -0.0217043 0.822373 -0.452003 -0.556302 -0.253904 -1 -0.437203 -0.297485 -0.394639 0.278006 0.674554 0.00765768 -1 0.380066 -0.377654 -0.982883 -1 0.538576 -0.133907 -0.970346 -0.174013 0.264063 0.167508 -1 -0.0133198 0.413293 -1 -0.537921 -0.180994 0.0454806 -1 -1 -0.094167 -0.801018 -0.383674 1 -0.0292864 -0.872473 -0.684986 0.0290894 -1 -0.306115 -0.748449 -0.674549 0.720028 -0.752438 -0.236148 0.828017 -1 -0.373994 -0.0581099 -0.879168 -0.135425 0.684676 -1 -0.966522 -0.452482 -0.782817 
-0.654732 -0.230527 0.402525 0.507716 -0.444174 -0.922444 0.00203538 -0.0875349 -0.00394869 -0.964034 0.0379311 0.819756 -0.0729621 0.352129 -1 -0.930414 -1 0.499165 0.65986 1 -0.17069 0.0145241 0.93774 -0.850046 0.320998 -1 -0.345462 0.00264359 -1 0.806423 -0.848173 -0.577409 -0.151276 0.577625 -0.894402 -0.059051 -0.156188 -1 -1 0.371767 -0.829568 -0.737325 -0.0251002 -0.477625 0.0740641 -0.839155 1 -0.432122 -0.973743 -1 -0.262445 -1 -0.744288 0.674542 0.359892 -0.566897 -0.0890125 -1 -0.23412 0.233875 -0.28272 1 -0.221244 -1 -1 -0.921716 -0.559117 -0.211009 -0.616791 -0.626998 0.286875 0.611439 0.561079 -0.992543 -0.677897 -1 -0.614645 -1 -0.0693256 -0.53019 0.522007 -0.94352 -0.174746 0.0121839 0.535472 -0.878187 0.851703 -0.501345 0.197326 -0.0422145 -0.34622 -0.730559 -0.377299 -0.445652 -0.810962 -1 0.0494717 0.368006 0.10067 -0.580502 0.0272945 -0.330735 -0.66582 0.726273 -1 -1 0.551639 0.968758 -0.294331 1 -1 -0.725299 -0.00271267 -0.621727 0.0390266 1 0.448589 -1 -0.32356 0.967024 0.768243 -1 -1 -1 -1 -0.21497 -0.895929 -0.914282 -0.323272 -0.45724 0.907379 -0.089026 -0.422062 -1 0.0375275 0.425705 -1 0.339319 
-1 0.087883 -1 -1 0.731306 -0.761306 -0.518223 -0.100941 -0.665594 0.605829 -0.132987 -1 -0.926383 -0.0389816 0.586856 -0.0418675 -0.268052 0.483104 -0.661307 0.134414 0.460139 0.948282 -0.813251 0.457844 0.589501 0.399429 -1 -0.142811 0.703593 0.965783 -0.44107 0.600963 -0.120457 0.42497 -1 -1 -0.0102325 -1 0.274901 -1 -1 0.620993 -0.0957876 -0.312796 -1 -0.854128 0.134936 0.776262 -0.851047 -0.252837 0.455419 0.969245 0.217571 -0.0951847 -1 -0.100467 -0.191863 -0.672334 -0.15438 -0.293264 -1 -0.439936 -0.437393 -0.232162 -1 -0.887256 -1 -0.924261 0.758498 -0.291687 1 -0.854935 0.549253 -0.472153 -0.71748 -0.920607 0.227714 0.790698 -1 -0.416386 -0.238954 -0.747329 -1 -0.99479 -1 -1 0.490021 -1 -1 -0.98988 0.383027 -0.561204 0.360422 0.107976 -0.364572 -0.275439 -0.481168 0.0500381 -0.573834 0.569992 -0.523568 -1 0.433605 0.934722 0.395598 -0.882086 -0.868487 -1 -1 -0.258592 0.295385 -0.613401 -0.843739 0.0306329 -0.829633 0.177967 -0.454854 -0.92768 0.569427 -0.492334 0.305754 -1 0.936833 0.472314 -0.793747 -0.0536495 -0.921664 -0.218858 -0.156722 -0.72129 -1 -0.0799464 0.438439 -0.260044 -0.70716 0.159924 0.330179 -0.947924 
-0.11936 -0.308953 0.919243 0.595958 -0.143848 -0.0900609 -0.42211 0.411622 -0.242268 0.805376 -0.501772 0.771337 -0.392673 -0.870175 0.983145 -0.643894 -0.401192 0.442861 0.255642 0.767482 -0.308089 -0.395165 -0.0669913 -0.895449 0.722698 -0.217019 0.0644614 0.31571 0.564225 -0.783987 0.27855 -0.668052 -0.950644 0.727607 -0.0892782 -0.415279 0.286423 0.414253 -0.886117 0.273711 0.131126 -0.651441 0.740581 0.856067 0.0505974 0.891595 0.922411 -0.0698866 0.426458 0.884548 -0.992831 -0.210397 0.83694 -0.459174 -0.656286 0.207221 0.763147 0.15489 -0.217327 -0.176358 0.0764419 0.107288 -0.75758 0.922619 0.052316 -0.838016 -0.703572 -0.724503 0.176047 -0.828794 -0.328157 -0.316764 0.702095 -0.329076 0.230716 0.907943 -0.437782 -0.951999 0.861012 0.212468 0.273892 0.503129 0.506061 -0.0471133 -0.955619 -0.408041 0.216931 0.40213 0.933496 0.11903 0.560071 0.974724 -0.765324 0.582685 -0.946786 0.362396 0.346865 0.638768 0.0631006 -0.362185 0.253898 0.79828 0.989263 -0.612583 -0.64697 -0.0252532 -0.928622 -0.573449 0.429716 -0.0223067 -0.639155 -0.52539 0.233907 0.0720348 0.17741 0.577219 0.0280948 -0.875441 0.124342 -0.494859 -0.678054 0.157276 -0.445751 -0.978915 0.642223 -0.393694 0.717302 0.366872 0.968673 0.0908031 0.876735 -0.756501 -0.15242 0.894286 0.211268 -0.493757 -0.536054 0.488022 
-0.0827113 -0.754492 -1 1 -1 -0.0969908 -0.972071 0.336642 -0.204346 0.165728 -0.853966 -0.0441143 -0.49844 -1 1 0.219733 -1 -0.607746 -0.821813 0.481728 -0.21447 -1 -1 -0.578886 -0.405817 -1 -0.603066 0.405774 -1 0.0408821 -0.869924 0.232621 -1 0.679646 -0.403983 -1 0.388181 -0.81368 -1 0.224586 -0.965226 -0.0336661 -1 -0.729075 -0.420604 -0.905652 -0.856337 -1 -0.745673 -0.677571 0.550372 -0.80675 -1 0.208479 -0.159206 -0.286162 0.817321 -1 1 -0.619448 -0.318149 -0.0774607 -0.521203 -1 0.309566 -0.689157 -1 -1 0.735386 0.0907917 -0.580702 0.00846359 -1 -0.638117 0.840185 0.1567 -0.291707 0.120964 -0.469225 -0.0912859 -0.674411 0.822373 -1 -0.894742 -0.133473 -0.821204 -0.437203 -0.521101 -0.936563 -0.505098 0.674554 -0.232937 -1 -0.593752 -0.377654 -1 -1 0.0427977 0.0558075 -1 -0.174013 0.264063 0.49308 -0.78139 -0.7896 0.465719 -0.675689 -0.537921 -0.263918 0.0454806 -1 -1 -0.0192485 -0.801018 -0.829643 1 -0.281534 -0.872473 -0.684986 -0.843355 -1 -0.681677 -0.958134 -1 0.686644 -0.752438 -0.236148 0.812341 -0.686589 -0.373994 -0.0886393 -1 -0.135425 0.327357 -1 -1 -0.647141 -0.782817 
-0.00260961 0.475681 -0.375616 -0.992101 1 0.0312268 0.0390083 0.652366 -1 -0.0194504 -0.792309 0.442186 -1 -0.79027 -0.409264 0.709977 0.20726 0.0244201 -0.88428 -1 -1 -0.333387 -0.546254 0.491992 0.79148 0.783706 1 0.132453 0.447164 0.031738 -1 0.547799 -0.374615 -0.241805 0.0454062 -0.491924 0.0729997 0.223011 -0.168553 0.20206 0.766072 0.087383 -0.528538 0.139201 -0.536068 0.229204 -0.281107 -0.699636 -0.323943 -0.818967 -1 -1 -0.897883 0.873556 0.733986 -1 -1 -0.790092 0.403735 -1 -1 0.495644 0.40211 0.808048 0.479915 -0.79645 -0.290308 -0.621495 -0.45064 -0.578477 0.271353 -0.997534 -0.092297 0.131127 0.634209 -0.930025 -0.920733 -0.441227 -0.0589626 -0.779019 0.169423 -0.611005 0.335708 -1 -0.393849 0.674051 0.559094 -0.795326 -0.0529771 -1 0.751345 0.591807 0.838971 0.279301 0.164036 -0.412941 0.674057 -0.0388747 -0.138194 -0.890753 0.335193 -0.684426 0.191915 -0.620347 0.961916 -0.898806 0.618392 -0.39591 -1 0.826464 -0.449749 -0.454763 0.557788 -0.781741 -0.704789 -0.338946 0.353511 0.56387 0.846884 -0.166757 0.640993 0.65561 0.0930399 0.253083 -0.974763 -0.282985 -0.700613 0.646908 -0.947668 -1 -0.465055 -0.906881 -0.252621 -0.660631 -0.991164 -0.636393 -0.468617 0.284255 
-1 -0.458291 -1 -0.367612 0.310967 -0.209343 0.584692 0.869635 -0.369495 -0.336896 -0.38256 0.318957 -0.658744 0.43126 -0.79384 -0.810513 -1 -0.693907 0.69603 -1 0.422868 -0.829438 0.3982 -0.796436 0.0809714 -0.592787 -0.45398 -0.319393 -1 -0.44793 -1 0.00183845 -0.6947 -0.018379 -0.149748 -0.866841 -0.11576 -0.148699 0.60385 -1 0.152686 0.544319 0.931935 -1 0.411644 -0.144594 0.367528 0.274954 -0.849943 0.834241 -0.5273 0.437384 -1 0.362816 -1 0.30178 0.774853 -0.137017 0.163939 0.547808 -0.10789 -0.49892 -0.103644 -0.564423 -0.598423 -1 -1 0.85108 0.871713 -0.516708 0.754635 -1 -1 -0.0852278 -0.0674519 0.396181 0.309147 -0.0486448 -0.433945 -0.23041 -0.839685 -0.933825 -1 -1 0.540376 0.470254 -1 -0.104771 0.417771 -0.102617 0.532743 -0.269435 0.455415 -1 -0.598478 0.615369 0.443471 -0.411468 -0.0332182 -1 -0.43704 -1 0.604597 -1 0.904953 -1 0.316932 0.236999 -0.194029 -0.438811 -0.605329 -0.079825 0.254541 -0.986355 0.0854951 -0.458295 -0.809223 0.164153 -0.747088 -0.521172 -0.749523 -0.0559224 0.630474 -0.955313 -0.219705 0.391955 -0.0283306 0.3445 0.144418 -0.757891 -1 -1 0.039086 0.267279 -0.0316364 1 -0.308055 -0.797967 
0.0693127 -1 -0.132159 0.888595 -1 0.185092 -0.783855 -0.630318 0.287272 -0.498325 -1 0.0591875 -0.530441 0.252499 0.0506843 0.872296 -0.0562766 0.173282 -0.268164 0.320364 0.123455 -1 -1 0.564351 -0.697503 -0.205712 -1 0.573703 -0.701282 0.827931 -0.412708 -0.995159 -0.734204 0.669024 -1 -0.776434 -1 0.489594 -0.865809 -1 0.641521 0.588063 0.0897988 -0.142565 0.0476049 0.579318 -0.249386 0.00400162 -0.774055 -0.307419 -0.797941 0.554023 -0.607607 0.659688 0.669159 0.845813 0.388611 -0.644071 0.156915 -0.22766 -0.143341 -0.131604 -1 -0.798169 0.794938 0.549417 -0.824209 0.762738 -0.996723 -0.6563 -1 -0.809917 -0.25093 -0.491189 -0.144851 0.3191 -0.964579 -0.419596 0.425663 -0.428817 -0.337495 0.328062 -0.251726 -0.753182 -0.869192 0.429692 -0.043187 0.900266 -1 -0.66519 -0.426115 -0.521401 0.294668 0.904583 -0.271903 -1 -0.806311 -0.327691 0.801444 -0.292443 0.0202427 -0.661622 0.401653 0.324579 0.056208 -0.546047 0.185163 -0.333203 -0.772614 -0.305506 -0.0626708 -0.0214889 1 -0.138135 -0.750403 0.0249609 -0.508481 -0.582898 0.31284 0.710814 0.77345 -0.300552 -0.772314 0.19699 -1 -1 -0.401896 0.63585 0.23971 0.586402 0.472728 -0.963881 -0.451015 -0.680033 -1 0.500097 -1 -0.0727779 
-0.951529 -0.444617 -1 -0.552642 -0.247015 -0.622773 -0.037721 -0.370986 0.762608 0.596201 0.510812 0.00657904 1 0.778486 -0.155169 -1 0.508748 -0.69723 -0.120902 -1 0.0731524 -0.379838 -0.390096 -0.794316 -0.708959 0.809334 0.0102233 -1 0.312224 1 -0.310421 0.475649 -0.71847 -0.064103 -1 -0.207067 -0.370152 -0.452724 -0.405429 0.456615 0.329458 0.163931 -0.600993 -0.431886 0.271536 0.919156 -0.620996 -0.0169445 0.626559 1 -1 0.906552 -1 -0.790032 0.847964 0.455037 0.317341 -0.642283 -1 0.481022 0.133964 -0.559821 -0.975965 -0.601142 0.432072 0.109934 -0.0264333 0.763914 -0.0517281 -0.155706 -0.546571 -0.835848 -0.555453 0.339625 0.727894 -0.36634 -0.206224 -0.594421 0.980705 -0.328484 -0.6112 0.269997 0.131981 -0.0770093 -0.445751 -0.855861 0.374714 -0.40472 -0.0123875 0.808746 0.829745 0.25069 0.147437 -0.36157 -0.370091 0.275589 -1 -0.409351 0.600724 -0.812983 0.912431 0.365396 -0.0905434 -0.27125 -0.762831 -0.70151 -0.141644 -1 0.788369 1 -0.32177 -0.261231 -0.82694 -0.229847 0.805978 -0.149468 0.210589 0.826563 -0.197593 0.430138 -0.763032 0.0916414 0.200279 0.914958 -0.497761 -1 0.212343 -0.0329058 -0.915866 1 -0.302171 0.0277921 0.773651 -1 0.653614 -1 -0.320334 -1 
0.153773 -0.505769 -0.394158 -0.823975 -0.708598 -0.958818 0.0916462 -1 -0.351604 -0.134293 -0.841828 -0.223414 0.59202 0.477697 -0.714133 -0.071001 -0.43889 0.445175 -1 -1 -0.0241275 -1 -1 -0.408953 -1 -0.928641 -0.367987 0.427666 -1 -1 -0.692258 -0.932566 -1 0.475644 -0.393379 -1 0.846216 -1 -1 -0.239521 -0.653795 -0.00244883 -0.128579 -0.0937282 -0.288082 0.88807 -0.742788 -0.340406 -1 -1 -0.213845 0.717139 -0.0566924 0.896772 -0.885571 -1 -0.102979 -0.113967 0.725825 -0.0398238 0.258811 -0.797821 0.617489 -1 -1 0.0954883 0.127644 1 0.198412 -0.955377 0.616554 0.364529 -0.244929 -0.00860882 -0.518733 -0.919733 -1 -0.643273 -1 0.835789 -0.622258 0.117741 -0.76278 -1 -1 -1 -0.349294 -0.633575 -0.537382 -0.266331 -0.763084 -1 -1 -0.49112 0.599991 0.905699 0.980364 -0.2102 -1 -0.838531 -0.990241 -0.83038 -0.770923 -0.316635 -0.876852 -0.936469 -1 -1 -1 0.747208 0.0656868 -0.106325 0.22193 -1 -0.149153 0.840616 -0.90773 -1 -0.633569 -0.61023 -0.311963 -0.160056 -1 0.983891 0.799963 0.357891 0.502265 -1 -0.395337 -0.341423 0.351528 -1 -0.96203 -0.526146 0.711249 -0.749407 -0.503174 -0.81675 
-0.109203 -0.911016 0.607493 -0.823975 -0.496726 -0.958818 -0.378042 -1 -0.351604 -1 0.085833 -0.14662 -0.163029 -1 -1 -0.363371 -1 0.5835 -0.0566049 -0.722687 0.721102 -1 -0.268298 -0.408953 -0.734256 -1 -1 0.0403686 -1 0.00718367 -1 -0.861721 -1 -0.937664 -0.508729 -1 0.754413 -1 -0.698567 -0.239521 -1 -0.744663 0.565396 -0.609287 -1 -0.210745 -1 -0.417788 -0.955211 -0.638011 -0.322536 1 0.578288 -1 -0.978841 0.854754 -0.497421 0.264308 -1 0.611558 -1 -0.636136 0.89924 -1 -0.32805 0.0693463 0.519512 1 0.914769 -1 -0.11675 -0.349506 -1 1 0.877405 -0.913465 -0.280073 0.0585123 -0.327695 0.59397 -0.357093 0.186739 0.162923 -0.934918 -0.724134 -0.618932 -1 -0.965245 -0.37946 -0.00831929 0.258577 0.820915 -0.582193 -0.49112 1 -0.382431 0.0952457 0.169092 -0.521464 -0.23424 -1 -0.0503991 -0.0466503 -1 -1 -1 -0.650545 -1 -0.669662 0.689823 0.792679 0.616049 0.186108 -0.524463 -0.384382 -0.398863 0.207469 -0.454378 -0.194225 0.559593 -0.866113 0.746545 -1 -0.485614 1 0.489176 -0.819992 -1 -1 -0.643775 -0.330751 0.223832 -0.584557 -1 -0.261636 -1 -1 -0.81675 
-0.673887 -0.680116 -1 0.667055 0.347631 -0.377526 0.0930884 -0.321177 0.48004 -0.495762 -0.336205 0.933783 -0.0321024 -0.0316389 -0.216018 -0.574988 -0.211176 -0.729541 -0.950346 -0.03544 -0.00880378 -0.80052 -0.613742 -0.277075 -0.327685 0.232603 -0.284873 0.553662 -0.749301 -0.683687 -0.0606577 -0.772924 -0.267955 -1 0.713804 0.992811 0.515194 -0.201849 0.132281 0.75208 0.887144 0.45633 0.0162845 -0.410879 -1 0.145692 -0.27323 -0.914173 0.948287 0.228744 0.947736 -0.428054 -0.895924 -0.428553 -0.093201 0.572038 0.995253 0.690625 -0.925618 -0.647825 -0.97223 0.224595 -0.60723 -0.923176 -0.827495 -1 -0.686742 0.46121 -0.947231 0.407287 -0.239427 0.51396 0.35785 -0.170428 -0.788979 0.26562 -0.546443 -0.473874 -0.573343 -0.979432 -0.726885 0.665227 0.23621 0.0419402 0.4919 -0.240671 0.867091 -0.807859 -1 -1 0.286217 -1 0.536362 -1 0.256778 0.391917 0.138696 0.478813 -0.127829 -0.358886 -0.302647 -1 0.598145 -0.388254 -0.257475 -0.0105081 -0.370578 -1 0.76067 -0.290865 -0.583946 -0.634298 0.312471 -0.0756075 -0.675126 -0.624481 -0.279929 0.759373 -0.818812 -1 -0.51205 0.264387 0.433368 -0.712461 -1 0.825256 -0.685115 0.237877 -0.14929 -0.0898221 -0.846294 0.223122 0.60478 0.807466 -1 0.593768 -0.80332 -0.734256 
-0.910415 -0.982757 -0.223158 0.224745 0.015159 0.36976 -1 -0.403097 0.433456 -0.108147 -0.264089 -0.0315081 -1 -0.770499 -1 -0.609151 -0.509991 -1 -0.0297492 -0.528769 0.731399 -1 0.613932 -0.682035 -1 -1 -0.240016 -0.513733 -0.349852 0.69178 -1 -1 -0.517567 -1 -0.828797 -1 -0.229074 -1 -1 0.665087 -0.306095 0.00119212 -1 -0.431886 -1 -0.260176 -1 -0.470077 -1 0.586477 -1 0.306023 0.137223 -1 -0.716974 0.423712 -0.419807 -1 -1 -1 0.188122 -0.774067 -1 -1 -0.0852396 -0.00973606 -1 -0.0585259 -1 -1 -0.637245 -1 -0.36997 -0.400497 -0.643861 -1 -1 -1 -0.301523 -1 -0.933663 -0.326359 0.0866252 -1 -0.831899 -1 -0.265175 -1 0.0092214 -0.591955 1 0.698021 -0.515342 0.218232 -0.677554 -0.751607 -1 -1 0.571892 -0.812983 -0.101691 0.766097 -1 -0.781574 -0.762831 -1 -0.31311 0.297061 0.482898 1 -0.32177 -1 -1 0.190201 -0.250849 -0.726432 0.228088 0.0153984 -0.580196 -0.338414 -1 0.0916414 0.907881 0.186027 -0.0848106 -0.983627 -0.138211 -1 -1 0.121429 -0.387614 0.0277921 -0.848366 -1 -0.714787 -1 -0.926747 -1 
0.697283 -0.253854 0.353403 -0.729002 -0.721531 0.739396 0.209897 0.749031 -0.682966 -0.837744 -0.904905 0.780826 0.0487282 -0.710619 0.156257 -0.720597 0.471092 0.732053 0.988489 -0.307755 1 0.95829 0.215611 -0.992002 0.714478 0.288599 -0.652057 0.0657363 -0.532357 0.921561 -0.572311 0.659762 0.469471 0.109354 -0.107984 -1 -0.390207 -0.858099 -0.618008 -0.509245 0.418473 -0.216254 0.163307 -1 0.0875852 -1 -0.35914 0.214705 -1 0.612808 0.731918 -0.631656 -0.133088 0.537502 -0.72264 -0.683034 -0.504497 -0.231939 1 0.343981 -0.588073 -0.229652 -0.0293922 -0.624608 0.232268 -0.191187 0.0210563 -0.595097 -1 0.280642 0.504092 0.72254 -1 -0.45862 0.0459698 -0.565025 -0.571535 0.0508974 -0.123489 0.277765 0.0311685 -0.517168 -0.270353 -0.677107 0.688846 -0.272065 -0.721168 -0.0903962 -1 0.549571 0.0243725 -0.294728 -1 0.722237 -0.43627 0.849667 -0.594692 -0.680659 0.249065 0.582365 0.104652 -0.294114 0.112214 0.614252 -0.358158 -0.566308 0.633076 -0.361278 0.727932 -0.20221 -1 0.415423 -0.0709354 -0.986583 0.449922 0.0707247 0.618328 -0.882121 0.123445 -1 0.211891 0.0147988 -0.484666 0.316798 -0.994611 -0.620881 0.487582 -0.194218 -0.343646 -0.123399 -0.532434 -0.796751 -0.216495 -0.590192 -0.687703 -0.283895 -0.49401 -0.107507 
-0.865769 -0.784073 -1 1 0.310967 -0.406141 0.784814 0.892178 -1 -0.336896 -0.431489 0.318957 -0.972291 0.43126 -1 -0.810513 -1 -1 -0.7961 -0.641543 0.430756 -0.0795376 0.3982 -1 0.727285 -0.592787 -1 0.0594613 -1 -0.493126 -0.42279 0.00183845 -0.6947 -0.018379 -0.442751 -1 -0.11576 -1 0.967099 -1 -0.347573 0.332045 -0.203668 -1 0.0286213 0.152883 0.367528 0.274954 -0.378755 0.834241 0.207021 0.813797 -0.634269 -1 -1 0.30178 0.775392 -0.137017 -0.840023 0.477737 -0.10789 -1 -0.103644 -1 -1 -1 -1 0.371216 1 -0.35992 -0.528447 -1 -1 0.0997506 -0.0674519 -0.225495 0.636186 -0.516273 -0.433945 0.584984 -0.662166 -1 -1 -0.47401 0.00217378 0.470254 -0.460274 -0.627622 0.290203 -1 0.46387 0.0690007 0.455415 -1 -0.446302 0.615369 -0.67444 -0.570538 0.244524 -0.861976 -0.43704 -1 0.604597 -0.679915 1 -1 0.190931 -0.042363 -0.780333 -0.0695121 -0.605329 0.0942897 0.254541 -1 0.105233 -1 -0.809223 0.00236934 -1 -1 -1 -0.806403 0.630474 -0.317043 -0.691457 0.391955 -1 0.0487677 -0.429696 -1 -0.815641 -1 0.288671 0.648599 0.154575 -0.126733 -0.308055 -1 
0.153773 0.336723 0.457812 -0.823975 -1 -1 0.0916462 -0.596193 -0.894552 -0.0110552 -0.841828 -1 0.59202 -0.55104 -0.663441 -0.071001 -1 -0.330685 -0.234175 0.11894 0.721102 -0.385809 -1 -0.408953 -0.734256 -0.804394 -0.604903 0.638122 -0.491179 -0.273459 -0.692258 -0.628994 -1 1 -0.508729 -1 0.846216 -1 -1 -1 -0.653795 -0.12263 0.214864 0.100864 -0.288082 -0.935845 -1 -0.340406 -1 -0.638011 -0.213845 0.717139 0.578288 -0.1381 -0.978841 0.207956 0.680301 -0.0976718 0.256882 0.545537 0.134562 -1 0.768848 -0.388483 -1 0.17098 0.543331 -0.341624 0.975995 -0.0514553 0.616554 0.134915 -0.244929 0.648944 0.331173 -0.919733 0.066176 0.0585123 -0.327695 -0.0175037 -0.837672 -0.601234 0.466329 -0.666028 -1 -0.618932 0.00466719 -1 -0.537382 0.148767 0.258577 -1 -1 -0.49112 0.813182 0.905699 0.816386 -0.440664 -1 0.2504 -1 -1 0.174272 -0.156764 -1 -0.799859 -0.462654 -0.909586 -1 0.747208 0.892664 -0.106325 -0.0312246 0.244183 -0.384382 0.840616 -1 -0.454378 -1 0.269922 -0.311963 -0.160056 -1 0.983891 0.488062 0.366542 0.502265 -0.869713 -0.733674 -0.500516 0.351528 -0.403196 -1 -0.526146 0.976127 -1 -0.34953 -0.9262 
-1 -0.920569 -0.695167 0.680077 -0.830976 0.860929 0.12614 0.120913 -0.912085 -0.358215 0.0706776 -0.0318539 0.412328 -0.404067 -1 -0.328056 -0.759345 -0.668592 0.125282 0.882294 0.278581 0.0122635 -0.20011 -0.513227 -1 -0.039114 0.62602 0.247951 0.306726 0.080764 0.894082 -0.964364 0.394755 0.358856 -0.499973 -0.643358 0.400341 0.486748 0.697125 0.555222 0.712494 -0.167719 -0.831567 -0.342824 0.652143 0.878488 0.886882 0.839965 -0.604484 -1 -1 0.236638 -0.195352 0.16903 -0.541687 0.991775 0.845227 -0.387478 0.379695 -0.826794 -0.607528 0.856899 0.958676 -0.421182 0.144033 0.262955 0.47539 0.387548 -0.0725808 -0.187684 0.268785 -0.370434 0.473067 -0.368412 0.570787 -0.839404 -0.140103 -0.604499 -0.0611821 -0.0188882 -0.502502 0.431709 0.0200758 -0.5353 -1 -1 0.830658 0.522862 0.306646 -1 -0.539637 -0.782351 0.00450313 -0.799939 -0.0888224 0.999047 -0.704337 0.0792277 -0.483467 -0.476085 -0.121904 -0.823054 0.292345 0.933018 0.99594 -0.87022 -0.900687 0.727214 -0.240271 -0.0750965 0.847076 0.948442 0.0217685 -0.0867425 -0.243371 -0.76503 -0.748439 -0.062794 -0.0922712 -0.585967 -1 -0.473792 0.348817 0.169153 0.734817 -0.535353 0.69723 -1 -0.661781 -0.606292 -0.302594 -0.771115 0.43741 0.185686 -0.184632 -0.0118684 -0.957505 0.677457 
-0.0214256 0.165219 -0.787114 -0.503128 0.645757 -0.60127 -0.602646 0.817863 0.576636 0.386321 0.291378 0.00149965 0.0653741 -0.636582 0.543583 -0.838045 -0.611717 0.995959 -0.784501 0.99103 -0.258685 -0.594756 0.0466096 0.203158 -0.45824 -0.336376 -0.601716 -0.707741 -0.574041 0.152431 -0.196568 0.993036 -0.441252 -0.652522 0.0833243 0.268492 -0.104406 -0.475591 -0.219121 0.142377 0.136294 0.65921 1 -0.580158 0.566648 -0.526215 0.0197766 -0.452657 -0.293645 -0.422222 -0.971351 0.236282 -0.493928 0.338211 -0.78531 0.163223 0.887871 0.244602 -0.265831 0.219211 -0.0362725 -0.550947 -0.721771 0.121573 0.558412 0.703864 -0.129049 0.115248 0.515878 0.290409 -0.692529 -0.903398 -0.179748 -0.159108 0.123362 -0.548874 -0.530771 -0.103839 0.908579 -0.808059 -0.687707 0.849129 1 0.462363 -0.942098 -0.77334 0.548668 -0.399347 -1 -0.284207 -0.802549 -0.927973 -0.00861621 -1 0.240284 -0.514415 0.633042 0.650123 0.971352 0.954314 -0.054052 0.216042 -0.448893 -0.0615534 0.0780604 0.946527 0.63112 -0.272545 -0.148339 0.815439 0.294745 -0.571185 0.970377 -1 0.222753 0.758582 -0.452743 -0.59039 -0.479225 0.665047 -0.37676 0.467026 -0.612386 -0.958346 0.83314 0.452106 -0.771801 -1 -0.528071 0.505827 -0.0997968 -0.107904 -0.785158 0.969406 0.130479 -0.952596 0.816503 0.0339531 
-1 -1 -0.611137 -0.679528 -0.169727 -0.654502 0.530305 -0.769871 0.227243 -0.732569 -0.0337069 -0.0198535 -1 -1 0.807384 -0.387409 0.824903 1 -0.313576 -0.853694 0.165389 -0.207064 -0.22525 -0.228084 -1 0.168526 -1 -0.676998 0.518587 -1 0.764712 -0.521366 0.78557 0.769191 0.145083 -0.415952 -0.136661 0.213931 0.962519 0.437267 -0.897442 0.808602 1 -1 0.135508 -0.399127 -0.877628 -0.358004 -0.152921 0.0329542 -0.555242 0.531891 0.753494 -0.723324 0.25792 0.711687 -1 0.361034 0.928983 -0.273785 -1 -0.377551 -0.857381 -0.35031 -0.387971 -1 -1 -1 -1 0.780989 0.131395 -0.991938 0.763051 0.237052 -0.43231 -0.530867 0.169769 0.725378 -0.731971 -0.562819 0.88105 -0.418121 -0.203025 -0.248327 -0.351893 0.148256 -0.153129 -1 -0.183939 -1 -0.980562 -0.254523 -0.771709 -0.345713 -1 -1 -0.76658 0.593161 0.347363 -0.700816 -1 0.394729 0.701942 -0.695295 -0.24789 -0.682665 -0.645517 -0.3221 -0.34084 -0.358609 -0.107873 -0.764043 0.340583 0.815098 -0.121351 -1 0.444203 -1 0.134994 -0.959365 0.133908 -1 -1 0.438155 -0.592823 0.193144 -0.629226 -0.375972 -1 0.653895 -0.899103 1 -0.58798 -0.649878 -0.316965 0.311202 -0.186572 -1 
-0.910415 -1 -0.223158 0.290025 0.394556 0.138331 -0.714186 -1 0.0625064 1 0.510812 -0.43976 -1 0.18905 -1 -0.614506 -1 -0.400148 0.152631 -0.528769 0.62157 -1 -0.521141 -0.682035 -1 -0.224058 0.327022 -1 -0.0931534 -0.0673493 -0.870473 -1 -0.761981 -1 -0.828797 -0.454024 -0.602805 -1 -1 0.456615 -0.34131 -0.501934 -1 -0.431886 -1 2.09808e-05 -0.895821 -0.674566 -1 0.586477 -1 0.985835 0.0275878 -1 0.265378 -0.0890041 -1 -0.642283 -0.90421 -0.661878 0.0173855 -0.862773 -0.924496 -1 -0.430043 -0.277193 -1 -0.446572 -1 -1 -1 -1 -0.857482 -0.781279 -0.817745 -0.956548 -1 -1 -1 -1 -1 -0.326359 0.393089 -1 -1 -1 -0.398387 -0.887137 0.0092214 -1 1 0.698021 -0.209349 0.218232 0.388534 -0.751607 -0.867633 -1 0.181372 -0.812983 0.715435 0.283726 -1 -1 -0.895598 -1 -0.31311 -0.362603 0.482898 1 -0.32177 -1 -0.86265 0.223509 -0.384696 -1 -0.0431997 1 -0.580196 -0.338414 -1 0.0916414 -0.233047 0.0100483 0.466866 -0.890417 -0.194806 -0.529512 -1 0.320104 0.0348074 -0.712361 -0.257798 -1 -0.417606 -0.84369 -0.926747 -0.617502 
-0.301557 -0.948271 -1 -0.679528 -0.169727 -0.489415 0.366345 0.343671 0.00936735 0.139711 -0.0669577 0.0104489 -1 -1 0.643159 -0.559256 0.824903 0.9209 -0.489065 0.0955004 0.165389 0.168084 0.354679 -0.581606 -0.209574 0.168526 -0.972375 -1 0.245596 -1 0.764712 -0.0716475 0.536153 0.769191 0.145083 0.527295 -0.0144119 -0.00912184 0.962519 -0.265752 -0.897442 0.808602 0.901525 -1 0.135508 -0.237819 -0.877628 -0.358004 -0.152921 -0.638803 -0.555242 0.377875 -0.205451 -0.723324 0.25792 0.711687 -1 0.361034 0.129808 -0.273785 -0.97337 0.600691 -0.857381 -0.00419074 -0.00741684 -1 -0.818036 -0.296569 -0.941065 0.953569 0.131395 -0.991938 0.763051 0.237052 -0.43231 -0.526327 0.0150155 0.702481 -0.0927752 -0.562819 0.88105 0.645041 0.926456 -0.248327 -0.499909 0.931592 -0.606732 -0.51062 -0.183939 -1 -0.398567 0.311734 -1 -0.490214 -1 -1 -0.76658 0.593161 0.347363 -0.700816 -0.745869 0.394729 0.842241 -0.841034 -0.0454616 -0.71808 -0.0600423 -0.123502 0.509699 0.438243 -1 -0.481345 0.647495 0.815098 -0.940956 -0.288833 0.627067 -0.816577 0.134994 -1 -0.488583 -0.513827 -1 0.438155 0.304762 -0.703013 -1 -0.375972 -0.808457 0.978971 -0.985897 1 -0.58798 -0.653772 -0.0038985 0.311202 0.117694 -1 
0.820801 0.269351 -0.705666 0.300068 -0.104064 -0.636624 0.23163 0.509742 0.305949 0.331065 -0.0484582 -0.157941 0.289217 -0.645286 -0.151353 -0.267918 -0.482978 -0.334053 -0.406543 -0.307298 0.269683 0.58065 -0.59425 0.45785 -0.700852 -0.866662 -0.0625977 0.217167 -0.0866832 0.820047 -0.612106 -0.693668 -0.668761 0.122219 -1 -0.87479 -0.240718 -0.450732 -0.263819 0.767474 -0.0165847 -0.105298 0.390246 -0.954538 0.111315 -1 -0.0219094 -0.735204 0.424639 0.54 -0.0559501 0.712579 -1 0.286756 0.609801 -0.400356 0.513776 0.944754 0.92583 0.874418 0.434745 0.151097 -0.0432108 0.588781 -0.666237 -0.339768 -0.637532 -0.27866 0.0152467 0.389551 -0.614148 -1 0.25947 0.278945 -0.564914 -0.481148 0.492101 0.449268 0.53105 0.164588 -0.964374 -0.681639 -0.819651 0.517489 -0.518128 -0.0432104 -0.433841 0.992275 0.244857 -0.295747 -0.132592 0.689937 0.450599 -0.875632 0.164469 0.930992 0.706415 -0.54908 -0.280462 -0.140129 -0.4454 0.677916 -0.282219 0.471883 -1 -0.18594 -0.095838 0.560067 -0.649397 0.438549 -0.136353 0.905885 -0.0428201 0.368795 0.252925 0.428548 -1 -0.242658 -1 0.281438 -0.171761 1 0.373184 0.166894 -0.651502 -0.657135 0.516899 0.0450123 0.749389 -1 -0.500099 0.744216 0.772985 -0.177321 0.446476 0.351339 -0.932531 -0.628487 
-0.301557 -1 -1 -0.679528 -0.169727 -0.489415 0.366345 0.343671 0.00936735 -0.429848 -0.0669577 0.0104489 -1 -1 0.807384 -0.559256 0.824903 0.9209 -0.770226 -1 -0.0390658 -0.207064 0.354679 -0.228084 -0.00379282 0.168526 -1 -1 0.518587 -1 0.764712 -0.521366 0.78557 0.769191 0.448931 0.527295 -0.859178 -0.794437 0.962519 0.504767 -0.897442 0.808602 0.901525 -1 0.135508 -0.237819 -0.877628 -0.358004 -0.152921 0.0329542 -0.555242 0.377875 0.727257 -0.723324 0.25792 0.711687 -1 0.361034 0.966417 -0.273785 -1 0.600691 -0.857381 -0.35031 -0.00741684 -1 -0.818036 -0.296569 -0.941065 0.953569 0.131395 -0.991938 0.763051 0.237052 -0.491268 -0.637145 0.00220412 0.725378 0.359298 -0.408226 0.88105 -0.160026 0.926456 -0.248327 -0.499909 -0.156935 -0.431281 -0.51062 -0.183939 -1 -0.65312 0.0576029 -1 -0.490214 -1 -0.860075 -0.76658 -0.290362 0.0183745 -1 -0.946451 0.394729 0.251813 0.0706649 -0.816962 -0.682665 -0.0600423 -0.123502 -0.34084 0.438243 -0.762983 0.227704 0.340583 0.815098 -0.121351 -0.288833 0.627067 -0.816577 0.134994 -0.959365 0.010951 -0.513827 -1 0.438155 0.683182 0.193144 -1 -0.375972 -1 0.978971 -1 1 -0.58798 -1 -0.0038985 0.311202 0.117694 -1 
-0.222477 -0.715844 -0.268203 0.497682 -0.0989473 -1 -0.0790156 0.0829722 -0.201838 -0.180716 -0.899562 -0.457348 -1 -0.70237 -0.224885 0.581633 0.134994 -0.203433 -0.368357 -1 0.446999 -1 -0.93008 -0.519001 -0.616508 0.642465 -0.560408 1 0.158548 0.292444 -0.113753 -0.0587052 0.453213 -0.576789 -0.298448 0.55438 -0.33137 0.289258 0.345316 -0.83991 0.431247 0.328951 0.14967 0.272119 -0.977503 -0.996355 -0.00667 -0.324526 -0.873517 -0.623198 -1 -0.905242 0.13432 -1 -0.951844 -0.34707 -1 -0.416623 -0.0579733 0.00664926 -0.0455959 -0.955742 -0.486608 -0.484273 0.0668659 0.304264 -0.237778 -0.835763 0.781695 -0.429212 -0.114466 0.548305 0.229386 -0.526047 0.0568289 0.783501 -1 -0.900309 -1 -1 -0.194919 -0.714524 -0.513212 0.14933 -0.210456 -0.122436 -0.872568 0.0985199 -0.991063 0.420186 -0.103621 0.772446 -0.367921 0.305987 -0.614174 -0.892651 -0.768721 0.397537 -0.340762 0.264658 -0.736447 -0.426018 -0.110149 -0.941314 -0.0778532 -0.101741 -0.450555 -0.566868 0.343374 0.0105184 -0.110075 -0.76226 0.854034 -0.866107 -0.932035 0.676714 0.353521 0.212676 -0.582066 -0.621335 -0.523639 0.281145 0.183748 -1 -0.376613 0.865602 0.243386 0.393567 -0.26756 0.934244 0.59321 -0.958557 0.569588 0.68341 0.373182 0.0624371 0.0855108 0.161541 
0.128587 -0.480953 -0.413302 -0.249366 -0.906247 -1 0.209293 -0.60705 -0.471945 -0.381877 -0.459092 -0.648656 -1 -1 -0.224885 0.581633 -0.648808 -0.116571 -1 -0.144017 -0.34911 -1 -1 -0.534212 -0.194992 0.262161 -0.655527 0.959072 -1 -0.0833477 -0.113753 -0.0587052 -0.593637 -0.332021 -0.701269 -1 0.806549 -0.421004 0.177467 -1 0.431247 0.119346 -0.735323 0.272119 -0.634234 -0.732628 0.541504 -0.988132 -0.873517 -0.968872 -1 0.285069 -0.59677 -0.440563 -1 -0.932256 -0.30065 -1 0.0916653 -1 -1 -1 -0.486608 -0.865482 0.672968 0.575186 0.0377063 -1 0.844246 0.350542 -0.141717 0.669963 -0.151403 -0.0846663 -0.652893 0.783501 -0.191047 -0.78314 -0.774053 -0.665797 -0.764072 -0.554859 -0.302607 -1 -0.32152 -0.122436 -1 -0.360308 -0.779612 0.257197 0.56721 0.867893 -0.119559 -0.192717 -0.942973 -0.892651 -0.394213 -0.684789 -0.98248 0.897315 -0.769797 -1 -1 -0.159764 0.309918 0.143356 -1 -1 0.0270341 0.627006 -1 -1 -0.360702 -0.759015 -1 -0.860143 0.636883 -1 -0.247476 -0.651428 0.311818 -0.915008 -0.973434 -0.884397 -0.44734 -0.649035 0.94883 0.802202 1 -0.185731 0.59321 -1 0.297883 0.395288 -0.719827 -0.0679715 -1 -0.464408 
-0.175214 -0.364627 0.930397 0.509946 0.960946 -0.189051 0.104145 0.767104 -0.147584 0.721264 -0.80785 0.998367 0.00896156 0.876308 -0.842641 0.197857 -0.956281 0.866017 -0.336006 0.876611 -0.118528 -0.697423 0.867993 -0.213369 -0.27283 0.331716 -0.115621 0.309848 -0.302887 0.981657 0.564402 -0.0194527 -0.801385 -0.0427879 -0.858561 -0.0102398 -0.583599 0.713352 -0.126341 -0.111796 -0.157538 -0.889842 -0.499538 -0.842278 0.494981 -0.400726 -0.862908 -0.122378 0.622389 -0.707499 0.695122 -0.976673 -0.150451 0.107506 0.376431 0.539085 0.699039 -0.752327 0.96777 0.169502 -0.901896 -0.421134 0.352867 0.407035 0.938293 -0.314945 -0.446948 -0.909024 0.972339 -0.419278 -0.706618 0.585504 -0.00336629 -0.41294 0.288543 0.974809 0.272094 0.539589 -0.639756 0.628177 -0.254333 0.900508 0.916455 -0.189464 -0.521445 -0.98895 -0.482503 0.851463 -0.871668 -0.413942 0.390456 0.966262 -0.864957 0.346277 -0.229389 0.259277 0.742277 0.564538 -0.343983 0.52476 -0.47117 0.540304 -0.199075 -0.859385 0.0244899 0.772356 0.255527 0.554101 0.115784 -0.424149 0.306094 0.565948 0.49271 -0.892166 -0.239505 -0.031913 -0.397856 0.395996 0.0163064 -0.772175 -0.0753878 0.167721 -0.584109 -0.33111 0.0804067 0.613573 0.132901 -0.616173 0.868667 -0.960828 -0.187674 -0.748896 -0.134459 -0.93181 -0.784761 0.166753 0.204121 0.939067 
1 -0.437335 0.402814 0.965184 -0.430066 0.391571 0.140672 0.164094 -0.804016 -0.856751 -0.240263 0.552705 -0.220759 0.770676 0.391048 -0.2196 0.198041 0.225954 0.488913 0.420167 0.726973 -0.242859 0.266293 -0.352708 -0.484423 0.449782 -0.703783 -1 0.888325 -0.0712887 0.439367 0.638774 -1 0.40567 0.113995 -0.954869 0.864855 -0.651512 0.277253 -0.127431 0.355775 0.911993 -0.414189 0.247274 0.205204 0.0799914 -0.876094 0.947554 -0.240134 0.612118 1 -0.260359 -0.284456 -0.485291 -0.983614 0.0133568 0.237456 -0.98165 0.057471 0.0715356 -0.201634 -0.0365627 -0.219263 0.370726 -0.623099 0.313557 0.498329 0.666883 -0.947353 -0.553361 -0.794097 0.625092 0.801892 -0.925167 0.00751543 -1 -1 -1 -0.638557 -0.652203 -0.511258 0.617922 0.97406 0.865223 0.786535 -1 0.250595 -0.508604 -0.209509 0.414041 -0.33044 -1 -1 -0.367886 0.466491 -1 -0.77528 0.270895 0.565133 0.335693 0.683342 -1 -0.317229 0.342041 0.905326 -0.00960267 -0.0930181 -0.113205 -0.417994 -1 -0.924843 0.0660025 -0.620789 -0.651648 -0.195357 -0.703094 -0.529511 -0.390488 -0.731035 -0.355532 -0.385571 -0.638607 -1 -1 -0.211636 -0.65338 -0.327592 -1 -0.989243 -0.841358 -0.0790893 0.239074 -0.818447 -0.572792 0.0847756 0.66796 0.722682 -1 
-0.0640209 0.145643 -0.148033 -0.535446 -0.173077 -0.676052 0.667443 -0.825934 -1 -0.589878 -0.279827 0.0815523 -1 -1 0.892917 -0.455699 -0.732799 -0.91116 0.810594 -0.865339 -0.850178 0.617718 -0.168864 0.894151 0.495294 -0.15334 -0.0273775 0.25486 -0.764662 0.117416 0.870713 -0.175752 -0.278539 0.489089 0.670947 0.182044 -0.884306 -0.391916 0.114717 -0.775591 -0.610711 0.68621 -0.97988 -0.249408 -0.0220304 -0.382118 -0.158556 0.367265 -1 -0.535139 -0.429736 0.0934588 -0.267108 -0.52939 -0.335571 -0.0948034 -0.533555 -0.495961 0.577151 0.482997 0.947015 -0.579912 0.517838 -0.881292 0.67907 0.74277 -0.3429 0.481517 0.285527 -0.466075 0.565649 -0.262334 0.713739 0.0581014 0.80367 -1 -0.76115 0.624725 -0.902982 -0.304895 -1 0.319663 -0.328382 -0.388266 -0.983583 -0.186361 -0.0659254 -0.533324 -0.926643 -0.732455 0.962986 0.628666 -0.294279 -1 -0.664622 -0.579897 -0.53007 -0.557478 -0.749936 0.74707 -0.380561 -1 -0.592041 0.737227 0.980779 0.493768 0.603531 -0.992093 -0.0529435 0.0299501 -0.317561 -0.529709 0.591594 -1 -0.916968 -0.162056 -0.989352 -0.324689 0.703041 -0.135021 -0.95388 -0.113201 0.495207 -0.237815 -0.418973 -0.56465 0.605467 0.12157 0.104199 0.688373 -1 -0.134773 -0.592762 -0.431274 0.216244 0.159883 0.51711 -0.300588 
-0.717224 0.181414 -1 -1 0.338219 -1 -0.965688 -0.459504 0.552619 0.0874242 -1 -1 -0.787025 0.0200866 0.38067 0.30498 -1 -0.293077 -0.661307 -0.131819 0.460139 -0.841026 -0.600208 0.339336 -0.481636 -0.0882191 -1 0.200903 -1 -1 -1 -0.363458 -0.376049 1 -0.835339 -0.447828 -0.66121 -0.94543 -0.532878 -0.806627 -0.985322 0.639457 0.571476 -1 -0.657534 -0.854128 -0.308547 0.20619 0.17692 -1 -1 0.969245 0.217571 0.0220115 -1 0.207389 -0.344095 -0.621419 -0.70999 -1 -1 -0.802193 -0.256615 0.114005 -1 -0.887256 -1 -1 0.711696 -0.0124732 0.151863 -1 0.549253 -1 -0.813205 -0.648972 0.227714 1 -1 0.2085 -0.631588 -0.747329 -1 -0.920797 0.143384 -0.288959 0.490021 -1 -1 -1 -0.00360605 -0.980862 -1 -0.425633 -0.259452 -1 -0.481168 -0.208297 -0.545004 -0.579407 -1 -1 -0.253612 0.759296 -0.17803 -1 -0.534101 0.113788 -1 -1 -0.0301824 -1 -0.771785 0.0574311 -0.22603 -0.62205 -0.0991131 0.346646 -0.319964 -0.216052 -0.608181 -0.741452 0.936833 0.266634 -1 -0.278599 -0.921664 -0.218858 -0.825655 -1 -1 -0.0799464 0.349278 0.0930923 -0.916841 -0.874586 -1 -1 
0.697283 -0.570103 0.584968 -1 -1 0.388338 0.209897 0.676201 -0.682966 -0.998051 -0.161262 0.449702 1 -0.710619 -0.176703 -0.720597 -1 0.357456 0.13014 -0.543341 0.690685 0.95829 0.19467 -0.992002 0.911716 -0.224709 -0.497429 0.702608 -0.135345 0.397447 -0.572311 0.912376 0.469471 0.0552006 -0.893181 -0.548664 -0.390207 -0.839119 -0.618008 -0.786907 0.466881 -0.470659 0.163307 -1 -0.926033 -1 -1 0.214705 -0.967061 0.0357465 0.731918 -1 -1 0.537502 -0.328992 -0.641514 -0.504497 -0.972438 0.980257 0.343981 -0.943023 0.585717 0.291803 -0.624608 0.232268 -0.191187 -0.0122094 -0.595097 -1 0.513934 0.504092 0.72254 -0.898511 -0.45862 0.487219 0.275978 -0.95689 -0.681437 0.0582362 0.927047 -0.761333 -0.858861 -0.270353 -0.677107 -1 -1 -0.721168 -0.0903962 -0.932215 0.549571 -0.46957 -1 -1 0.877164 -0.43627 0.493121 -1 -1 0.501823 0.582365 -0.237372 1 -0.149468 0.614252 -0.358158 -0.839177 0.534816 -0.361278 0.727932 -0.20221 -0.0324073 -0.0576123 0.0230045 -0.986583 0.449922 0.0707247 -0.740319 -0.882121 0.123445 -0.696866 0.167853 -0.899294 -0.0670048 0.316798 -0.994611 -0.620881 0.487582 -0.194218 0.232357 -0.42423 -0.595201 -0.712482 -0.671567 -0.590192 -0.62145 -0.283895 -0.49401 -1 
1 0.551953 0.321757 -1 -0.104064 -1 0.23163 0.509742 0.279772 -0.752398 -0.0737144 -1 0.289217 -0.386297 0.90837 -0.158811 -0.379343 -0.334053 -1 -0.0919822 0.171725 0.714097 -0.638896 -0.831257 -0.38609 -1 0.0037294 0.158427 0.636026 1 0.238239 -0.693668 -0.668761 -1 -1 -0.87479 -0.971064 -1 -0.509775 -0.292046 0.145175 -1 0.332141 -0.954538 0.111315 -1 -0.398666 -0.735204 0.424639 0.808145 -0.103777 0.0843906 -0.98402 0.423674 0.609801 -0.391817 0.513776 0.944754 0.746607 0.874418 0.434745 0.151097 -0.0432108 0.440829 -0.666237 0.00795197 -0.637532 -0.717098 -0.23965 0.389551 -1 -1 0.14207 0.554284 -0.526142 -1 0.290659 -0.4366 0.318577 -0.916996 -1 -1 -0.819651 0.0643624 -0.518128 -0.00228503 -0.433841 0.68399 0.244857 -0.622766 -0.132592 0.689937 0.479402 -1 -0.211597 0.86169 0.706415 -0.660527 -0.280462 -1 -1 -0.576673 -0.282219 0.471883 -1 -0.18594 -0.00809139 0.560067 -0.580782 0.438549 -0.531658 0.905885 -0.0428201 -1 0.587249 0.428548 -0.733413 0.169496 -0.485213 -0.395649 -0.171761 0.91376 -0.344325 0.166894 -0.651502 -1 0.516899 -0.67787 0.749389 -1 -1 0.402861 0.343934 0.771151 0.172713 0.65126 -1 -0.628487 
