-0.427472 -0.986419 -1 0.932284 -0.411294 -0.519429 -0.490272 -1 -0.262063 0.725123 1 0.368183 -0.447312 0.232385 -0.635768 -0.0800186 -0.51122 -1 -0.722947 -0.847686 -0.499101 -0.271253 -0.773217 -0.404623 -1 -0.689842 -0.827252 -0.597321 -0.290323 -0.0986847 -1 -0.54893 0.940016 0.545735 -0.590168 -0.0468916 0.61952 -0.952857 -0.97581 0.123404 -0.918507 -0.567229 -0.0478937 0.342267 -0.777791 -0.842186 0.720104 0.727404 -0.600701 -1 -1 -0.941206 0.373215 -1 0.717238 -0.0703781 -0.589211 -0.774228 -0.339423 -0.103447 -0.190124 -1 0.254788 -0.732727 -1 0.139993 0.183953 -1 -0.983704 0.458019 -0.999674 0.447871 -1 -0.191481 0.791912 0.380066 -1 0.556157 -1 0.392969 -0.466664 -0.190522 -0.847618 0.326578 -1 -1 -1 -1 -0.982303 0.0279781 -0.167657 0.323278 0.28544 0.455256 -0.989986 -0.816749 -0.0778304 0.603361 -0.919451 0.800117 -0.351454 -1 -0.491381 -0.0226054 -0.664456 -0.451648 
-0.93003 0.643242 -0.538044 -0.401093 -0.978924 0.853913 0.26156 -0.234968 -1 -0.153792 -0.809256 -0.223501 0.449997 0.886707 -1 0.9088 -1 -0.728195 -1 -0.150482 -1 -0.23796 -0.033622 -0.79347 0.364158 -1 -0.956137 -1 0.129958 -0.798981 -1 -0.425204 -0.815074 -0.964173 -1 -1 -0.762405 0.333048 -1 0.630987 0.340143 -1 -1 -0.901731 -0.6131 -0.186475 0.265539 -1 -0.509959 -0.687383 -0.713382 0.946528 -1 -0.34027 -1 -0.658511 -0.0985611 -0.334149 -1 -0.296926 0.0571077 -1 -0.0998056 -1 -1 -1 -0.209207 -0.71622 -0.0518546 -1 -0.155739 -1 -1 -0.0493611 -1 0.969477 -1 -0.167039 -1 -0.826823 -0.399405 -0.146023 -1 -0.13344 -0.0788843 -1 -1 -0.502606 -0.758239 -0.910637 -0.878728 -0.159119 1 0.342238 -0.837772 0.307604 0.528011 0.208706 0.68059 -0.970378 0.0781448 -0.908623 -1 -0.789558 -0.164529 -1 
-0.701822 -0.851737 -0.958654 0.773605 -0.549194 -0.57819 -0.964066 -1 -1 0.0758945 1 0.0991513 -1 0.227678 -0.105894 0.269068 -0.39321 -1 -0.0611362 -0.847686 -0.499101 0.254501 -0.500387 -0.404623 -1 -0.689842 0.0235013 -0.575675 -0.960026 -0.607693 -1 -0.671762 0.94786 0.271897 0.102889 -0.19159 -0.0251308 -1 -0.771461 0.340014 -0.528064 -1 0.00801134 0.6125 -0.761224 -0.695864 0.720104 0.861813 -0.36188 -0.904339 -1 -1 0.0839171 -1 0.72328 -0.750953 -0.691369 -0.774228 0.14534 -0.103447 -0.719321 -1 0.254788 -0.217989 -1 -0.592466 -0.0260864 -0.971575 -1 0.0640832 -0.999674 -0.112504 -1 0.273084 0.791912 0.46643 -0.806754 0.977804 -1 -0.200093 -0.445268 0.750237 -1 0.356587 -1 -0.941305 -1 -1 -1 0.23763 -0.467802 0.469242 -0.0826678 0.267957 -0.619064 -1 -0.510344 0.524862 -0.55685 0.586359 -0.288558 -1 -0.491381 -0.0226054 -0.6167 -0.815218 
-0.427472 -1 -0.876225 0.853219 -0.616116 -0.183965 -0.490272 -1 -0.610545 0.196606 0.857402 0.24268 -0.931657 0.227678 0.0926256 0.175378 -0.402726 -0.736151 -0.169812 -1 -0.773278 0.254501 -0.38052 -0.991265 -1 -0.72876 -0.388133 -1 -0.290323 -0.0986847 -1 -0.725379 0.531611 0.394948 -0.598108 -0.192937 0.436141 -1 -0.292551 -0.0426859 -1 -0.488394 0.00483068 0.6125 -0.895172 -1 -0.138461 0.727404 -0.875568 -0.807281 -1 -0.776584 -0.0822484 -1 0.451914 -0.178635 -0.446345 -1 0.14534 -0.103447 -0.711998 -1 0.254788 -0.459844 -1 -0.115863 -0.1163 -1 -1 -0.721813 -0.843425 -0.44303 -1 0.117296 0.791912 0.796273 -1 0.942252 -1 0.392969 -0.786134 0.520402 -0.948498 0.906336 -0.842835 -1 -1 -0.821408 -1 0.477465 -0.167657 0.0241197 0.308273 0.315911 -0.5954 -1 -0.201547 0.799945 -1 0.540812 -0.574795 -1 -0.491381 -0.327264 -0.387451 -0.826922 
-1 0.643242 -0.538044 -0.401093 -0.978924 0.336727 0.26156 0.295507 -0.888658 -0.153792 -0.809256 -0.162707 0.449997 0.741302 -1 0.9088 -1 -1 -1 -0.0365234 -1 -0.60738 -0.033622 -1 0.364158 -0.583225 -0.956137 -1 0.221821 -1 -1 -0.425204 -1 -0.964173 -1 -1 -0.762405 0.333048 -1 0.740747 0.361624 -1 -1 -0.965365 -0.855076 -0.519795 0.265539 -1 -1 -0.893363 -0.713382 0.548269 -1 -0.34027 -0.874132 -0.551572 -0.0985611 -0.780658 -1 -0.296926 0.0571077 -1 -0.111128 -1 -0.988991 -1 -0.209207 -1 -0.0518546 -1 -0.155739 -1 -1 -0.605056 -1 0.678861 -1 -0.167039 -0.974028 -1 -0.510068 -0.214713 -1 -0.265968 -0.20195 -1 -0.822207 -0.502606 -0.823384 -0.878017 -0.71224 -0.833795 1 0.342238 -0.837772 0.495142 0.528011 0.359367 0.68059 -0.970378 0.0781448 -1 -1 -0.789558 -0.232365 -1 
-0.398047 -0.851737 -1 1 -1 -0.631211 -0.490272 -0.931349 -0.225945 0.413292 0.584358 0.806727 -1 0.227678 -0.0777715 0.453097 -0.426088 -1 -0.179007 -1 -1 0.34761 -0.38052 -0.404623 -1 -0.689842 -0.656044 -0.464213 -0.290323 -0.0627924 -1 -1 0.940016 0.408963 -0.19872 -0.0468916 0.527671 -1 -0.882594 0.390996 -1 -0.567229 0.122362 0.6125 -0.614751 -1 0.720104 0.738105 -0.376741 -1 -1 -1 0.373215 -1 0.129918 -0.426459 -0.116974 -0.903486 0.14534 -0.103447 -0.564764 -1 0.254788 -0.860902 -1 -0.195133 -0.696608 -0.80069 -0.983704 -0.125065 -1 0.631256 -0.945814 -0.923013 0.791912 0.796273 -1 0.942252 -0.966378 0.392969 -0.766303 0.596978 -0.403744 0.110564 -1 -1 -1 -1 -1 0.477465 -0.159918 0.177485 0.28544 -0.192236 -0.665817 -1 -0.197789 0.603361 -0.448834 0.786075 -0.288558 -1 -0.327031 -0.0198051 -0.813308 -0.451648 
-0.427472 -0.736655 -1 1 -0.616116 -0.0634267 -0.701893 -0.82609 -0.32683 0.725123 1 0.636811 -0.931657 0.227678 -0.105894 0.269068 -0.426088 -0.753201 -0.23984 -1 -0.499101 0.254501 -0.38052 -0.354124 -1 -0.689842 -0.0363365 -0.945873 -0.230831 -0.0968552 -1 -0.725379 0.839989 0.408963 -0.270359 0.072127 0.629766 -1 -0.619827 0.390996 -0.973982 -0.734385 -0.00727788 0.317526 -0.722161 -1 0.720104 0.841231 -0.820277 -1 -1 -0.822811 -0.427197 -0.936952 0.331048 -0.490244 0.0816666 -0.525909 0.293556 -0.103447 -0.190124 -1 0.254788 -0.33497 -0.863017 0.15328 -0.1163 -1 -0.983704 0.609165 -0.999674 0.631256 -1 0.117296 0.791912 0.796273 -1 0.942252 -0.905714 0.0739012 -0.466664 0.374396 -1 0.826738 -0.745207 -1 -1 -0.821408 -1 0.477465 -0.00316891 0.286826 0.0836275 0.210064 -0.508967 -0.838621 -0.201547 0.7822 -0.627621 0.500886 -0.66835 -1 -0.537643 -0.0226054 -0.351347 -0.451648 
-0.253982 -1 -1 -0.0847386 -0.962315 -0.183965 -1 -1 -0.328845 0.553275 0.256857 -0.40846 -0.48936 0.227678 -0.564445 0.269068 -0.767773 -0.629475 -0.367335 -0.938936 -0.90316 0.27967 -0.481467 -0.211059 -1 -1 -0.799612 -1 0.0193785 -0.541862 -1 -0.797172 0.940016 0.408963 0.00603223 -0.45396 0.232441 -1 -0.911856 -0.193471 -0.948689 -1 -0.882735 0.60284 -1 -0.586018 0.259945 0.744468 -0.376741 -1 -0.802598 -0.776584 0.484459 -0.90557 0.190476 -0.531819 0.00760233 -1 -0.457119 -0.103447 -0.190124 -0.825174 0.0380469 -0.217989 -1 0.259773 0.482765 -1 -1 -0.202462 -0.428641 0.0697039 -1 -0.286753 0.791912 0.965248 -1 -0.0466233 -1 0.340216 -0.780414 0.83032 -1 0.495646 -1 -1 -0.79971 -1 -0.947394 -0.0666876 -0.167657 0.286826 -0.0708008 0.455256 -0.673939 -0.800054 -0.122368 0.7097 -0.432696 0.842628 -0.159524 -0.941872 -0.824823 -0.601619 -1 -0.391821 
-0.253982 -1 -1 0.371756 -1 -0.183965 -0.985758 -1 -0.328845 0.553275 0.256857 -0.202986 -0.417574 0.227678 -0.564445 0.269068 -0.787538 -0.629475 -0.526824 -0.938936 -1 0.27967 -0.481467 -0.405715 -1 -1 -0.799612 -1 0.188966 -0.541862 -1 -0.966358 0.940016 0.408963 0.00603223 -0.0999132 0.232441 -1 -0.911856 -0.193471 -1 -0.988807 -0.598124 0.236041 -1 -0.586018 0.259945 0.744468 -0.376741 -0.83077 -0.802598 -0.776584 0.390866 -1 0.190476 -0.531819 -0.304679 -1 0.0692075 -0.103447 -0.190124 -0.825174 0.103416 -0.18948 -1 0.139993 0.482765 -1 -1 -0.202462 -0.428641 0.0697039 -1 -0.286753 0.673685 0.936213 -1 0.535956 -1 0.340216 -0.312123 0.83032 -1 0.495646 -1 -1 -0.79971 -1 -1 -0.0666876 -0.167657 0.286826 0.139863 0.455256 -0.673939 -0.800054 -0.122368 0.7097 -0.432696 0.842628 -0.00161989 -0.84925 -0.824823 -0.792204 -1 -0.391821 
-0.277547 -0.736655 -1 1 -0.616116 -0.183965 -0.701893 -0.82609 -1 0.725123 1 0.831401 -0.931657 0.227678 -0.105894 0.269068 -0.426088 -0.629475 -0.179007 -1 -0.553017 -0.263432 -0.387515 -0.404623 -1 -1 -0.12628 -0.735696 -0.368698 -0.339932 -1 -0.725379 0.940016 0.408963 -0.548506 -0.0468916 0.642204 -1 -0.477976 0.390996 -1 -0.567229 -0.257036 0.6125 -0.984048 -1 0.0711175 0.751584 -0.376741 -1 -1 -0.776584 0.104558 -1 0.331048 -0.178635 -0.10832 -0.378017 0.14534 -0.103447 -0.69375 -1 0.254788 -0.217989 -0.958009 -0.0101708 -0.640481 -0.973012 -1 0.458019 -0.999674 0.316524 -1 0.117296 0.791912 0.706036 -1 0.942252 -0.805275 0.392969 -0.466664 0.464036 -0.644613 0.826738 -0.842835 -1 -1 -0.821408 -0.961101 0.477465 -0.167657 0.286826 -0.183154 0.283288 -0.510274 -0.732051 -0.576514 0.603361 -0.666555 0.68721 -0.288558 -1 -0.491381 -0.0226054 -0.351347 -0.9906 
-0.589339 -1 -1 1 -1 -0.0634267 -0.701893 -0.82609 -0.32683 0.725123 0.636367 0.69855 -0.931657 0.227678 -0.122473 0.269068 -0.426088 -0.753201 -0.68303 -0.96066 -0.740499 0.321909 -0.38052 -0.354124 -1 -0.689842 -0.230027 -1 -0.290323 -0.0986847 -1 -1 0.839989 0.412699 -0.737227 -0.531265 0.82309 -1 -0.97783 0.505687 -0.939676 -0.703486 -0.299778 0.0861968 -0.744147 -1 0.637182 0.214617 -0.376741 -1 -1 -0.744727 -0.18531 -1 0.0280133 -0.692448 -0.116974 -0.383613 0.447786 -0.408456 -0.190124 -1 0.254788 -0.33497 -1 0.00515799 -0.1163 -1 -0.983704 -0.275345 -1 0.273833 -1 0.117296 0.791912 0.796273 -0.998272 0.942252 -1 0.392969 -0.466664 0.158782 -1 0.826738 -0.697583 -1 -1 -0.821408 -0.803717 0.184845 0.0280277 0.418524 0.0759166 0.283288 -0.346355 -0.838621 -0.201547 0.655939 -1 0.572458 -0.763443 -1 -0.44204 -0.0226054 -0.351347 -0.451648 
-0.385929 -0.736655 -0.843103 1 -0.648886 -0.183965 -0.701893 -0.82609 -0.350055 0.725123 1 0.327225 -0.931657 0.227678 -0.105894 0.269068 -0.313974 -0.629475 -0.179007 -0.847686 -0.499101 0.254501 -0.418896 -0.404623 -1 -0.689842 -0.12628 -0.813521 -0.290323 -0.0986847 -1 -0.725379 0.940016 0.335762 -0.389475 -0.0468916 0.642204 -1 -0.477976 -0.13304 -0.973982 -0.567229 0.0965881 0.6125 -0.614751 -1 0.595413 0.153745 -0.376741 -1 -1 -0.776584 0.373215 -1 0.0662633 -0.457011 -0.253052 -0.525909 0.0457856 -0.103447 -0.190124 -1 0.254788 -0.217989 -1 0.139993 -0.1163 -0.973012 -0.983704 0.459257 -0.999674 0.0378883 -1 -0.462011 0.0564419 0.496204 -1 1 -1 0.392969 -0.466664 0.374396 -0.644613 0.826738 -0.842835 -1 -1 -0.821408 -1 0.477465 -0.167657 0.418333 0.28544 0.283288 -0.91887 -0.732051 -0.201547 0.603361 -0.627621 0.786075 -0.288558 -1 -0.466169 0.0750391 -0.351347 -0.451648 
-1 0.643242 -0.538044 -0.957428 -0.978924 0.313045 0.26156 0.295507 -1 -0.153792 -0.809256 -0.162707 0.449997 0.886707 -1 0.583248 -0.826175 -1 -1 -0.0365234 -1 -0.889297 -0.033622 -1 -0.0316694 -0.583225 -0.956137 -1 0.221821 -1 -1 -0.948259 -1 -0.964173 -1 -1 -0.762405 0.333048 -1 0.740747 0.361624 -1 -1 -1 -0.855076 -0.519795 0.265539 -1 -0.964819 -1 -0.713382 1 -1 -0.543895 -1 -0.551572 -0.422516 -0.780658 -1 -0.296926 0.0571077 -1 -0.60609 -1 -0.988991 -0.977288 -0.209207 -1 -0.0518546 -1 -0.155739 -1 -1 -0.611852 -1 0.678861 -1 -0.198589 -1 -1 -0.399405 -0.214713 -1 -0.0662824 -0.20195 -1 -0.822207 -0.502606 -0.758239 -0.688628 -0.71224 -0.833795 1 0.342238 -1 0.495142 0.528011 0.359367 0.68059 -0.970378 -0.0636904 -1 -1 -0.60679 -0.0822494 -1 
-0.364406 -1 -1 0.371756 -1 -0.183965 -0.985758 -1 -0.282334 0.553275 0.256857 -0.443787 -0.417574 0.227678 -0.564445 0.240409 -0.767773 -0.629475 -0.0439432 -0.938936 -0.90316 0.27967 -0.481467 -0.405715 -1 -1 -0.796762 -1 0.0193785 -0.904539 -1 -0.797172 0.850006 0.408963 0.0981442 -0.278797 0.232441 -1 -0.911856 -0.193471 -1 -0.567229 -0.598124 0.60284 -0.804664 -0.586018 0.1195 0.744468 -0.376741 -1 -1 -0.776584 0.390866 -1 0.180767 -0.531819 0.00760233 -1 0.0692075 -0.0845541 -0.190124 -0.825174 0.0380469 -0.217989 -1 0.139993 0.482765 -1 -1 -0.202462 -0.428641 0.0697039 -1 -0.286753 0.791912 0.965248 -1 0.535956 -1 0.202305 -0.312123 0.802141 -1 0.495646 -1 -1 -0.800164 -1 -1 -0.0666876 -0.167657 0.286826 0.163499 0.455256 -0.673939 -0.800054 -0.122368 0.7097 -0.432696 0.842628 -0.159524 -0.84925 -0.824823 -0.566587 -1 -0.391821 
-0.427472 -0.986419 -1 0.932284 -0.411294 -0.519429 -0.823409 -1 -0.262063 0.725123 1 0.368183 -0.447312 0.232385 -0.635768 -0.0800186 -0.357196 -1 -0.722947 -0.701326 -0.499101 -0.271253 -0.783402 -0.404623 -1 -0.689842 -0.827252 -0.597321 -0.290323 -0.0986847 -1 -0.54893 0.940016 0.545735 -1 -0.0468916 0.61952 -0.952857 -0.97581 0.123404 -0.918507 -0.567229 -0.0478937 0.342267 -0.777791 -0.842186 0.720104 0.468002 -0.600701 -0.823372 -1 -0.941206 0.373215 -1 0.717238 -0.0703781 -0.589211 -0.774228 -0.339423 -0.103447 -0.190124 -1 0.254788 -0.732727 -1 0.139993 0.183953 -1 -0.983704 0.0565501 -0.999674 0.447871 -1 -0.191481 0.791912 0.380066 -1 0.556157 -1 0.392969 -0.466664 -0.190522 -0.847618 0.378007 -1 -1 -1 -1 -1 0.0279781 -0.167657 0.323278 0.28544 0.455256 -0.989986 -0.816749 -0.0778304 0.603361 -0.919451 0.800117 -0.351454 -1 -0.491381 -0.0226054 -0.664456 -0.451648 
-1 -0.953432 -1 0.932284 -0.805193 -0.183965 -0.985758 -1 -0.262063 0.118254 -0.230082 -0.202986 -0.417574 0.227678 -0.105894 0.269068 -0.884865 -0.629475 -0.179007 -1 -1 0.160683 -0.565799 -0.435458 -1 -1 -0.77569 -1 -0.654248 0.0977918 -1 -0.797172 0.940016 0.571934 0.00603223 -0.0999132 0.495677 -1 -0.869704 -1 -0.858143 -0.567229 -0.598124 0.6125 -0.954454 -0.667159 0.720104 0.634954 -0.499149 -0.975988 -1 -0.776584 0.373215 -1 0.23525 -0.336406 -0.600652 -1 0.0399929 -0.213739 -0.190124 -0.840551 0.0380469 -0.217989 -0.879537 0.139993 0.523732 -1 -1 -0.202462 -0.428641 0.50224 -1 -0.316776 0.791912 0.697463 -1 0.792276 -1 -0.447533 -0.724515 0.832908 -0.852168 0.611889 -1 -1 -1 -0.808016 -1 -0.404927 -0.167657 0.365106 0.139863 0.455256 -0.621962 -0.826115 -0.0910065 0.649352 -0.552886 0.842628 -0.486011 -0.84925 -0.491381 -1 -0.914301 -0.812464 
-0.398047 -0.851737 -1 1 -1 -0.631211 -0.490272 -0.931349 -0.231299 0.413292 0.0801818 0.806727 -1 0.227678 -0.0777715 0.453097 -0.426088 -1 -0.179007 -1 -1 0.34761 -0.38052 -0.404623 -1 -0.689842 -0.656044 -0.464213 -0.290323 0.00325307 -1 -1 0.940016 0.408963 -0.388531 -0.0468916 0.527671 -1 -0.882594 0.390996 -1 -0.567229 0.122362 0.6125 -0.614751 -1 0.720104 0.738105 -0.376741 -1 -1 -1 0.373215 -1 0.129918 -0.426459 -0.116974 -0.903486 0.14534 -0.103447 -0.564764 -1 0.254788 -0.839698 -1 -0.195133 -0.763014 -0.80069 -0.983704 -0.125065 -1 0.631256 -0.945814 -0.923013 0.791912 0.796273 -1 0.942252 -0.966378 0.392969 -0.766303 0.596978 -0.403744 0.110564 -1 -1 -1 -1 -1 0.477465 -0.159918 0.177485 0.28544 -0.192236 -0.875068 -1 -0.197789 0.603361 -0.448834 0.786075 -0.526633 -1 -0.327031 -0.0198051 -0.813308 -0.451648 
-1 -1 -1 0.932284 -0.411294 -0.438505 -0.639083 -0.778958 -0.82287 0.415189 0.672478 0.642018 -0.792998 -0.270721 -0.196271 -0.0401593 -0.948882 -0.760646 -0.562148 -0.847686 -0.894674 -0.0945975 -0.38052 -0.689903 -1 -1 -0.504024 -1 -0.775909 -0.147437 -1 -0.814374 0.964277 0.224741 -0.00377998 -0.327711 0.116131 -0.862488 -0.350245 0.390996 -0.528064 -0.869492 -0.363982 0.452278 -0.716381 -0.970708 0.74158 0.614248 -0.376741 -0.8459 -1 -0.776584 -0.0176506 -1 0.615892 -0.884816 -0.116974 -1 0.14534 -0.462415 -0.693955 -1 0.254788 -0.217989 -1 -0.774188 -0.516611 -0.532496 -1 0.579575 -1 -0.0634809 -1 0.117296 0.427683 0.796273 -1 0.977804 -1 0.392969 -0.455478 0.374492 -0.785774 0.159694 -1 -1 -1 -1 -1 -0.186163 -0.427014 -0.0684107 0.28544 0.118379 -0.5954 -1 -0.95208 0.282069 -0.644053 0.786075 -0.267399 -1 -0.338867 -0.569781 -0.792059 -0.996374 
-0.235824 -1 -1 0.371756 -1 -0.183965 -0.985758 -0.944069 -0.282334 0.750226 0.256857 -0.443787 -0.417574 -0.145679 -0.564445 0.269068 -0.767773 -0.612987 -0.0439432 -0.938936 -0.90316 0.350843 -0.481467 -0.405715 -1 -1 -1 -1 0.0193785 -0.904539 -1 -0.797172 0.850006 0.408963 0.0981442 -0.278797 0.160777 -1 -0.911856 -0.193471 -1 -0.567229 -0.598124 0.60284 -0.848816 -0.586018 0.1195 0.744468 -0.602143 -1 -1 -0.776584 0.390866 -1 -0.256933 -0.531819 0.00760233 -1 0.0692075 -0.0845541 -0.190124 -0.825174 -0.520331 -0.217989 -1 -0.443566 0.2175 -0.97894 -1 -0.202462 -0.560655 0.0697039 -1 -0.286753 0.492203 0.661362 -1 0.535956 -1 0.340216 -0.612515 0.802141 -1 0.429449 -1 -1 -0.800164 -1 -1 -0.0666876 -0.0081304 0.286826 0.163499 0.455256 -0.673939 -0.800054 -0.122368 0.7097 -0.432696 0.842628 -0.159524 -0.84925 -0.824823 -0.74591 -1 -0.391821 
-0.736604 -0.953432 -1 0.932284 -0.962315 -0.299654 -0.985758 -1 -0.76597 0.0252397 0.291024 -0.202986 -0.417574 0.227678 -0.551484 0.269068 -0.884865 -0.629475 -0.179007 -0.938936 -0.90316 0.27967 -0.469914 -0.309142 -1 -1 -0.495685 -1 0.0193785 -0.0986847 -1 -0.797172 0.940016 0.571934 -0.19002 -0.0999132 0.212161 -1 -0.780957 -0.193471 -1 -0.567229 -1 0.6125 -1 -0.761125 0.259211 0.634954 -0.376741 -0.957712 -0.802598 -0.964613 0.373215 -1 0.192767 -1 -0.165709 -1 -0.0296115 -0.213739 -0.190124 -1 0.0380469 -0.217989 -0.879537 0.139993 0.482765 -0.973012 -1 -0.0366132 -0.428641 0.161241 -0.903464 -0.316776 0.109899 0.965248 -1 0.7442 -1 0.392969 -0.65651 0.802141 -0.650369 0.477353 -1 -1 -0.79971 -1 -1 0.00232853 -0.167657 0.399877 0.139863 0.455256 -0.673939 -0.653402 0.0450835 0.649352 -0.297826 0.842628 -0.159524 -1 -0.491381 -1 -0.942505 -0.319437 
-0.816242 -0.851737 -1 1 -1 -0.631211 -0.490272 -0.931349 -0.225945 0.413292 0.584358 0.96893 -0.931657 0.227678 -0.04934 0.453097 -0.426088 -1 -0.154691 -1 -1 0.34761 -0.38052 -0.404623 -1 -0.689842 -0.656044 -0.303983 -0.290323 -0.0986847 -1 -0.725379 0.940016 0.408963 -0.19872 -0.0468916 0.527671 -1 -0.882594 0.390996 -1 -0.567229 0.122362 0.6125 -0.614751 -1 0.33485 0.576624 -0.376741 -1 -1 -1 0.373215 -1 0.520066 -0.426459 0.00247587 -0.903486 0.14534 -0.103447 -0.190124 -1 0.254788 -0.860902 -1 -0.195133 -0.585646 -0.987627 -0.983704 -0.125065 -1 0.631256 -0.945814 -0.328652 0.791912 0.796273 -1 0.942252 -0.966378 0.392969 -0.766303 0.596978 -0.403744 0.315378 -1 -1 -1 -1 -1 0.477465 -0.159918 0.259022 0.28544 -0.192236 -0.665817 -1 -0.283605 0.603361 -0.448834 0.786075 -0.288558 -1 -0.491381 -0.0226054 -0.813308 -0.451648 
-1 0.643242 -0.538044 -0.401093 -1 0.313045 0.26156 0.336502 -1 -0.153792 -0.809256 -0.499511 0.449997 0.886707 -1 0.9088 -1 -1 -1 -0.0365234 -1 -0.60738 -0.033622 -1 0.364158 -0.583225 -0.956137 -1 0.221821 -1 -1 -0.654007 -1 -1 -1 -1 -0.762405 0.333048 -1 0.740747 0.361624 -1 -1 -0.819717 -0.860453 -1 0.265539 -1 -0.964819 -0.893363 -0.713382 1 -1 -0.34027 -1 -0.715439 -0.22493 -0.780658 -1 -0.296926 0.0571077 -1 -0.111128 -1 -0.988991 -1 -0.701278 -1 -0.0518546 -1 -0.155739 -1 -1 -0.855579 -1 0.678861 -1 -0.167039 -0.974028 -1 -0.399405 -0.214713 -1 -0.851542 -0.20195 -1 -0.822207 -0.502606 -0.758239 -0.878017 -0.71224 -0.833795 1 0.342238 -0.837772 0.0259089 0.528011 0.359367 0.577035 -0.970378 0.0781448 -1 -1 -0.789558 -0.0822494 -1 
-1 0.643242 -0.538044 -0.957428 -0.978924 0.313045 0.155939 0.295507 -1 -0.153792 -0.809256 -0.162707 0.449997 0.886707 -1 0.412173 -1 -1 -1 -0.0365234 -1 -0.889297 -0.033622 -1 0.364158 -0.583225 -0.956137 -1 0.221821 -1 -1 -0.948259 -1 -0.964173 -1 -1 -0.762405 0.333048 -1 0.740747 0.361624 -1 -1 -1 -0.855076 -0.519795 0.265539 -1 -0.964819 -1 -0.713382 1 -1 -0.543895 -1 -0.551572 -0.0985611 -0.780658 -1 -0.296926 0.0571077 -1 -0.416711 -1 -0.988991 -1 -0.209207 -1 -0.0518546 -1 -0.155739 -1 -1 -0.611852 -1 0.678861 -1 -0.198589 -0.974028 -1 -0.399405 -0.214713 -1 -0.265968 -0.20195 -1 -0.822207 -0.502606 -0.758239 -0.688628 -0.71224 -0.833795 1 0.342238 -1 0.495142 0.528011 0.359367 0.68059 -0.970378 -0.0636904 -1 -1 -0.695685 -0.0822494 -1 
-1 0.643242 -1 -0.957428 -0.978924 0.313045 0.26156 0.295507 -1 -0.153792 -0.809256 -0.162707 0.449997 0.886707 -1 0.412173 -1 -1 -1 -0.0365234 -1 -0.889297 -0.033622 -1 0.364158 -0.583225 -0.956137 -1 0.221821 -1 -1 -0.948259 -1 -1 -1 -0.926059 -0.762405 0.333048 -1 0.740747 0.344112 -1 -1 -1 -0.855076 -0.519795 0.217161 -1 -0.964819 -1 -0.713382 1 -1 -0.543895 -1 -0.551572 -0.0985611 -0.780658 -1 -0.296926 0.0571077 -1 -0.416711 -1 -0.988991 -1 -0.209207 -1 -0.0664513 -1 -0.325123 -1 -1 -0.611852 -1 0.678861 -1 -0.198589 -0.974028 -1 -0.330772 -0.301979 -1 -0.265968 -0.20195 -1 -0.919469 -0.367594 -0.758239 -0.688628 -0.71224 -0.833795 1 0.342238 -1 0.0281998 0.528011 0.359367 0.68059 -0.970378 -0.0636904 -1 -1 -0.412411 -0.0822494 -1 
-0.427472 -0.736655 -1 1 -0.616116 -0.0634267 -0.718081 -0.628226 -0.32683 0.725123 0.82382 0.636811 -0.931657 0.227678 -0.105894 0.269068 -0.426088 -0.753201 -0.23984 -1 -0.499101 0.254501 -0.38052 -0.354124 -1 -0.689842 -0.196625 -0.852025 -0.124598 -0.0968552 -1 -0.725379 0.839989 0.408963 -0.270359 0.072127 0.629766 -1 -1 0.390996 -0.973982 -1 -0.00727788 0.220121 -0.639302 -1 0.720104 0.318849 -0.820277 -0.899448 -1 -0.776584 -0.427197 -1 0.060496 -0.490244 0.0816666 -0.525909 0.261117 -0.103447 -0.190124 -1 0.254788 -0.33497 -0.863017 0.15328 -0.713203 -1 -0.983704 0.458019 -1 0.631256 -1 0.117296 0.726176 0.796273 -1 0.768532 -1 0.392969 -0.491305 -0.186451 -1 0.826738 -1 -1 -1 -0.821408 -1 0.477465 -0.00316891 -0.106849 0.0759166 0.351627 -0.508967 -0.928778 -0.201547 0.7822 -0.627621 0.786075 -0.66835 -1 -0.995554 -0.109329 -0.351347 -0.451648 
-1 0.179493 -0.538044 -0.401093 -0.978924 0.313045 0.26156 0.295507 -1 -0.153792 -0.809256 -0.162707 0.449997 0.886707 -1 0.9088 -1 -1 -1 -0.0365234 -1 -0.60738 -0.033622 -1 0.364158 -0.583225 -0.956137 -1 0.221821 -1 -1 -0.425204 -1 -0.964173 -1 -1 -0.762405 0.333048 -1 0.296629 0.361624 -1 -1 -1 -0.855076 -0.519795 0.265539 -1 -0.964819 -0.893363 -0.713382 1 -1 -0.34027 -1 -0.557015 -0.0985611 -0.780658 -1 -0.296926 0.0571077 -1 -0.111128 -1 -0.988991 -1 -0.209207 -1 -0.0518546 -1 -0.155739 -1 -1 -1 -1 0.481631 -1 -0.374848 -0.974028 -1 -0.399405 -0.214713 -1 -0.265968 -0.20195 -1 -0.86399 -0.502606 -0.758239 -0.878017 -0.71224 -1 1 0.342238 -0.837772 0.495142 0.528011 0.0452827 0.68059 -1 0.0781448 -1 -1 -0.789558 -0.0822494 -1 
-0.466793 -1 -0.958654 0.824072 -0.411294 -0.183965 -0.490272 -1 -0.641494 0.393172 1 0.165549 -1 0.227678 -0.105894 -0.200319 -0.651141 -0.807359 -0.253767 -0.847686 -0.63533 0.254501 -0.38052 -0.404623 -1 -0.825985 -0.12628 -0.575675 -0.290323 -0.222617 -1 -0.671762 1 0.50015 -0.210771 -0.999811 0.660772 -1 -0.53532 -0.159191 -0.458216 -1 -0.303908 0.760408 -0.865286 -1 0.211623 0.727404 -0.376741 -1 -1 -1 0.0839171 -0.827466 0.236496 -0.037135 -0.084022 -0.774228 0.157067 -0.674681 -0.673768 -1 0.254788 -0.217989 -1 0.139993 0.0283774 -0.88211 -1 0.205624 -0.999674 -0.156839 -1 0.273084 0.791912 0.0461522 -0.843984 1 -1 0.563748 -0.445268 0.750237 -0.844742 0.791831 -0.842835 -1 -1 -0.62101 -1 0.0150278 -0.167657 0.286826 -0.185153 0.578739 -0.55625 -0.935666 -0.202358 0.603361 -0.482615 0.786075 -0.288558 -1 -0.491381 0.154508 -0.351347 -0.451648 
-0.590032 -1 -1 1 -1 -0.631211 -0.490272 -1 -0.225945 0.413292 0.584358 0.806727 -1 0.227678 -0.269176 0.617371 -0.426088 -1 -0.0901105 -1 -1 0.34761 -0.38052 -0.583592 -0.826621 -0.689842 -0.656044 -0.464213 -0.290323 -0.0627924 -1 -1 0.940016 0.408963 -0.19872 -0.523892 0.635472 -1 -0.882594 0.390996 -0.837824 -1 0.122362 0.6125 -0.614751 -1 0.720104 0.257621 -0.376741 -0.845587 -1 -1 0.253479 -1 0.0472522 -0.426459 -0.116974 -1 -0.220445 -0.559716 -0.798428 -1 0.395142 -0.860902 -1 -0.600726 -0.581948 -0.80069 -0.983704 -0.125065 -1 0.631256 -0.945814 -1 0.791912 0.400133 -1 0.942252 -0.962909 0.392969 -0.766303 0.5353 -0.403744 0.110564 -0.90666 -1 -1 -1 -1 0.477465 -0.229513 0.177485 0.28544 -0.192236 -0.665817 -1 -0.197789 0.229185 -1 0.772264 -0.288558 -1 -0.327031 0.0656317 -0.813308 -0.197674 
-0.427472 -0.587662 -1 1 -0.616116 -0.183965 -0.701893 -1 -0.262063 0.725123 1 0.0538805 -0.931657 0.227678 -0.201924 0.269068 -0.463176 -0.629475 -0.179007 -0.652556 -0.499101 -0.0635445 -0.38052 -0.404623 -1 -0.689842 -0.602578 -1 -0.290323 -0.0986847 -1 -0.725379 0.355012 0.408963 -0.389475 -0.0468916 -0.0349068 -1 -0.477976 0.390996 -0.973982 -0.567229 -0.576027 0.6125 -0.614751 -1 0.720104 0.781747 -0.376741 -0.972384 -1 -0.776584 0.373215 -1 0.331048 -0.178635 -0.116974 -0.525909 0.14534 -0.103447 -0.190124 -0.816903 0.254788 -0.217989 -1 -0.326816 -0.1163 -0.973012 -0.983704 0.309938 -0.999674 0.631256 -1 -0.157285 0.791912 0.796273 -1 0.387499 -1 0.392969 -0.466664 0.374396 -0.644613 0.826738 -0.842835 -1 -1 -0.851665 -1 0.477465 -0.167657 0.286826 0.28544 0.283288 -0.718538 -0.732051 -0.201547 0.603361 -0.627621 0.786075 -0.288558 -1 -0.491381 -0.0226054 -0.351347 -0.737997 
-0.93003 0.643242 -0.538044 -0.401093 -0.978924 0.853913 0.26156 0.295507 -1 -0.153792 -0.809256 -0.41971 0.449997 0.886707 -1 0.9088 -1 -0.728195 -1 -0.150482 -1 -0.23796 -0.033622 -0.79347 0.364158 -0.953589 -0.956137 -1 0.129958 -0.798981 -1 -0.425204 -1 -0.964173 -1 -1 -0.762405 0.333048 -1 0.565938 0.340143 -1 -1 -0.901731 -0.6131 -0.186475 0.265539 -1 -0.509959 -0.687383 -0.713382 0.946528 -1 -0.34027 -1 -0.658511 -0.0985611 -0.334149 -1 -0.296926 0.0571077 -1 0.383706 -1 -1 -1 -0.209207 -0.71622 -0.0518546 -1 -0.155739 -1 -1 -0.0493611 -1 0.969477 -1 -0.167039 -1 -0.826823 -0.399405 -0.146023 -0.83934 -0.13344 -0.0788843 -1 -1 -0.502606 -0.758239 -0.910637 -0.878728 -0.159119 1 0.342238 -0.837772 0.307604 0.528011 0.197078 0.68059 -0.970378 0.0781448 -0.908623 -1 -0.789558 -0.164529 -0.767172 
-0.427472 -0.953432 -1 0.932284 -0.962315 -0.183965 -0.985758 -1 -0.262063 0.471907 0.291024 -0.202986 -0.417574 -0.0155549 -0.218754 0.269068 -0.884865 -0.629475 -0.179007 -0.938936 -0.90316 0.38397 -0.469914 -0.309142 -1 -1 -0.80293 -1 0.0193785 -0.0986847 -1 -0.797172 0.940016 0.571934 -0.452491 -0.0999132 0.495677 -1 -0.869704 -0.193471 -1 -0.555518 -0.598124 0.282977 -1 -0.761125 0.720104 0.634954 -0.376741 -0.95789 -0.802598 -0.776584 0.373215 -1 0.192767 -1 -0.165709 -1 -0.0296115 -0.213739 -0.190124 -1 0.0380469 -0.217989 -0.879537 0.139993 0.482765 -0.973012 -1 -0.0366132 -0.83558 0.631256 -0.903464 -0.316776 0.791912 0.965248 -0.909655 0.7442 -1 0.392969 -0.420586 0.802141 -0.916155 0.109036 -0.988057 -1 -0.79971 -1 -1 0.00232853 -0.167657 0.399877 0.139863 0.455256 -0.673939 -0.653402 -0.122368 0.649352 -0.660572 0.842628 -0.159524 -0.84925 -0.491381 -0.764028 -0.914301 -0.701892 
-0.235824 -1 -1 0.371756 -1 -0.183965 -1 -0.944069 -0.282334 0.750226 0.256857 -0.443787 -0.417574 -0.330834 -0.564445 0.269068 -0.767773 -0.612987 -0.0439432 -0.938936 -0.90316 0.350843 -0.481467 -0.643774 -1 -1 -1 -1 0.0193785 -0.873855 -1 -0.797172 0.850006 0.528465 0.0981442 -0.278797 0.160777 -1 -0.911856 -0.193471 -1 -0.567229 -0.598124 0.60284 -0.671646 -0.586018 0.1195 0.311694 -0.602143 -1 -1 -0.776584 0.390866 -1 -0.256933 -0.531819 0.00760233 -1 0.0692075 -0.0845541 -0.546968 -0.825174 -0.520331 -0.217989 -1 -0.443566 0.2175 -0.97894 -0.821945 -0.202462 -0.560655 0.0697039 -1 -0.286753 0.355249 0.661362 -1 0.535956 -1 0.340216 -0.612515 0.802141 -1 0.429449 -1 -1 -0.800164 -1 -1 -0.47072 -0.0081304 0.286826 0.163499 0.455256 -0.673939 -0.800054 -0.122368 0.7097 -0.432696 0.842628 -0.159524 -0.84925 -0.824823 -0.74591 -1 -0.391821 
-1 0.765454 -0.538044 -0.401093 -1 0.313045 0.26156 0.295507 -1 -0.153792 -0.809256 -0.0976633 0.449997 0.886707 -1 0.9088 -1 -1 -1 -0.0365234 -1 -0.412279 -0.033622 -1 -0.385265 -0.825035 -1 -1 0.221821 -1 -1 -0.425204 -1 -0.964173 -1 -1 -0.836128 0.333048 -1 0.740747 0.361624 -1 -1 -0.831476 -0.855076 -0.574245 0.265539 -1 -0.964819 -0.893363 -0.713382 1 -1 -0.34027 -1 -0.551572 -0.622438 -1 -1 -0.769071 0.0571077 -1 -0.175523 -1 -0.988991 -1 -0.728475 -1 -0.0518546 -0.98119 -0.0456188 -1 -1 -0.605056 -1 0.841319 -1 -0.128952 -1 -1 -0.399405 -0.386264 -1 -0.265968 -0.20195 -1 -1 -0.502606 -0.758239 -0.878017 -0.71224 -0.833795 1 0.342238 -0.837772 0.495142 -0.0298762 0.359367 0.68059 -0.970378 0.0781448 -1 -1 -0.789558 -0.450782 -1 
-0.253982 -0.727958 -1 0.371756 -0.894082 -0.183965 -1 -1 -0.328845 0.553275 0.256857 -0.0600206 -0.417574 0.227678 -0.564445 0.276288 -0.767773 -1 -0.0439432 -1 -1 0.513059 -0.481467 -0.49788 -1 -1 -0.799612 -1 0.0193785 -0.541862 -1 -1 0.486357 0.408963 -0.225418 -0.113916 0.232441 -1 -0.911856 -0.367212 -1 -0.701943 -1 0.494494 -1 -0.586018 -0.0223213 0.582866 -0.886323 -1 -0.802598 -0.776584 0.319812 -1 0.190476 -0.531819 0.00760233 -0.958505 0.0692075 0.0448332 -0.190124 -0.825174 -0.0872548 -0.217989 -1 -0.33799 0.501789 -1 -1 -0.202462 -0.428641 -0.0346469 -1 -0.380461 0.791912 0.965248 -1 0.236382 -1 0.340216 -0.791045 0.83032 -1 0.495646 -1 -1 -0.79971 -1 -1 0.0061672 -0.167657 0.286826 0.139863 0.41071 -0.673939 -0.800054 -0.122368 0.7097 -0.432696 0.697751 -0.159524 -0.84925 -1 -0.566587 -1 -0.721174 
-1 0.643242 -0.538044 -0.401093 -0.978924 -0.170022 0.26156 0.295507 -1 -0.153792 -0.809256 -0.162707 0.449997 0.886707 -1 0.9088 -1 -1 -1 0.157548 -1 -0.60738 -0.373759 -1 0.364158 -0.583225 -0.956137 -1 0.221821 -1 -1 -0.425204 -1 -0.964173 -1 -1 -0.762405 0.333048 -1 0.118918 0.361624 -1 -0.955721 -0.831476 -1 -0.519795 0.265539 -1 -0.952957 -0.893363 -0.713382 1 -1 -0.34027 -1 -0.551572 -0.0985611 -0.780658 -1 -0.296926 0.0571077 -1 -0.111128 -1 -0.988991 -1 -0.209207 -0.890705 -0.0518546 -1 -0.155739 -1 -1 -0.819152 -1 0.678861 -1 -0.498046 -0.974028 -1 -0.690283 -0.214713 -1 -0.577279 -0.194634 -1 -0.822207 -0.502606 -0.758239 -0.878017 -0.923758 -0.833795 1 0.342238 -0.837772 0.495142 0.528011 0.359367 0.68059 -0.970378 0.0781448 -1 -1 -0.678554 -0.0822494 -1 
-1 0.643242 -0.538044 -0.832717 -1 0.313045 0.26156 0.224236 -1 -0.153792 -1 -0.162707 0.449997 0.886707 -1 0.412173 -0.887119 -1 -1 -0.0365234 -1 -0.889297 -0.033622 -1 0.364158 -0.583225 -1 -1 0.221821 -1 -1 -0.948259 -1 -1 -1 -1 -0.762405 0.333048 -1 0.740747 0.361624 -1 -1 -1 -1 -0.519795 0.265539 -1 -0.964819 -1 -0.552695 1 -1 -0.543895 -1 -0.396779 -0.489561 -0.780658 -1 -0.296926 0.0571077 -1 -0.416711 -1 -0.988991 -1 -0.209207 -0.850959 -0.0518546 -1 -0.290685 -1 -1 -0.611852 -0.868147 0.678861 -1 -0.309736 -1 -0.830267 -0.399405 -0.214713 -1 -0.265968 -0.20195 -1 -0.822207 -0.502606 -0.758239 -0.688628 -0.580634 -0.833795 1 0.342238 -1 0.480813 0.528011 0.113005 0.68059 -0.970378 -0.0636904 -1 -1 -0.60679 -0.0822494 -1 
-0.427472 -0.792052 -1 0.577089 -0.616116 -0.183965 -0.997309 -1 -0.262063 0.725123 1 0.636811 -0.931657 0.227678 -0.201924 0.269068 -0.426088 -0.629475 -0.179007 -0.847686 -0.499101 0.254501 -0.38052 -0.404623 -1 -0.689842 -0.396836 -0.813521 -0.290323 -0.0731859 -1 -0.725379 -0.192266 0.408963 -0.389475 -0.0468916 0.642204 -1 -0.477976 0.390996 -1 -0.537496 -0.576027 0.286992 -0.813887 -1 0.720104 0.751584 -0.376741 -1 -1 -0.776584 0.373215 -1 0.331048 -0.178635 -0.116974 -0.525909 0.14534 -0.103447 -0.190124 -0.816903 0.254788 -0.0875392 -1 -0.326816 -0.1163 -0.973012 -0.983704 0.458019 -1 0.631256 -1 -0.1927 0.791912 0.796273 -1 0.942252 -1 0.392969 -0.466664 0.374396 -0.644613 0.826738 -0.842835 -1 -1 -0.763929 -1 0.477465 -0.167657 0.286826 0.28544 0.283288 -0.718538 -0.732051 -0.201547 0.603361 -0.627621 0.786075 -0.288558 -1 -0.491381 -0.0226054 -0.351347 -0.737997 
-0.427472 -1 -1 0.902567 -0.98999 -0.129005 -0.646349 -1 -0.532143 0.725123 0.694538 0.66503 -0.931657 -0.133999 -0.596285 0.269068 -0.271475 -0.629475 -0.922876 -1 -0.499101 0.254501 -0.138383 -0.582398 -1 -0.689842 -0.439556 -0.942185 -0.290323 -0.0681885 -1 -0.563827 0.531611 0.300099 0.146482 -0.192937 0.436141 -1 -0.292551 -0.0426859 -0.973982 -0.477212 -0.171347 0.6125 -0.895172 -0.837226 0.219533 0.727404 -1 -1 -1 -0.776584 -0.0822484 -1 0.72328 -0.00863753 -0.513872 -0.902373 0.14534 -0.103447 -0.711998 -1 0.258933 -0.25202 -1 -0.797255 -0.180563 -1 -1 -0.824677 -1 -0.191268 -1 0.117296 0.791912 0.796273 -1 0.942252 -1 0.392969 -0.466664 0.461744 -1 0.906336 -0.842835 -1 -1 -0.821408 -1 -0.0810032 -0.167657 -0.638209 0.28544 0.315911 -0.604738 -0.732051 -0.201547 0.722432 -0.495683 0.399465 -0.574795 -1 -0.681973 -0.0226054 -0.772014 -1 
-0.358436 -0.947464 -1 0.779449 -0.616116 -0.183965 -0.701893 -0.82609 -0.262063 0.725123 0.974278 0.32537 -0.931657 -0.118636 -0.105894 0.269068 -0.879305 -1 -0.159379 -1 -1 0.223559 -1 -0.327594 -1 -0.922776 0.0642301 -0.860937 -0.290323 -0.0986847 -1 -0.725379 0.940016 0.408963 -0.942262 -0.0468916 0.13745 -0.843995 -0.757874 0.0106266 -0.973982 -0.91396 -0.00727788 0.187601 -1 -0.816335 0.108921 0.751584 -0.376741 -1 -1 -0.678031 0.201471 -1 0.331048 -0.178635 -0.116974 -0.993828 0.14534 -0.152081 -0.0381545 -1 0.391051 -0.741933 -1 -0.288873 -0.255837 -1 -1 0.458019 -0.999674 0.631256 -1 0.117296 0.465631 0.796273 -1 0.949984 -1 0.0217916 -0.62596 0.181274 -0.644613 0.826738 -1 -1 -1 -1 -1 -0.0537448 -0.026801 0.0281929 0.28544 0.283288 -0.566814 -1 -0.201547 0.603361 -0.587805 0.786075 -0.0252964 -1 -0.563054 -0.0226054 -0.351347 -0.451648 
-1 -0.851737 -1 1 -0.411294 -0.805225 -1 -0.778958 -0.82287 0.585631 1 0.112593 -0.648308 0.227678 -0.196271 0.288559 -0.750276 -0.629475 -0.562148 -0.847686 -0.894674 -0.0945975 -0.38052 -0.688946 -1 -1 -0.191157 -0.575675 -0.396651 -0.147437 -1 -1 0.964277 0.224741 -0.00377998 -0.365469 0.483311 -0.998975 -0.745139 0.390996 -0.528064 -0.689062 -0.363982 0.57203 -1 -0.970708 0.74158 0.614248 -0.584486 -0.8459 -1 -0.776584 -0.0642504 -1 0.597045 -0.88613 -0.116974 -1 0.14534 -0.462415 -0.299154 -1 0.254788 -0.217989 -1 -0.307858 -0.119375 -0.676063 -1 0.679975 -0.963609 0.469175 -1 0.117296 0.844572 0.702918 -1 0.801592 -1 0.392969 -0.466664 0.374492 -0.934313 0.159694 -0.800461 -1 -1 -0.62101 -0.929033 -0.227196 -0.63333 0.304031 0.28544 0.118379 -0.703595 -1 -0.936374 0.282069 -0.644053 0.410959 -0.288558 -1 -0.478173 -0.155742 -1 -0.451648 
-0.235824 -1 -1 0.371756 -1 -0.183965 -0.985758 -0.944069 -0.282334 0.750226 0.256857 -0.443787 -0.417574 -0.145679 -0.564445 0.269068 -0.767773 -0.612987 -0.0439432 -0.938936 -0.90316 0.350843 -0.481467 -0.619697 -1 -1 -1 -1 0.0193785 -0.904539 -1 -0.797172 0.850006 0.408963 0.0981442 -0.278797 0.160777 -1 -0.911856 -0.193471 -1 -0.567229 -0.598124 0.600805 -0.848816 -0.586018 0.1195 0.744468 -0.602143 -1 -1 -0.776584 0.390866 -1 -0.256933 -0.710825 0.00760233 -1 0.0692075 -0.0845541 -0.190124 -0.825174 -0.520331 -0.217989 -1 -0.443566 0.2175 -0.97894 -1 -0.202462 -0.385124 0.0697039 -1 -0.286753 0.492203 0.661362 -1 0.535956 -1 0.340216 -0.612515 0.802141 -1 0.429449 -1 -1 -0.800164 -1 -1 -0.0666876 -0.0081304 0.286826 0.163499 0.455256 -0.673939 -0.800054 -0.122368 0.7097 -0.432696 0.842628 -0.159524 -0.84925 -1 -0.74591 -1 -0.391821 
-0.93003 0.356423 -0.538044 -0.401093 -0.978924 0.853913 0.26156 0.295507 -1 -0.153792 -0.809256 -0.223501 0.449997 0.886707 -1 0.9088 -1 -0.728195 -1 -0.150482 -1 -0.23796 -0.033622 -0.79347 0.364158 -0.733408 -0.76047 -1 0.129958 -0.798981 -1 -0.425204 -1 -0.964173 -1 -1 -0.762405 0.333048 -1 0.630987 0.340143 -1 -1 -0.901731 -1 -0.186475 0.265539 -1 -0.509959 -0.687383 -0.713382 0.946528 -1 -0.530999 -1 -0.658511 -0.0985611 -0.334149 -1 -0.296926 0.0571077 -1 0.383706 -1 -1 -1 -0.209207 -0.71622 -0.0518546 -1 -0.155739 -1 -1 -0.0493611 -1 0.969477 -1 -0.167039 -1 -0.826823 -0.399405 -0.146023 -1 -0.13344 -0.0788843 -1 -1 -0.502606 -0.758239 -0.910637 -0.878728 -0.159119 1 0.342238 -0.837772 0.307604 0.528011 0.197078 0.68059 -0.970378 0.0781448 -0.908623 -1 -0.789558 -0.164529 -0.767172 
-0.782081 -0.953432 -1 0.932284 -0.805193 -0.183965 -0.816675 -1 -0.262063 0.661008 -0.0743752 -0.202986 -0.417574 -0.240452 -0.105894 0.135994 -0.969825 -0.629475 -0.179007 -1 -0.941459 0.160683 -0.565799 -0.960683 -1 -1 -0.77569 -1 -0.505124 -0.0986847 -1 -0.797172 0.362316 0.571934 0.00603223 -0.0999132 0.170752 -1 -0.869704 -1 -0.870338 -0.567229 -0.588643 0.6125 -1 -0.761125 0.720104 0.634954 -0.542688 -1 -1 -1 -0.131372 -1 0.23525 -0.336406 -0.600652 -1 0.0837346 -0.213739 -0.715696 -0.840551 0.0380469 -0.62122 -0.879537 -0.2354 0.0767369 -1 -1 -0.202462 -0.428641 0.631256 -0.834678 -0.246232 0.791912 0.697463 -1 0.626549 -1 -0.581728 -0.542867 0.802141 -0.852168 0.611889 -1 -1 -1 -1 -1 -0.404927 0.0315372 0.568268 -0.0235559 0.612898 -0.621962 -0.643049 -0.710943 0.649352 -0.552886 0.693586 -0.159524 -0.84925 -0.558554 -1 -0.914301 -0.812464 
-0.398047 -0.851737 -1 1 -1 -0.631211 -0.490272 -0.931349 -0.225945 0.413292 0.584358 0.806727 -0.931657 0.227678 -0.0777715 0.453097 -0.426088 -1 -0.179007 -1 -1 0.34761 -0.38052 -0.404623 -1 -0.689842 -0.656044 -0.464213 -0.290323 -0.0986847 -1 -0.725379 0.940016 0.408963 -0.19872 -0.0468916 0.527671 -1 -0.882594 0.390996 -1 -0.567229 0.122362 0.6125 -0.614751 -1 0.720104 0.576624 -0.376741 -1 -1 -1 0.373215 -1 0.520066 -0.426459 -0.116974 -0.903486 0.14534 -0.103447 -0.190124 -1 0.254788 -0.860902 -1 -0.195133 -0.585646 -0.80069 -0.983704 -0.125065 -1 0.631256 -0.945814 -0.328652 0.791912 0.796273 -1 0.942252 -0.966378 0.392969 -0.766303 0.596978 -0.403744 0.315378 -1 -1 -1 -1 -1 0.477465 -0.159918 0.259022 0.28544 -0.192236 -0.665817 -1 -0.197789 0.603361 -0.448834 0.786075 -0.288558 -1 -0.491381 -0.0226054 -0.813308 -0.451648 
-0.466793 -0.851737 -0.958654 0.932284 -0.411294 -0.183965 -0.490272 -0.82609 -0.641494 0.590357 1 0.642018 -0.601702 0.227678 -0.105894 0.269068 -0.39321 -0.629475 -0.253767 -0.847686 -0.499101 0.254501 -0.38052 -0.404623 -1 -0.689842 -0.12628 -0.575675 -0.290323 -0.0986847 -1 -0.671762 0.94786 0.359778 -0.0469244 -0.19159 0.496055 -1 -0.53532 0.340014 -0.528064 -1 0.00801134 0.6125 -0.614751 -0.761125 0.720104 0.727404 -0.376741 -1 -1 -1 0.0839171 -1 0.72328 -0.037135 -0.116974 -0.774228 0.14534 -0.103447 -0.190124 -1 0.254788 -0.217989 -1 0.139993 -0.0260864 -1 -1 0.458019 -1 0.312193 -1 0.273084 0.791912 0.328376 -1 0.977804 -1 0.319628 -0.445268 0.750237 -0.644613 0.826738 -0.842835 -1 -1 -0.62101 -1 0.477465 -0.167657 0.286826 -0.0826678 0.430322 -0.5954 -0.740514 -0.122368 0.603361 -0.482615 0.786075 -0.288558 -1 -0.491381 -0.0226054 -0.351347 -0.451648 
-0.906137 -0.811643 -1 1 -1 -0.0634267 -0.701893 -0.82609 -0.723092 0.306553 0.764614 0.54403 -0.931657 0.227678 -0.122473 0.269068 -0.805021 -0.753201 -0.179007 -1 -0.739344 0.321909 -0.846445 -0.354124 -0.940153 -0.689842 -0.230027 -1 -0.674632 -0.0986847 -1 -0.725379 0.839989 0.310183 -0.737227 -0.531265 0.82309 -1 -1 0.505687 -0.939676 -0.407016 -0.507412 0.0861968 -0.564249 -1 0.803459 0.214617 -0.376741 -1 -1 -0.744727 -0.18531 -1 0.0280133 -0.413502 -0.279874 -0.767268 0.447786 -0.408456 -0.190124 -1 0.254788 -0.640738 -1 -0.165471 -0.1163 -1 -1 0.294461 -1 0.273833 -1 0.117296 0.791912 0.788598 -1 0.942252 -1 0.374841 -1 0.158782 -1 0.826738 -0.697583 -0.851321 -0.945332 -0.757437 -0.803717 0.477465 0.0280277 0.161746 0.0759166 0.283288 -0.346355 -0.838621 -0.201547 0.430593 -0.937072 0.981707 -1 -1 -0.512846 -0.0226054 -0.836603 -0.451648 
-0.800844 -0.736655 -1 1 -0.616116 -0.0634267 -0.701893 -0.82609 -0.32683 0.725123 0.524551 0.574008 -0.931657 -0.10686 -0.105894 0.336333 -0.781128 -0.753201 -0.23984 -1 -0.499101 0.254501 -0.38052 -0.354124 -1 -0.901096 -0.0363365 -0.945873 -0.230831 -0.0968552 -1 -1 0.839989 0.243795 -0.270359 0.072127 0.629766 -1 -0.619827 0.390996 -0.973982 -0.734385 0.187382 0.317526 -0.994965 -1 0.720104 0.841231 -0.820277 -1 -1 -0.947421 -0.589961 -1 0.331048 -1 0.0816666 -0.947189 -0.294155 -0.103447 -0.47144 -1 0.254788 -0.35406 -0.863017 0.126617 -0.1163 -1 -0.983704 0.318949 -0.999674 0.631256 -1 0.117296 0.869349 0.737609 -1 0.942252 -1 0.0739012 -0.466664 0.401007 -1 0.826738 -0.729542 -1 -1 -0.821408 -1 0.477465 -0.00316891 0.286826 0.0836275 0.210064 -0.508967 -0.838621 -0.201547 0.7822 -0.970081 0.500886 -0.66835 -1 -0.537643 -0.193384 -0.351347 -0.560048 
-0.427472 -0.953432 -1 0.932284 -0.962315 -0.183965 -0.985758 -1 -0.330894 0.471907 0.291024 -0.202986 -0.417574 0.227678 -0.105894 0.269068 -0.884865 -0.629475 -0.179007 -0.938936 -0.90316 0.27967 -0.469914 -0.309142 -1 -1 -0.495685 -1 0.0193785 -0.0986847 -1 -0.797172 0.940016 0.571934 0.00603223 -0.0999132 0.495677 -1 -0.99427 -0.193471 -1 -0.567229 -0.598124 0.6125 -1 -0.761125 0.720104 0.634954 -0.376741 -0.95789 -0.802598 -0.776584 0.373215 -1 0.192767 -1 -0.165709 -1 -0.0296115 -0.213739 -0.190124 -1 0.0380469 -0.217989 -0.879537 0.139993 0.482765 -0.973012 -1 -0.0366132 -0.428641 0.631256 -0.903464 -0.316776 0.791912 0.965248 -1 0.7442 -1 0.392969 -0.420586 0.802141 -0.644613 0.477353 -0.988057 -1 -0.79971 -1 -1 0.00232853 -0.167657 0.399877 0.139863 0.455256 -0.673939 -0.653402 -0.122368 0.649352 -0.297826 0.842628 -0.159524 -0.84925 -0.491381 -0.566587 -0.914301 -0.319437 
-1 0.643242 -1 -0.957428 -0.978924 0.313045 0.26156 0.295507 -1 -0.153792 -0.809256 -0.162707 0.449997 0.886707 -1 0.488107 -1 -1 -1 -0.0365234 -1 -0.889297 -0.448385 -1 0.364158 -0.583225 -0.956137 -1 0.221821 -1 -1 -0.948259 -1 -1 -1 -0.926059 -0.585878 0.333048 -1 0.740747 0.344112 -0.946174 -1 -1 -0.855076 -0.519795 0.217161 -1 -0.964819 -1 -0.713382 1 -1 -0.716496 -1 -0.551572 -0.162796 -0.780658 -1 -0.296926 0.0571077 -1 -0.416711 -1 -1 -1 -0.316351 -1 -0.0664513 -1 -0.785982 -1 -1 -0.611852 -1 0.653092 -1 -0.198589 -1 -1 -0.330772 -0.301979 -1 -0.265968 -0.515502 -1 -0.919469 -0.367594 -0.758239 -0.61853 -0.71224 -1 1 0.342238 -1 -0.314422 0.528011 0.359367 0.817608 -0.970378 -0.0636904 -1 -1 -0.412411 -0.0822494 -1 
-1 0.643242 -0.538044 -0.957428 -0.978924 0.485087 0.415471 0.295507 -1 -0.153792 -0.809256 -0.162707 0.449997 0.886707 -1 0.583248 -0.71631 -1 -1 -0.0365234 -1 -1 -0.033622 -1 -0.0316694 -0.583225 -0.956137 -1 -0.321732 -1 -1 -0.948259 -1 -0.964173 -1 -1 -0.762405 0.333048 -1 0.740747 0.361624 -1 -1 -1 -0.855076 -0.519795 0.265539 -1 -0.964819 -1 -0.713382 1 -1 -0.543895 -1 -0.551572 -0.422516 -0.780658 -1 -0.296926 0.0571077 -1 -0.60609 -1 -1 -0.977288 -0.209207 -1 -0.518883 -1 -0.155739 -1 -1 -0.611852 -1 0.678861 -0.904649 -0.198589 -1 -1 -0.399405 -0.214713 -1 -0.0662824 -0.20195 -1 -0.822207 -0.502606 -0.758239 -0.688628 -0.71224 -0.833795 1 0.342238 -1 0.495142 0.528011 0.359367 0.68059 -0.859312 -0.0636904 -1 -1 -0.60679 -0.0822494 -1 
