-1 -0.389105 -1 0.956148 0.469496 -1 -0.374107 -1 -0.9709 1 -1 -0.690451 0.0347104 -0.210523 -0.250791 -0.47605 -0.332381 -1 -1 -1 -0.5857 -1 0.384227 -1 -1 -0.536307 0.628134 1 -1 0.0184994 -0.833117 -1 0.167668 -1 -1 -1 -1 -1 -1 -0.204406 -0.974827 -1 -0.303668 -1 0.258878 -1 -1 0.841118 -0.311248 -0.349629 0.463325 -0.559169 0.23356 0.797987 -1 -1 0.29709 -0.447768 -1 -1 -1 -1 -1 0.385662 -1 -0.960685 -1 -0.40848 0.349142 -1 -1 -0.904119 -1 -0.653155 -1 -0.998184 0.175629 -0.778646 -0.272646 -0.848708 -0.721244 -0.848324 -0.285387 -0.125597 -0.0290236 0.695788 -1 0.449233 0.551471 -0.538448 -0.413303 -1 -0.728016 -0.629225 0.224311 0.2292 -0.650328 -0.113927 -1 -0.847906 -1 -0.313557 0.11146 0.549723 -1 -1 -0.372351 -0.907887 -1 -1 -0.0558856 0.976281 -1 -1 -0.430027 -0.962284 1 -1 0.314581 -0.58212 -1 -1 
-1 -0.389105 -1 0.956148 0.469496 -1 -0.374107 -1 -0.9709 1 -0.443408 -0.690451 0.0193411 -0.210523 -0.250791 -0.526156 -0.332381 -1 -1 -1 -0.5857 -1 0.210307 -0.452873 -1 -0.928248 0.628134 1 -1 0.0184994 -0.833117 -1 0.167668 -1 -1 -1 -1 -0.107986 -0.72372 -0.204406 0.0482527 -1 -0.303668 -1 0.258878 -1 -1 0.841118 -0.311248 -0.3696 0.463325 -0.559169 0.23356 0.797987 -1 -1 0.29709 -0.642971 -1 -1 -1 -1 -1 1 -1 -0.960685 -0.690028 -0.40848 0.349142 -1 -1 -0.904119 -0.977141 -0.653155 -1 -0.998184 0.175629 -0.778646 -0.272646 -0.681736 -0.678409 -0.848324 -0.285387 -0.125597 -0.0290236 0.695788 -1 0.449233 0.551471 -0.538448 -0.413303 -1 -0.728016 -0.629225 0.224311 0.2292 -0.650328 -0.113927 -1 -0.847906 -1 -0.313557 0.11146 0.160887 -1 -0.903784 -0.372351 -0.907887 -1 -1 -0.0558856 0.976281 -1 -1 -0.430027 -0.962284 1 -1 0.314581 -0.58212 -1 -1 
-0.721715 -1 -1 0.956148 0.448308 -1 -1 -1 -1 0.862534 -1 -0.85279 -0.640078 0.220486 -0.250791 -0.526156 -1 -1 -1 -1 -1 -1 -0.732816 -1 -1 -1 0.628134 1 -1 0.0184994 -0.606581 -0.576278 -0.849066 -0.667325 -0.320912 -1 -1 0.333005 -0.279538 -0.204406 0.0482527 -1 -1 -0.677656 0.258878 -1 -1 0.519832 -0.426469 0.054105 1 -0.844094 0.23356 0.337827 -1 -1 0.310759 -0.642971 -1 -1 -1 -0.942345 -1 0.896387 -1 0.0370958 -0.0145059 -1 -0.276874 -0.535641 -0.920563 -0.904119 -0.299669 -0.651407 -1 -1 -0.0901304 -0.852441 -0.267744 0.317188 -0.678409 0.052325 -0.678044 -0.763591 -0.744284 0.90252 -1 -0.64542 1 0.939784 -0.413303 -0.888197 -0.703881 -0.629225 0.224311 -0.257298 -0.477896 -0.972627 -1 -0.0201367 -1 -0.616026 0.11146 0.362827 -0.982201 -0.513925 -0.372351 -1 -1 -1 -0.908455 0.976281 -0.721657 -0.766225 -0.655637 -0.684177 1 -1 0.341112 -0.58212 -1 -1 
-0.7715 -0.389105 -1 0.412666 0.723418 -0.665856 -0.510348 -1 -1 -0.326704 -0.443408 -0.85279 0.0193411 0.177581 -0.0435358 -1 -0.332381 -1 -1 -1 -0.5857 -1 0.445641 -1 -1 -1 0.836953 1 -0.796675 0.0184994 -0.606581 -1 -0.900524 -1 0.0255333 -0.97644 -1 0.333005 -0.449316 0.0192656 0.0482527 -0.937525 -0.229218 -0.677656 0.258878 -1 -0.552415 0.0692718 -0.334304 0.147517 1 0.873934 -0.950629 0.82178 -1 -0.65472 0.41821 -0.642971 -1 -1 -1 -0.902746 -1 0.896387 -0.604605 0.0370958 -0.270482 -0.687679 -0.247533 -0.605335 -1 -0.904119 -1 -1 -1 -0.998184 0.471486 -1 -0.17446 0.317188 -1 -0.199793 -0.332261 -1 -0.0290236 0.169866 -0.755083 0.276111 -0.0890146 0.939784 -0.413303 -0.888197 -0.703881 -1 0.224311 0.245772 -0.477896 -0.413596 -1 -0.783505 -1 -0.527262 0.501529 0.544469 -1 -0.513925 -0.372351 -0.93271 -0.913967 -1 -0.0558856 0.976281 -0.822442 -0.766225 -0.430027 -0.916324 0.743213 -1 0.341112 -0.58212 -1 -0.311009 
-0.47411 -0.726748 -0.133967 0.240485 0.709425 -0.857782 0.383796 -0.072207 -0.253219 -0.989192 0.799101 -1 -0.628513 -0.85178 -1 0.883717 0.12659 -0.289959 0.942894 -0.0441501 -0.427593 0.04284 0.289576 0.130424 0.477289 0.758054 0.375515 -0.677968 0.668487 -0.539759 -0.171806 0.53927 -0.118637 0.16379 -0.0629802 -0.925148 -1 0.24947 -0.820109 -0.617828 -0.588258 -0.388853 -0.11288 -1 0.251106 0.824108 -0.823142 -0.777354 0.12489 -0.8602 -0.65976 0.52139 -0.036163 -0.0772746 -0.743229 0.463429 0.0551342 0.651008 0.0260595 0.286518 -1 0.294561 0.389162 -0.245529 0.0118754 -0.654652 0.553209 -0.214253 -0.378408 0.000388145 -0.772895 0.219502 -0.716815 -0.165917 0.188359 -0.65291 0.884825 -1 -0.582132 0.055868 -1 0.618694 -0.812065 0.51173 0.0969319 -0.481412 0.636113 0.638178 0.997111 -0.808503 -0.725282 -0.516797 -0.191408 0.244372 0.158712 0.0103282 -0.190769 0.547221 0.134156 0.593217 0.521963 0.140351 0.548318 0.90811 -0.372162 0.401362 0.921704 -0.234628 0.366649 -0.359184 0.794364 -0.340339 -0.595471 -0.486912 -1 -0.208068 -0.411663 0.267051 0.779523 -0.965343 0.891963 -0.443859 
-0.7715 -0.389105 -1 0.956148 0.469496 -1 -0.510348 -1 -1 0.764511 -0.443408 -0.85279 0.0193411 0.177581 -0.250791 -0.526156 -0.332381 -1 -1 -1 -0.5857 -1 0.210307 -0.395408 -1 -1 0.628134 1 -1 0.0184994 -0.606581 -0.465805 0.0961185 -1 -0.304388 -1 -1 0.333005 -0.279538 -0.204406 0.0482527 -1 -0.229218 -0.677656 0.258878 -1 -0.867979 0.519832 -0.334304 0.584619 0.869495 0.873934 0.23356 0.797987 -1 -1 0.41821 -0.642971 -1 -0.903315 -1 -0.942345 -1 0.896387 -0.604605 0.0370958 -0.270482 -0.40848 0.762172 -0.501015 -1 -0.904119 -0.299669 -0.653155 -1 -0.998184 0.528065 -0.778646 -0.267744 0.317188 -0.678409 0.137367 -0.285387 -0.125597 -0.0290236 0.90252 -1 0.276111 0.957626 0.939784 -0.413303 -0.888197 -0.703881 -0.629225 0.224311 0.245772 -0.477896 -0.413596 -0.721961 -0.277137 -1 -0.19513 0.11146 0.160887 -0.982201 -0.513925 -0.372351 -0.907887 -1 -1 -0.0558856 0.976281 -0.721657 -0.766225 -0.430027 -0.684177 1 -1 0.341112 -0.58212 -1 -0.311009 
-0.7715 -0.389105 -1 0.412666 0.723418 -0.665856 -0.510348 -1 -1 -0.69253 -0.443408 -0.85279 0.0193411 0.177581 -0.332628 -0.615403 -1 -1 -0.940209 -1 -0.5857 -1 0.445641 -0.791271 -1 -1 0.836953 1 -0.796675 0.0184994 -0.606581 -0.629621 -0.900524 -1 0.0255333 -1 -1 0.333005 -0.449316 0.386038 0.0482527 -1 -0.229218 -0.677656 0.258878 -1 -0.552415 0.0692718 -0.334304 0.147517 0.710128 0.182233 -0.950629 0.82178 -1 -0.65472 0.00985819 -0.642971 -1 -1 -1 -0.902746 -1 0.896387 -0.604605 0.0370958 -0.270482 -0.687679 -0.247533 -0.869727 -1 -0.904119 -1 -1 -1 -0.998184 0.471486 -1 -0.17446 0.317188 -1 -0.199793 -0.332261 -1 -0.0290236 0.169866 -0.755083 0.276111 -0.0890146 0.939784 -1 -0.888197 -1 -1 0.224311 0.245772 -0.477896 -0.413596 -1 -0.783505 -1 -0.527262 0.501529 0.544469 -1 -0.513925 -0.372351 -0.93271 -0.913967 -1 0.0986181 0.976281 -0.822442 -0.766225 -0.201356 -0.916324 0.743213 -1 0.341112 -0.58212 -1 -0.257681 
-0.425632 -0.825981 -0.348845 0.450754 0.324905 0.711833 -0.50995 0.974138 0.452037 -0.786483 -0.175438 0.536344 0.897873 -0.843255 0.354553 -0.99561 0.529746 -0.979443 -0.656503 0.637091 0.432547 -0.264283 -0.374275 -0.565037 0.335006 0.00394404 0.574776 0.210994 -0.789016 0.652395 -0.473096 0.528179 -0.959199 -1 0.474814 0.373264 -0.900228 0.138857 -0.825062 -0.702836 0.751463 -0.310921 -0.398305 -0.96068 1 0.104173 -0.261187 -0.252853 -0.73532 0.791672 0.77237 0.383087 0.0460807 -0.346279 -0.784421 -0.562924 -0.640504 -0.481068 -0.33064 -0.32036 0.00615826 -0.546606 0.522055 0.517076 -0.493814 -0.178715 0.390638 -0.0208567 0.149331 0.0387416 -0.107642 -0.350971 0.126651 0.906779 -1 -0.981703 -0.823063 -1 0.0532091 -0.585372 0.951784 -0.971309 0.488242 -0.114838 0.0383004 0.286605 0.296215 -0.270331 -0.576555 0.366809 0.23348 -1 -0.151373 -0.0538374 -0.803923 0.971173 0.624179 0.776699 0.955022 -0.854752 0.758709 0.907737 0.888744 -0.143115 -0.688468 -0.0826267 0.0103391 0.615472 0.101008 -0.334064 0.733867 0.600883 0.518771 -0.0334237 0.765629 0.376604 -1 -0.428194 -0.873766 0.828984 -0.608258 -0.856436 
-0.625844 -0.389105 -1 0.956148 0.448308 -1 -0.70843 -1 -1 0.191024 -0.443408 -0.85279 0.025444 0.177581 -0.250791 -1 -0.815393 -1 -1 -1 -0.94497 -1 -0.144427 -0.395408 -1 -1 0.628134 1 -1 0.272445 -0.606581 -0.465805 -0.997126 -1 -1 -1 -1 0.333005 -0.808643 -0.204406 -1 -1 -0.778059 -0.677656 0.258878 -1 -0.867979 -0.948045 -1 0.054105 -0.160098 0.873934 -0.845092 -0.912578 -1 -1 0.41821 -0.642971 -1 -1 -1 -0.942345 -1 0.896387 -0.604605 0.0370958 -0.270482 -0.40848 0.128559 -0.501015 -1 -0.904119 -0.299669 -1 -1 -0.998184 0.297449 -0.852441 -0.267744 0.457987 -1 -0.745703 -1 -0.125597 -0.0290236 0.90252 -1 0.276111 0.957626 0.939784 -0.413303 -0.888197 -1 -0.629225 -0.045083 0.319659 -0.477896 -1 -1 -0.0201367 -1 -0.19513 -0.650174 0.515496 -0.982201 -1 -0.372351 -1 -1 -1 -0.0558856 0.976281 -0.721657 -0.766225 -0.299745 -0.684177 1 -1 0.341112 -0.58212 -1 -0.645278 
-0.47411 -0.42343 -0.133967 0.240485 0.709425 -0.857782 -0.0170786 -0.072207 -0.253219 -1 0.799101 -1 -0.628513 -0.85178 -1 0.883717 0.12659 -0.289959 1 -0.148612 -0.427593 0.04284 0.289576 0.130424 0.477289 0.758054 0.375515 -0.677968 0.343579 -0.539759 -0.631465 -0.279892 -0.118637 0.16379 -0.0629802 -0.925148 -0.942994 0.168027 -1 -0.617828 -0.588258 -0.388853 -0.11288 -1 0.251106 0.824108 -0.823142 -0.683838 0.12489 -0.8602 -0.415227 0.52139 -0.036163 -0.0772746 -0.743229 -0.15318 0.0551342 0.651008 0.0260595 0.286518 -1 0.294561 0.389162 -0.245529 0.0118754 -0.654652 0.715511 -0.214253 -0.378408 0.000388145 -0.772895 0.219502 -0.716815 -0.165917 0.188359 -0.65291 0.884825 -1 -0.877895 0.055868 -1 0.618694 -0.812065 0.51173 0.0461414 -0.481412 0.636113 -0.394395 0.997111 -0.808503 -0.725282 -0.516797 -0.191408 -0.800314 0.158712 0.0103282 -0.190769 0.547221 0.134156 0.593217 0.0686626 0.0313551 0.548318 0.294635 -1 0.401362 0.921704 -0.234628 0.366649 -0.359184 0.794364 -0.340339 -0.595471 -0.486912 -1 -0.208068 -0.411663 0.267051 0.779523 -0.965343 0.891963 -0.443859 
-1 -0.389105 -1 0.956148 0.728082 -1 -0.753669 -1 -1 0.989297 -1 -0.690451 -1 -0.210523 -0.250791 -0.47605 -0.332381 -1 -1 -1 -0.5857 -1 0.384227 -1 -1 -0.536307 0.628134 1 -1 0.0184994 -0.833117 -1 0.167668 -1 -1 -1 -1 -1 -1 -0.204406 -0.974827 -1 -0.303668 -1 0.258878 -1 -1 1 -0.311248 -0.349629 0.463325 -0.559169 0.23356 0.797987 -1 -1 -0.174505 -0.447768 -1 -0.975643 -1 -1 -1 0.777725 -1 -0.960685 -1 -0.40848 0.349142 -1 -1 -0.904119 -1 -0.653155 -1 -0.998184 0.0919853 -0.778646 -0.272646 -0.848708 -0.721244 -0.848324 -0.285387 -0.125597 -0.0290236 0.695788 -1 -0.167753 0.551471 -1 -0.413303 -1 -1 -0.629225 0.224311 0.2292 -0.650328 -0.113927 -1 -1 -1 -0.313557 -0.0316021 0.549723 -1 -1 -0.372351 -0.907887 -1 -1 -0.0558856 0.976281 -1 -1 -0.430027 -0.962284 1 -1 0.314581 -0.58212 -1 -1 
-1 -0.389105 -1 0.956148 0.231756 -1 -0.293812 -1 -1 0.961803 -0.104644 -0.908078 -0.689959 -0.874252 0.0394684 -0.526156 -0.332381 -1 -0.693035 -1 -0.5857 -1 0.210307 -0.452873 -1 -0.975126 0.285474 1 -1 -0.687122 -0.833117 -1 -0.277427 -1 -1 -1 -1 -0.534532 -0.885006 -1 0.0482527 -1 -1 -1 0.145805 -1 -1 0.841118 -0.311248 -0.600136 0.277215 0.503693 0.23356 -0.397854 -1 -1 0.606235 -0.642971 -1 -1 -1 -0.942345 -1 1 -0.604605 -0.881642 -0.270482 -0.199307 0.715877 -1 -1 -0.904119 -0.114255 -0.655184 -1 -0.660632 0.747978 -0.778646 -0.267744 -0.681736 -1 -1 -0.285387 -0.125597 -0.0290236 1 -1 -0.68108 -0.423006 -0.538448 -0.413303 -1 -0.471801 -0.629225 0.224311 0.276908 -0.650328 -0.413596 -1 -0.453476 -1 -0.465691 0.249914 0.160887 -1 -1 -0.155889 -0.907887 -1 -1 -0.0558856 1 -0.816804 -1 -0.430027 -0.627919 1 -1 0.123635 -0.58212 -1 -1 
0.673402 -0.726748 -0.133967 0.240485 0.709425 -0.857782 0.383796 -0.072207 -0.426631 -0.989192 0.799101 -1 -0.628513 -0.85178 -0.455334 0.883717 0.12659 -0.289959 0.942894 -0.0441501 0.738145 0.0329098 0.933776 0.580757 0.477289 0.758054 0.375515 -0.677968 0.668487 -0.828811 -0.171806 0.53927 0.174741 0.16379 -0.0629802 -0.631479 -0.981281 0.24947 -0.609197 -0.617828 -0.588258 -0.388853 -0.11288 -1 0.251106 0.824108 -0.0331248 -0.777354 0.12489 -0.8602 -0.65976 0.52139 -0.036163 -0.0772746 -0.743229 0.463429 0.0551342 0.282428 -0.0948992 0.286518 -1 0.294561 0.389162 -0.245529 0.0118754 -0.654652 0.553209 -0.214253 -0.378408 0.983961 -0.772895 0.550529 -0.716815 -0.165917 0.188359 -0.65291 0.884825 -0.276327 -0.0541751 0.433819 -1 0.618694 -0.812065 0.51173 0.0969319 -0.481412 0.636113 0.638178 0.997111 -0.56799 -0.725282 -0.516797 -0.191408 0.189509 0.158712 0.66975 -0.190769 0.547221 0.134156 0.593217 0.521963 0.140351 0.548318 0.90811 -0.372162 0.401362 0.921704 -0.234628 0.366649 -0.359184 0.794364 -0.340339 -0.595471 -0.486912 -0.889005 -0.208068 -0.411663 0.267051 0.779523 0.0687089 0.891963 -0.443859 
-0.47411 -0.726748 -1 -0.789884 0.709425 -0.857782 0.383796 -0.072207 -0.253219 -0.989192 0.799101 -1 -0.628513 -0.85178 -1 0.883717 0.12659 -0.289959 0.942894 -0.0441501 -0.427593 -1 0.289576 0.130424 0.477289 0.758054 0.442575 -1 0.668487 -0.539759 -0.171806 0.53927 -0.118637 0.16379 -0.0629802 -1 -1 0.24947 -0.531145 -0.7349 -0.588258 -0.388853 -0.11288 -1 0.268934 0.478445 -0.823142 -0.990975 0.12489 -0.486049 -1 -0.528831 -0.036163 -0.0772746 -0.743229 0.463429 0.0551342 0.651008 0.0260595 0.286518 -1 0.412713 0.389162 -0.245529 0.0118754 -1 0.553209 -0.214253 -0.378408 0.000388145 -0.772895 -0.830856 -0.716815 -0.165917 0.188359 -0.65291 0.884825 -0.813059 -0.844234 0.055868 -1 0.618694 -0.812065 0.725758 -1 -1 0.636113 -0.229442 0.997111 -0.808503 -1 -0.516797 -0.0131518 0.244372 0.158712 0.0103282 -0.190769 0.547221 0.310776 -0.258777 0.521963 0.140351 0.103612 0.90811 -0.372162 0.401362 0.921704 -0.234628 0.366649 -0.359184 0.794364 -0.340339 -0.595471 -0.486912 -1 -0.208068 -0.411663 0.267051 0.779523 -1 0.891963 -0.443859 
-0.425632 -0.825981 -0.348845 0.450754 -0.578689 0.711833 -0.50995 -0.138041 0.452037 -0.786483 0.0979501 0.761392 -0.0929843 -0.843255 0.354553 -0.99561 0.529746 -0.979443 -0.656503 0.735135 0.432547 -0.264283 -0.374275 -0.565037 0.335006 0.28001 0.574776 0.210994 -0.789016 0.652395 -0.473096 0.528179 -0.959199 -1 0.474814 0.373264 -1 0.138857 -1 -0.702836 0.751463 -0.310921 -0.398305 -1 1 0.104173 -0.261187 -0.252853 -0.73532 1 0.0993997 0.383087 0.0460807 -0.346279 -0.784421 -0.562924 -0.640504 -0.481068 -0.33064 -0.49725 0.00615826 -0.546606 0.522055 0.517076 -0.493814 -0.178715 0.390638 -0.0208567 0.149331 0.0387416 -0.107642 -1 0.126651 0.906779 -1 -0.981703 -1 -1 0.0532091 -0.585372 0.951784 -0.971309 0.488242 -1 0.0383004 0.286605 0.296215 -0.289469 -0.576555 0.366809 0.23348 -1 -1 -0.0538374 -0.459051 0.305052 0.624179 0.776699 0.955022 -0.854752 0.758709 0.907737 0.888744 -0.143115 -0.531112 -0.0826267 0.0103391 -0.563124 0.101008 -0.334064 0.733867 0.600883 0.518771 -1 0.765629 0.376604 -1 -0.428194 -0.692142 0.63339 -0.608258 -0.856436 
0.37613 0.766754 -0.395547 -1 0.359332 -0.435177 -0.336065 0.974361 -0.908885 -0.893158 0.0988395 -1 -0.39073 -0.881266 -0.334862 -1 -0.58595 0.219851 0.153125 0.751267 -1 -1 -1 0.3643 -0.265539 -0.806718 -1 -0.266387 0.639719 0.432066 -1 0.80489 0.871629 -1 0.415473 -0.727383 -0.824363 0.0232755 -0.0737747 -0.713741 0.850033 0.526927 1 0.390925 -0.850965 -0.466991 -0.342203 0.224213 -1 -0.270606 -1 -0.537343 -1 -0.320245 -1 -1 0.654062 0.531433 0.919518 0.575289 0.847467 -1 -0.231453 -1 -1 -0.799471 -0.392624 0.425624 -0.0227657 -0.403963 -0.553454 0.630061 0.168509 -0.870247 -1 0.956505 0.393289 -0.506967 -0.301074 -0.703118 -1 -1 0.719611 -0.693978 -1 0.378222 -0.760778 -0.216887 -0.691478 -1 -0.591038 -0.779386 -0.738017 -0.243066 -0.482471 0.892007 -1 -1 -0.0679407 -0.0432999 -0.756287 -1 -0.0265939 0.430463 0.563336 -0.554128 0.819575 -0.96352 -0.549417 -0.277176 -0.655062 0.731901 -0.408177 1 -0.180139 -0.972679 -0.618367 -0.437774 -0.108624 -1 0.596128 -0.723478 
-1 -0.389105 -1 0.956148 0.339772 -1 -0.989202 -1 -1 0.961803 -0.104644 -1 -0.689959 -0.874252 0.0394684 -0.526156 -0.434493 -1 -0.693035 -1 -0.5857 -1 0.60784 -0.66259 -1 -0.928248 0.628134 1 -1 -0.687122 -0.833117 -1 -0.240496 -1 -1 -1 -0.969692 -0.534532 -1 -1 0.0482527 -1 -1 -1 0.145805 -0.869786 -1 0.841118 -0.311248 -0.600136 0.277215 0.503693 0.23356 -0.397854 -1 -1 0.606235 -0.642971 -1 -1 -1 -1 -1 0.86752 -0.604605 -0.881642 -0.270482 -0.256425 0.715877 -1 -1 -0.904119 -1 -0.655184 -1 -0.660632 0.747978 -0.778646 -0.267744 -0.681736 -1 -1 -0.285387 -0.695151 -0.0290236 1 -1 -1 -0.931824 -0.485865 -0.413303 -1 -1 -0.728889 0.224311 -0.0920815 -0.650328 -0.413596 -1 -0.580589 -1 -0.465691 0.249914 -0.56582 -1 -1 -0.377934 -0.907887 -1 -1 -0.0558856 1 -0.816804 -1 -0.430027 -0.627919 1 -1 0.123635 -0.58212 -1 -1 
-1 -1 -1 -0.0696318 -0.433028 -0.971051 -0.262307 -1 -1 -0.256404 -1 -1 -1 -0.31713 -0.935241 -0.437393 -1 -1 -1 -1 -0.884327 -1 -1 -0.683144 -1 -1 -1 0.668616 -1 -1 -1 -0.943802 0.193005 -0.879459 -0.930194 -0.670228 -1 -0.698586 -1 -1 -1 -1 -1 -1 -0.758958 -1 -0.852022 0.136328 -0.390078 -1 0.451184 0.0646525 -0.175252 -0.678877 -1 -0.945592 -0.585518 -1 -0.84324 -1 -1 -1 -1 0.634349 -0.663787 -0.0957039 -1 -1 -0.863009 -0.77817 -0.87231 -1 -0.187767 -0.653155 -0.671124 -1 0.917545 -1 -1 0.326621 -1 -0.582608 -0.983716 -0.123944 -0.577174 0.136414 -0.996621 -1 0.944167 0.939784 -1 -0.863152 -1 -1 -0.35544 -1 -0.688667 -0.982488 -1 -0.807757 -1 -0.307455 -1 0.142375 -1 -0.364462 -0.895338 -1 -0.756917 -1 -1 0.909093 -0.734174 -1 -1 -0.871042 0.123213 -1 0.158675 -1 -0.955816 -0.949658 
0.37613 0.490879 0.324396 -1 0.359332 -0.435177 -0.417238 0.856921 -0.908885 -0.893158 0.0988395 -1 -0.39073 -0.881266 -0.334862 -0.613482 -0.58595 0.761722 0.487192 0.751267 -0.968865 -0.449198 -0.103942 0.0404744 -0.265539 -0.806718 -1 -0.197562 0.639719 0.432066 -0.401364 0.80489 0.862804 -1 0.851672 -0.727383 -1 0.103821 -0.216188 0.156739 0.529436 0.526927 0.966604 0.226502 -0.850965 -0.79702 -0.342203 0.224213 -1 -0.270606 -1 -0.537343 -1 -0.320245 -1 0.0422807 0.877933 1 0.919518 0.575289 0.847467 -1 -0.341139 -1 -0.76733 -0.799471 0.265156 0.425624 -0.0227657 0.668262 -0.553454 0.630061 0.168509 -0.728371 -1 0.956505 0.393289 -0.506967 -0.301074 -0.323056 -0.390214 -1 0.719611 -0.693978 -0.821889 0.378222 -0.760778 -0.216887 0.0991363 -1 -0.591038 0.309649 0.178935 0.904483 -0.482471 0.892007 -1 -0.900352 -0.0679407 -0.0432999 -0.756287 -1 0.684713 0.430463 0.563336 -0.554128 0.819575 -0.96352 -0.549417 -0.277176 -0.655062 0.731901 -0.322312 1 -0.180139 -0.972679 -0.618367 -0.437774 0.659402 -0.652792 0.596128 -0.723478 
-0.470093 -0.825981 -0.348845 0.450754 -0.578689 0.790729 -0.50995 -0.787164 0.452037 -1 0.0979501 0.761392 -0.0929843 -0.843255 0.354553 -0.99561 0.529746 -0.979443 -0.656503 -0.38143 0.432547 -0.264283 -0.374275 -0.565037 0.335006 0.28001 0.574776 0.210994 -0.789016 0.652395 -0.473096 -0.540752 -0.959199 -1 0.474814 0.373264 -1 0.138857 -1 -1 0.751463 -0.310921 -0.398305 -1 1 0.104173 -0.261187 -0.252853 -0.73532 1 0.11405 0.383087 0.0460807 -0.346279 -0.784421 -0.562924 -0.640504 -0.671873 -0.33064 -0.49725 0.00615826 -0.546606 0.522055 -0.304099 -0.493814 -0.178715 0.390638 -0.0208567 0.149331 -0.72962 -1 -1 -0.924537 0.717963 -1 -1 -1 -1 0.0532091 -0.585372 0.951784 -0.971309 0.488242 -1 0.0383004 0.286605 0.296215 -0.289469 -0.576555 0.366809 0.23348 -1 -1 -0.0538374 -0.459051 0.305052 0.624179 0.776699 0.955022 -1 0.758709 0.907737 0.888744 -0.143115 -0.531112 -0.0826267 -0.31869 -0.88602 0.101008 0.0593499 0.733867 0.600883 0.649588 -1 0.765629 0.298974 -1 -0.342548 -0.692142 0.63339 -0.608258 -0.856436 
-1 -0.389105 -0.694702 0.956148 0.13396 -1 -0.389532 -1 -1 1 -0.443408 -0.690451 0.0193411 -0.867542 -0.250791 -0.526156 -0.332381 -1 -1 -1 -0.5857 -1 -0.0659531 -0.452873 -1 -0.928248 0.628134 1 -1 0.0184994 -0.833117 -1 0.167668 -1 -0.92257 -0.662409 -1 -0.107986 -0.363708 -0.204406 -0.408833 -1 -0.303668 -1 0.258878 -1 -1 0.841118 -0.311248 -0.3696 0.463325 -0.559169 0.100922 0.797987 -1 -1 0.29709 -0.642971 -1 -1 -1 -1 -0.804069 1 -1 -1 -0.690028 -1 0.349142 -1 -1 -1 -0.977141 -0.653155 -1 -1 0.175629 -0.778646 -0.636549 -0.681736 -0.678409 -0.848324 -0.285387 -0.125597 -0.0290236 0.695788 -1 0.449233 0.551471 -0.599026 -0.413303 -1 -0.728016 -0.337214 -0.508735 -0.19635 -0.650328 -0.113927 -1 -1 -1 -0.313557 0.11146 0.160887 -1 -1 -0.372351 -0.907887 -1 -1 -0.0558856 0.22364 -1 -1 -0.430027 -0.962284 1 -1 0.314581 -0.58212 -1 -1 
-1 -0.713156 -1 0.956148 0.231756 -1 -0.293812 -1 -1 0.961803 -0.212746 -0.908078 -0.689959 -0.874252 0.0394684 -0.682915 -0.332381 -1 -0.693035 -1 -0.5857 -1 0.368333 -0.817989 -1 -1 0.285474 1 -1 -1 -0.833117 -1 -0.277427 -1 -1 -0.692802 -1 -0.534532 -0.542182 -1 0.0482527 -1 -1 -1 0.145805 -1 -1 0.841118 -0.311248 -1 0.277215 0.503693 0.23356 -0.397854 -1 -0.988799 0.606235 -0.642971 -1 -1 -1 -0.942345 -1 1 -0.604605 -0.881642 -1 -0.199307 0.715877 -1 -0.692657 -0.904119 -0.114255 -0.811012 -1 -0.660632 0.747978 -0.778646 -0.213021 -0.681736 -1 -1 -0.285387 -0.125597 -0.0290236 1 -1 -0.68108 -0.423006 -0.897708 -0.413303 -1 -0.471801 -0.629225 0.224311 -0.713491 -0.650328 -0.413596 -1 -0.453476 -1 -0.465691 0.169482 0.437378 -1 -1 -0.230085 -0.907887 -1 -1 -0.0558856 1 -0.816804 -1 -1 -0.857545 0.728795 -1 0.123635 -0.58212 -1 -0.978833 
-0.644812 -0.286695 -0.231253 0.59005 -0.179916 -0.614852 -0.47811 0.147948 0.601367 -0.985101 0.286747 0.100827 -0.966408 -0.272565 -0.320877 -0.792042 -0.354425 0.135037 0.340665 0.12262 0.469538 0.616804 0.611724 -0.3912 -0.734988 0.137132 -0.965225 -0.628064 -0.275674 0.203122 0.135889 -0.746988 0.933875 0.691178 0.286251 -0.196784 0.67319 0.62874 -1 -0.651052 1 0.771759 -0.491775 0.694231 -0.941473 0.89932 0.324989 0.801427 -1 0.114333 0.397832 -0.327437 0.367555 -0.503411 0.466343 -0.814978 0.463829 0.505348 0.973465 0.50711 -0.878066 -0.0280443 0.696812 -1 -0.636366 0.794762 -0.657637 0.110883 -0.218 -0.633915 -0.718062 0.798829 0.454673 0.416261 0.147893 -0.60089 -0.00242603 -1 0.244917 -0.492879 0.140333 -0.242443 -0.456009 0.560481 0.105282 0.151657 0.478382 -0.121031 0.620867 0.404834 -0.0513869 -1 -0.71518 -0.194662 0.53748 0.718251 -0.928973 -0.721708 -0.226995 -0.536414 -0.402081 0.693513 -0.116051 0.932025 -1 0.27444 -0.693056 -0.852028 0.383955 1 -0.123636 0.284829 0.639772 -0.952696 -1 0.499033 0.524047 0.986442 0.256408 0.572083 0.705838 -0.433829 
-0.425632 -0.825981 -0.348845 0.450754 0.324905 0.724513 -0.50995 0.974138 0.452037 -0.786483 -0.958873 0.536344 0.897873 -0.843255 0.354553 -0.99561 0.529746 -0.979443 -0.656503 0.637091 0.432547 -0.264283 -1 -0.565037 0.335006 0.00394404 0.574776 0.210994 -0.789016 0.652395 -0.473096 -0.373059 -0.959199 -1 0.474814 0.373264 -1 0.138857 -0.825062 -0.702836 0.751463 -0.310921 -0.398305 -0.96068 1 0.104173 -0.261187 -0.252853 -0.73532 0.791672 0.77237 0.383087 0.0460807 -0.302372 -0.784421 -0.562924 -0.640504 -0.481068 -0.33064 -0.0342228 0.00615826 -0.546606 0.522055 0.517076 -0.493814 -0.178715 0.390638 -0.0208567 0.149331 0.0387416 -0.107642 -0.350971 0.126651 0.906779 -1 -0.981703 -0.823063 -1 0.0532091 -0.585372 0.951784 -0.971309 0.488242 -0.114838 0.0383004 0.286605 0.296215 -0.567791 -0.576555 0.366809 0.23348 -1 -0.151373 -0.0538374 -0.803923 0.971173 0.624179 1 0.955022 -0.854752 0.288235 0.907737 0.888744 -0.143115 -0.688468 -0.0826267 0.0103391 0.615472 0.101008 -1 -0.253091 0.600883 0.518771 0.0926017 0.765629 0.376604 -0.678064 -0.428194 -1 0.757437 -0.608258 -1 
0.697086 -0.205481 0.0514967 -1 0.23806 -0.435177 -0.417238 -0.641751 -0.908885 -0.893158 -1 -1 -0.750115 -0.881266 -0.612126 -0.613482 -1 0.85077 0.487192 0.306177 -0.638381 -1 0.0466233 -1 -0.265539 -0.806718 -1 -0.738894 -0.464162 0.432066 -0.401364 0.208223 0.862804 -1 0.921102 -0.727383 -1 0.103821 -0.216188 -0.39603 0.529436 0.526927 0.0945593 0.226502 -0.850965 -0.602397 -0.053613 0.224213 -0.314503 -1 -1 -0.537343 0.0968797 -0.54717 -1 -0.358151 1 -0.357291 -0.728675 -0.483932 0.611718 -1 -0.341139 -1 -1 -0.799471 0.351413 0.425624 -0.156452 0.668262 -0.553454 -0.290345 -0.483029 -1 -1 0.956505 -0.712651 -0.814943 -0.301074 -0.323056 -0.390214 -1 -0.197196 -1 -1 -1 -0.760778 -0.6635 0.641768 -1 -0.591038 -0.389476 -0.295214 0.904483 -0.482471 0.892007 -1 -0.509668 -0.0679407 -0.0420143 -0.756287 -1 -0.37334 0.430463 -0.0339478 -1 0.819575 -0.96352 -0.549417 -0.277176 -1 0.587371 -0.322312 0.973869 -0.180139 -0.780131 -0.618367 -0.437774 0.659402 -0.652792 0.264128 -0.642843 
0.354752 -0.825981 -0.348845 0.450754 0.699192 0.711833 -0.50995 0.974138 0.452037 -0.786483 -0.175438 0.536344 0.897873 -0.843255 0.354553 -0.99561 0.529746 -0.979443 -0.656503 0.637091 0.0709994 -0.264283 0.551885 -0.565037 0.335006 0.00394404 0.574776 0.210994 -0.789016 0.652395 -0.473096 0.528179 -0.959199 -1 0.474814 0.373264 -0.900228 0.138857 -0.825062 0.315025 0.751463 -0.310921 -0.398305 -0.158676 0.781403 0.104173 -0.261187 -0.252853 -0.73532 0.791672 0.770216 0.383087 0.0460807 -0.346279 -0.784421 -0.562924 -0.640504 -0.481068 -0.33064 0.377042 0.00615826 -0.546606 0.522055 0.517076 -0.678929 -0.178715 0.390638 -0.235752 0.149331 0.0387416 -0.107642 -0.350971 -0.200493 0.906779 -1 -0.981703 0.184572 -0.766608 0.0532091 -0.585372 0.951784 -0.971309 0.488242 -0.114838 0.0383004 0.286605 0.296215 -0.270331 -0.576555 0.366809 0.23348 -0.238098 -0.151373 -0.0538374 -0.788374 0.971173 0.624179 0.776699 0.955022 -0.854752 0.758709 0.907737 0.888744 -0.143115 -0.688468 -0.0826267 0.0103391 0.615472 0.856201 -0.165385 0.733867 0.600883 0.518771 -0.0334237 0.765629 0.376604 -0.652748 -0.428194 -0.962627 0.776914 -0.608258 -0.0984058 
0.673402 -0.726748 -0.133967 0.240485 0.709425 -0.857782 0.383796 -0.072207 -0.426631 -0.989192 0.799101 -1 -0.603849 -0.85178 -0.455334 0.883717 0.12659 -0.289959 0.942894 -0.0441501 0.738145 0.0329098 0.933776 0.580757 0.477289 0.758054 0.375515 -0.677968 0.668487 -0.828811 -0.171806 0.53927 0.174741 0.16379 -0.0629802 -0.631479 -0.981281 -0.646274 -0.609197 -0.617828 -0.588258 -1 -0.11288 -1 0.251106 0.824108 -0.0331248 -0.777354 0.12489 -0.8602 -0.65976 0.52139 -0.036163 -0.844981 -0.743229 0.463429 0.0551342 0.282428 -0.0948992 0.286518 -1 0.294561 0.389162 -0.245529 0.0118754 -0.989577 0.553209 -0.214253 -0.378408 0.497433 -0.772895 0.550529 -0.716815 -1 0.188359 -0.65291 0.884825 -0.565411 -1 0.433819 -0.855695 0.618694 -0.683109 0.51173 0.0969319 -0.481412 0.636113 -0.116736 0.370372 -0.56799 -0.725282 -0.516797 -0.191408 0.189509 -0.750534 0.925979 -0.303759 0.547221 0.134156 -0.451468 0.521963 0.140351 0.548318 0.90811 -0.372162 0.401362 0.921704 -0.234628 0.366649 0.00244763 0.794364 -0.340339 -0.595471 -0.486912 -1 -1 -0.411663 0.267051 0.779523 0.0687089 0.477674 -0.443859 
-0.47411 -0.726748 -1 -0.789884 0.548238 -0.857782 0.383796 -0.072207 -0.253219 -0.989192 0.799101 -1 -0.628513 -0.85178 -1 0.883717 0.12659 -0.289959 0.942894 -0.0441501 -0.427593 -1 0.289576 0.130424 0.425507 0.758054 0.461138 -1 0.668487 -0.539759 -0.171806 0.53927 -0.118637 0.16379 -0.0629802 -1 -1 0.24947 -0.531145 -0.7349 -0.334639 -1 -0.11288 -1 0.268934 0.478445 -0.823142 -1 0.12489 -1 -1 -0.528831 -0.036163 -0.0772746 -0.743229 -0.35447 -0.511358 0.651008 0.0260595 0.286518 -1 0.412713 0.389162 -0.245529 0.0118754 -1 -0.263567 -0.865497 -0.378408 0.000388145 -0.772895 -1 -0.716815 0.185246 0.188359 -0.65291 0.884825 -0.436934 -0.844234 0.055868 -1 -0.404195 -0.812065 0.725758 -1 -1 -0.307756 -0.229442 0.997111 -0.808503 -1 -0.516797 -0.0283845 0.244372 0.145783 0.0103282 -0.903153 0.547221 0.310776 -0.258777 0.521963 0.140351 -0.587038 0.90811 -0.372162 0.401362 0.921704 -1 0.366649 -0.359184 0.794364 -1 -0.595471 -0.486912 -1 -0.208068 -0.438653 0.267051 0.779523 -1 0.891963 -0.443859 
-0.913745 -0.264505 -0.737364 0.957175 0.848717 0.691321 0.595108 -0.280974 -0.463971 -0.369821 0.602487 -0.873796 0.706712 0.251146 -0.563053 0.9473 0.654476 0.0057621 0.798317 -0.557025 0.602272 -0.709782 -0.799291 0.303014 -0.905487 -0.117542 0.222237 -0.66918 -0.497504 0.686458 0.871663 -0.56787 0.329089 -0.878431 -0.93814 0.183746 0.435568 -0.413244 0.153635 -0.849637 -0.216003 -0.961747 0.662121 0.0188493 0.734784 -0.236987 0.323086 0.940116 -0.160358 -0.0883884 0.615716 0.132266 -0.276037 -0.317554 -0.825047 -0.871958 -0.853313 -0.155408 0.198233 0.569572 0.945868 0.53861 0.715323 -0.305888 -0.295585 0.4927 -0.552677 0.25737 0.782299 -0.71823 0.793635 0.665352 -0.718498 0.363391 -0.830675 -0.742496 -0.138087 -0.914282 -0.936644 0.775076 -0.650931 -0.248398 -0.674133 -0.885827 0.90744 0.182912 -0.573554 -0.0590772 0.337323 -0.108537 0.468546 0.323839 0.101454 0.671921 -0.107806 -0.389989 -0.715492 -0.267002 0.714348 0.0519077 -0.431826 0.781696 0.652099 0.777532 -0.844203 0.405344 -0.511184 0.921722 -0.795491 -0.660405 -0.798389 -0.142132 -0.350879 0.121738 -0.702728 -0.81421 -0.360867 0.877271 0.729777 0.481873 0.0585865 0.805258 
-0.15292 -1 -0.133967 0.240485 0.709425 -0.857782 0.383796 -0.545145 -0.0780421 -0.989192 0.799101 -1 -0.603849 -0.85178 -0.455334 0.883717 0.12659 -0.289959 0.942894 -0.0441501 0.738145 0.0329098 0.933776 0.580757 0.477289 0.758054 0.375515 -0.947257 0.668487 -0.828811 -0.171806 0.53927 0.174741 0.16379 -0.860865 -0.631479 -0.981281 -0.646274 -0.609197 -0.803995 -0.588258 -1 -0.592555 -1 0.251106 0.824108 -0.0331248 -0.777354 0.12489 -0.8602 -1 0.52139 -0.036163 -0.844981 -0.743229 0.463429 -0.373128 0.282428 -0.0948992 0.286518 -1 0.294561 0.389162 -0.245529 0.0118754 -1 0.553209 -0.214253 -1 0.371829 -0.772895 0.550529 -0.716815 -1 0.188359 -0.65291 0.884825 -0.565411 -1 0.433819 -0.855695 0.488182 -0.683109 0.51173 0.194764 -1 0.636113 0.191604 0.370372 -1 -1 -0.516797 -0.191408 -0.982232 -0.750534 0.381894 -0.303759 0.547221 -0.0821311 -0.451468 0.521963 0.140351 0.548318 0.90811 -0.520707 0.401362 0.921704 -0.234628 0.366649 -0.946648 0.794364 -1 -1 -0.486912 -1 -1 -0.411663 0.267051 0.923524 0.0687089 0.477674 -1 
-1 -0.389105 -1 0.956148 0.469496 -1 -0.374107 -1 -1 1 -0.443408 -0.690451 0.058186 -1 -0.250791 -1 -0.332381 -1 -1 -1 -0.5857 -1 0.210307 -0.452873 -1 -0.928248 0.453983 1 -1 0.0184994 -0.833117 -1 0.167668 -1 -1 -1 -1 -0.107986 -0.72372 0.095079 0.0482527 -1 -0.303668 -1 0.258878 -1 -1 0.108963 -0.311248 -0.257758 0.463325 -0.438186 0.23356 0.797987 -1 -1 0.29709 -0.642971 -1 -1 -1 -1 -1 1 -1 -0.936857 -0.270482 -0.441166 0.44796 -1 -0.706209 -0.904119 -0.977141 -0.653155 -1 -0.998184 0.175629 -0.778646 -0.267744 -0.681736 -0.678409 -0.848324 -0.285387 -0.321238 -0.0290236 0.90252 -1 0.449233 0.745268 -0.538448 -0.413303 -1 -0.471801 -0.751777 0.224311 0.2292 -0.650328 0.0276617 -1 -0.847906 -1 -0.313557 0.11146 0.160887 -1 -0.903784 -0.372351 -0.907887 -1 -1 -0.646398 0.976281 -1 -1 -0.430027 -0.962284 1 -1 0.216202 -0.58212 -1 -1 
-1 -0.389105 -1 0.956148 0.469496 -1 -0.374107 -1 -1 1 -0.443408 -0.690451 0.0193411 -0.316399 -0.250791 -0.526156 -0.332381 -1 -1 -1 -0.5857 -1 0.210307 -0.452873 -1 -0.928248 0.628134 1 -1 0.0184994 -0.833117 -1 0.167668 -1 -1 -1 -1 -0.107986 -0.72372 -0.204406 0.0482527 -1 -0.303668 -0.965347 0.258878 -1 -1 0.796911 -0.311248 -0.3696 0.463325 -0.559169 0.23356 0.797987 -1 -1 0.29709 -0.642971 -1 -1 -1 -1 -1 1 -1 -0.960685 -0.270482 -0.40848 0.349142 -1 -1 -0.904119 -0.977141 -0.653155 -1 -0.998184 0.175629 -0.778646 -0.534232 -0.681736 -0.678409 -0.848324 -0.285387 -0.252163 -0.0290236 0.695788 -1 0.449233 0.551471 -0.538448 -0.413303 -1 -0.728016 -0.629225 0.224311 0.2292 -0.728782 -0.113927 -1 -0.847906 -1 -0.360092 0.11146 0.160887 -1 -0.903784 -0.372351 -0.907887 -1 -1 0.0425859 0.976281 -1 -1 -0.430027 -0.962284 1 -1 0.216202 -0.58212 -0.931138 -1 
0.354752 -0.825981 -0.348845 0.421005 0.699192 1 -1 0.974138 0.452037 -0.786483 -0.175438 0.536344 0.897873 -1 0.354553 -1 0.4623 -0.979443 -0.656503 0.637091 0.0709994 -0.264283 0.551885 -0.614137 0.335006 0.00394404 0.574776 0.210994 -0.789016 0.652395 -0.473096 0.528179 -0.959199 -1 0.474814 0.373264 -0.900228 0.138857 -0.825062 0.116024 0.751463 -0.972785 -0.927263 -0.158676 0.781403 0.104173 -0.261187 -0.252853 -0.73532 0.791672 0.770216 0.383087 0.41412 -0.346279 -0.784421 -0.562924 -0.640504 -0.481068 -0.33064 0.377042 0.00615826 -0.546606 0.522055 0.517076 -0.678929 -0.178715 0.390638 -0.235752 0.149331 0.0387416 -0.107642 -0.27301 0.119079 0.906779 -1 -0.981703 0.184572 -0.766608 0.0532091 -0.585372 0.951784 -0.971309 0.488242 0.180139 0.00541189 0.286605 0.296215 -0.270331 -0.576555 0.366809 0.23348 -0.238098 -0.151373 -0.0538374 -0.788374 0.971173 0.624179 0.776699 0.955022 -0.854752 0.308907 0.907737 0.888744 -0.143115 -0.688468 -0.0826267 0.0103391 0.615472 0.487278 -0.165385 0.733867 0.600883 0.518771 -0.0334237 0.0886759 0.376604 -0.652748 -0.428194 -0.962627 0.776914 -0.608258 -0.288793 
0.724728 0.490879 0.324396 -0.918787 0.359332 -0.723999 -1 0.66587 -0.908885 -1 -0.555667 -1 -1 -0.847199 -0.117549 -1 -0.58595 0.761722 0.866522 0.751267 -0.638381 -1 0.0466233 0.387319 -0.0312318 -1 -1 -0.519489 0.691682 0.432066 -1 -0.138066 0.862804 -0.303861 0.851672 -0.585546 -1 -0.51486 0.13444 -0.323932 0.529436 0.526927 0.966604 0.943035 -0.936468 -1 -0.342203 0.237603 0.0573169 -0.270606 -1 -1 -0.54705 -0.320245 -0.387667 -0.342392 0.877933 0.615017 0.919518 0.952455 0.847467 -0.0647632 -0.02115 -1 -1 -0.548368 0.265156 0.425624 -0.982107 -0.205445 -1 0.630061 -0.369736 -1 -1 0.956505 0.784216 0.271551 -0.638036 -0.323056 -1 -1 0.719611 -1 -1 -0.78157 -0.923625 -0.216887 0.162377 -1 -1 -0.616524 0.406819 0.904483 -0.482471 0.892007 -0.382011 -0.900352 -0.0679407 -0.0432999 -0.756287 -0.619319 0.684713 -0.56379 -0.0907173 -0.890385 0.518484 -0.96352 0.535062 -0.144725 -0.655062 0.2563 -0.114614 -0.37665 -0.81784 -1 -0.618367 -1 0.659402 -0.652792 0.596128 -0.577317 
-1 -1 -1 0.956148 0.231756 -1 -0.293812 -1 -1 1 -0.104644 -0.908078 -0.689959 -0.874252 -0.14804 -0.526156 -0.332381 -1 -0.693035 -1 -0.5857 -1 0.210307 -0.547853 -1 -0.975126 0.285474 1 -1 -0.687122 -0.833117 -1 -0.277427 -1 -1 -0.881334 -0.611619 -0.534532 -1 -1 0.0482527 -1 -1 -1 0.145805 -1 -1 0.841118 -0.311248 -0.600136 0.277215 0.503693 0.23356 -0.397854 -0.606018 -1 0.606235 -0.642971 -1 -1 -1 -1 -1 1 -0.604605 -0.881642 -0.270482 -0.199307 0.715877 -1 -1 -0.904119 -0.41165 -0.655184 -1 -0.660632 0.747978 -0.778646 -0.267744 -0.681736 -1 -1 -0.285387 -0.0526067 -0.0290236 1 -1 -0.68108 -1 -0.538448 -0.413303 -1 -0.471801 -0.629225 0.224311 0.276908 -0.650328 -0.413596 -1 -0.453476 -1 -0.465691 0.249914 0.160887 -1 -1 -0.31223 -0.907887 -1 -1 -0.0323026 1 -1 -1 -0.430027 -0.627919 1 -1 -0.30488 -1 -1 -1 
0.673402 -0.726748 -0.133967 -0.565245 0.175938 -0.857782 0.383796 -0.072207 -0.426631 -0.989192 0.799101 -1 -1 -0.85178 -0.392084 0.918674 0.12659 -0.612784 1 -0.0441501 1 0.0329098 0.933776 0.580757 -0.901392 0.700533 0.375515 -0.677968 0.708547 -0.828811 -0.620834 0.53927 0.174741 0.16379 -0.221364 -0.631479 -0.981281 -0.646274 -0.609197 -0.917613 -0.588258 -1 -0.11288 -1 0.251106 0.824108 -0.0331248 -1 0.12489 -0.8602 -0.65976 -0.148421 0.0906053 -0.844981 -1 0.463429 0.0551342 0.282428 -0.0948992 0.286518 -1 -0.204102 0.389162 -0.245529 0.0118754 -0.989577 0.553209 -0.214253 -1 0.127195 -1 0.550529 -0.417146 -1 0.566287 -0.257021 0.935847 -1 -1 0.433819 -1 0.618694 -0.698702 0.51173 0.0969319 -0.481412 0.636113 -0.116736 -0.480793 -0.7776 -0.725282 -0.516797 -0.191408 -0.0939357 -0.750534 0.421369 -0.702509 -0.0678271 0.134156 -0.451468 0.521963 0.140351 0.548318 1 -0.372162 0.401362 0.921704 -0.234628 0.366649 0.00244763 1 -0.340339 -0.595471 -0.353696 -1 -0.943765 -1 0.267051 0.779523 -1 0.477674 -0.443859 
-0.625844 -1 -0.880904 0.862303 -1 -1 -0.510348 -1 -1 -0.38146 -1 -0.85279 0.025444 -1 -0.250791 -0.753566 -1 -1 -1 -1 -1 -0.744277 -0.350435 -1 -1 -1 0.0299344 1 -0.704305 -0.130676 -1 -1 -0.278277 -1 -1 -1 -0.629862 0.13361 -0.187959 -1 -0.706514 -1 -0.917128 -1 -1 -1 -1 0.519832 -0.310963 -0.351157 1 0.33098 -0.395034 1 -1 -1 0.315622 -1 -1 -1 -1 -1 -1 -0.00275987 -0.963296 -1 -0.270482 -0.40848 0.2442 -1 -1 -1 -0.299669 -0.827689 -1 -0.998184 -0.203523 -1 -0.267744 -0.46409 -1 0.0648666 -0.716032 -0.924606 -0.810696 0.869345 -1 -0.384419 1 0.836131 -1 -0.888197 -1 -0.629225 -0.630035 -0.349618 -0.430472 -0.590579 -1 -1 -0.793678 -1 -0.760287 0.362827 -0.982201 -1 -0.922228 -1 -0.747298 -1 -1 -1 -0.661765 -0.766225 -0.299745 -1 0.528077 -1 0.358723 -0.225387 -0.954353 -0.86234 
-0.7715 -0.502788 -1 1 -0.632829 -1 -0.658595 -1 -0.929646 0.764511 -0.443408 -0.85279 0.0193411 0.177581 -1 -1 -0.7191 -1 -1 -1 -0.5857 -1 0.210307 -0.486335 -1 -1 0.446286 0.858092 -1 -0.394063 -1 -1 0.0961185 -1 -0.304388 -1 -0.592616 -0.0573711 -0.92727 -0.0749229 0.0482527 -1 -0.229218 -0.930322 -1 -1 -0.867979 0.209623 -1 0.34133 0.715241 1 0.0335062 0.632043 -1 -1 0.41821 -1 -1 -0.995551 -0.860374 -1 -0.65537 0.965187 -0.604605 0.0370958 -0.0883663 -0.675398 0.762172 -1 -1 -0.87347 -0.299669 -0.653155 -1 -0.998184 0.390693 -1 -1 -0.391522 -0.678409 0.137367 -1 -1 -0.092567 -0.155507 -0.817468 0.323279 0.957626 0.939784 -0.367253 -1 -0.703881 -0.629225 -0.252668 -0.872869 -0.57432 -0.413596 -0.721961 -0.74046 -1 -1 0.11146 0.514941 -1 -0.354156 -0.73364 -1 -1 -1 -0.0558856 0.659727 -1 -1 -0.72809 -0.536547 1 -1 0.341112 -0.58212 -1 -0.332164 
-1 -0.713156 -1 0.956148 0.231756 -1 -0.293812 -1 -1 0.961803 -0.212746 -0.908078 -0.689959 -0.874252 0.0394684 -0.526156 -0.332381 -1 -0.693035 -1 -0.5857 -1 0.210307 -0.0869618 -1 -0.975126 0.285474 1 -1 -1 -0.833117 -1 -0.277427 -1 -1 -0.692802 -1 -0.534532 -0.885006 -1 0.0482527 -1 -1 -1 0.145805 -1 -1 0.841118 -0.311248 -1 0.277215 0.503693 0.23356 -0.397854 -1 -1 0.606235 -0.642971 -1 -1 -1 -0.942345 -1 1 -0.604605 -0.881642 -0.270482 -0.199307 0.715877 -1 -0.692657 -0.904119 -0.114255 -0.655184 -1 -0.660632 0.747978 -0.778646 -0.267744 -0.681736 -1 -1 -0.285387 -0.125597 -0.0290236 1 -1 -0.68108 -0.423006 -0.538448 -0.413303 -1 -0.471801 -0.629225 0.224311 0.276908 -0.650328 -0.413596 -1 -0.453476 -1 -0.465691 0.249914 0.437378 -1 -1 -0.230085 -0.907887 -1 -1 -0.0558856 1 -0.816804 -1 -1 -0.857545 1 -1 0.123635 -0.58212 -1 -1 
-0.625844 -1 -0.880904 0.862303 -1 -1 -0.510348 -1 -1 -0.38146 -0.79087 -0.85279 0.025444 -1 -0.250791 -1 -1 -1 -1 -0.900768 -1 -0.744277 -0.350435 -1 -1 -1 0.0208321 1 -0.704305 -0.130676 -1 -1 -0.278277 -1 -0.320912 -1 -1 0.333005 -0.187959 -1 -0.706514 -1 -0.917128 -1 -0.395382 -1 -1 0.519832 -0.310963 -0.351157 1 0.33098 -0.395034 1 -1 -1 0.315622 -1 -1 -1 -1 -1 -1 0.896387 -0.963296 -1 -0.270482 -0.40848 0.2442 -0.501015 -1 -0.904119 -0.299669 -0.827689 -1 -0.998184 -0.196466 -0.681455 -0.267744 -0.46409 -0.678409 0.0648666 -0.716032 -0.924606 -0.810696 1 -1 -0.384419 1 0.939784 -1 -0.888197 -1 -0.629225 -0.630035 -0.349618 -0.430472 -0.590579 -1 -1 -0.793678 -0.749059 -0.760287 0.362827 -0.982201 -1 -0.372351 -1 -0.747298 -1 -0.872651 -1 -0.661765 -0.766225 -0.299745 -1 1 -1 0.341112 -0.225387 -0.954353 -0.86234 
-0.380385 0.311676 -0.836933 -0.54823 -0.574689 0.318929 -0.930828 -0.903639 -0.00093025 0.752674 -0.311148 -0.937097 -0.18463 -0.825977 0.754031 0.702293 0.825834 -0.431013 -0.590106 0.253742 -0.0403003 0.886338 -1 0.967549 -0.611822 0.377721 -0.694316 0.365672 0.282467 0.084509 0.53163 0.098269 0.630978 0.469565 -0.13842 -0.20959 0.366594 -0.562855 0.111974 0.0787675 0.327291 0.394016 -0.671092 -0.579989 0.494634 -0.578113 0.578021 -1 -0.303761 0.109935 0.916948 0.105312 0.412274 -0.414691 -0.390136 -0.243064 0.790623 -1 0.339553 -0.469168 0.483996 0.894905 -0.118227 -0.118854 0.323741 0.748649 -0.510653 0.428753 0.33205 0.667958 -0.614551 0.504077 0.797525 0.233181 0.775503 -0.383034 0.809677 -0.55645 0.5122 0.239673 0.404638 -0.522072 0.568001 0.275301 0.658424 -0.858818 0.559827 0.310554 -0.200021 0.495041 -0.0261964 -0.318462 0.63647 0.279199 -0.559054 0.553141 -0.65725 0.0853982 -0.529346 -0.871577 0.651659 -0.771287 -1 0.117036 0.646815 0.831672 0.87795 -0.408428 -0.124697 0.643932 0.729924 -1 -0.287126 -1 -0.985007 0.118487 0.418788 -0.153764 -0.522177 -1 -0.215651 0.017807 
-0.7715 -0.389105 -1 0.956148 0.469496 -1 -0.510348 -1 -1 0.764511 -0.443408 -0.85279 0.0193411 0.177581 -0.250791 -0.526156 -0.332381 -1 -1 -1 -0.5857 -1 0.210307 -0.395408 -1 -1 0.628134 1 -1 0.0184994 -0.606581 -0.465805 0.0961185 -1 -0.304388 -1 -1 0.333005 -0.279538 -0.204406 0.0482527 -1 -0.229218 -0.677656 0.258878 -1 -0.867979 0.519832 -0.334304 0.584619 0.869495 0.873934 0.23356 0.797987 -1 -1 0.41821 -0.642971 -1 -0.903315 -1 -0.942345 -1 0.896387 -0.604605 0.0370958 -0.270482 -0.40848 0.762172 -0.501015 -1 -0.904119 -0.299669 -0.653155 -1 -0.998184 0.528065 -0.778646 -0.267744 0.317188 -0.678409 0.137367 -0.285387 -0.125597 -0.0290236 0.90252 -1 0.276111 0.957626 0.939784 -0.413303 -0.888197 -0.703881 -0.629225 0.224311 0.245772 -0.477896 -0.413596 -0.721961 -0.277137 -1 -0.19513 0.11146 0.160887 -0.982201 -0.513925 -0.372351 -0.907887 -1 -1 -0.0558856 0.976281 -0.721657 -0.766225 -0.430027 -0.684177 1 -1 0.341112 -0.58212 -1 -0.311009 
-0.913745 -0.264505 -0.737364 0.231041 0.848717 0.691321 0.595108 -0.280974 -0.463971 -0.369821 0.7264 -0.873796 0.706712 0.251146 -0.558921 0.9473 0.654476 -1 0.107301 -0.557025 0.602272 -0.709782 -0.799291 0.303014 -0.905487 -0.117542 0.159742 -0.66918 -0.497504 0.686458 0.871663 -0.56787 0.329089 -0.878431 -0.93814 0.183746 0.350994 -0.413244 0.161953 -1 -1 -1 0.662121 0.0188493 0.734784 -0.236987 -0.173532 0.940116 -1 -0.0883884 0.439038 0.132266 -0.276037 -0.317554 -0.825047 -0.871958 -0.853313 -1 0.37568 0.569572 0.0842623 0.53861 0.715323 -0.305888 -0.295585 0.4927 -1 0.25737 0.0565697 -0.71823 0.0902572 0.665352 -0.718498 0.363391 -0.830675 -0.692706 -0.138087 -0.914282 -0.936644 0.775076 -0.650931 -0.248398 -0.674133 -0.885827 0.90744 0.337755 -0.573554 -0.0590772 0.337323 -0.533016 0.468546 -1 0.0287145 0.601394 -0.107806 -0.389989 -0.706397 -0.267002 -0.763384 0.144735 -1 0.781696 0.652099 0.777532 -1 0.405344 -0.511184 -0.938052 -0.795491 -0.660405 -0.798389 -1 -0.350879 0.128049 -0.702728 -1 -0.360867 0.877271 -0.109849 0.481873 0.0585865 0.805258 
-1 -0.389105 -1 0.956148 0.469496 -1 -0.374107 -1 -1 -0.0957931 -0.443408 -0.690451 0.058186 -1 -0.250791 -1 -0.332381 -1 -1 -1 -0.5857 -1 0.210307 -0.452873 -1 -0.928248 0.453983 1 -1 0.0184994 -0.833117 -1 0.167668 -1 -1 -1 -1 -0.107986 -0.72372 0.095079 0.419759 -1 -0.303668 -1 0.258878 -0.962868 -1 0.108963 -0.311248 -0.941059 0.463325 -0.438186 0.23356 0.797987 -1 -1 0.29709 -0.642971 -0.795679 -1 -0.608122 -1 -1 0.157808 -1 -0.936857 -0.270482 -0.598415 0.471855 -1 -0.706209 -0.904119 -0.977141 -0.745227 -1 -0.998184 0.175629 -0.778646 -0.778691 -0.681736 -0.678409 -1 -0.285387 -0.321238 0.345042 0.90252 -1 0.449233 0.745268 -1 -0.413303 -1 -0.471801 -0.751777 0.224311 0.2292 -0.650328 0.0276617 -1 -0.847906 -1 -0.313557 0.46713 0.160887 -1 -0.903784 -0.372351 -0.907887 -1 -1 -0.646398 0.976281 -1 -1 -1 -0.962284 1 -1 0.216202 -0.58212 -1 -1 
0.673402 -0.726748 -0.133967 -0.565245 0.175938 -0.857782 0.383796 -0.072207 -0.426631 -0.989192 0.799101 -1 -0.603849 -0.85178 -0.455334 0.918674 0.12659 -0.289959 1 -0.0441501 0.738145 0.0329098 0.933776 0.580757 -0.0173399 0.676295 0.375515 -0.677968 0.668487 -0.828811 -0.171806 0.53927 0.174741 0.16379 -0.0629802 -0.631479 -0.981281 -0.646274 -0.609197 -0.917613 -0.588258 -1 -0.11288 -0.705684 0.251106 0.824108 -0.0331248 -1 0.12489 -0.8602 -0.65976 -0.148421 0.0906053 -0.844981 -1 0.463429 0.0551342 0.282428 -0.0948992 0.286518 -1 -0.204102 0.389162 -0.245529 0.0118754 -0.989577 0.553209 -0.214253 -1 0.127195 -1 0.550529 -0.716815 -1 0.188359 -0.65291 0.884825 -0.565411 -1 0.433819 -1 0.618694 -0.344786 0.51173 0.0969319 -0.481412 0.636113 -0.116736 -0.480793 -0.7776 -0.725282 -0.516797 -0.191408 0.189509 -0.750534 0.421369 -0.303759 -0.0678271 0.134156 -0.451468 0.521963 0.140351 0.548318 0.90811 -0.372162 0.401362 0.921704 -0.234628 0.366649 0.00244763 1 -0.340339 -0.595471 -0.486912 -1 -0.943765 -1 0.267051 0.779523 -0.539437 0.477674 -0.443859 
-0.644812 -0.286695 -0.231253 0.59005 -0.179916 -0.614852 -0.47811 0.147948 0.423932 -0.985101 0.286747 0.100827 -0.966408 -0.272565 -0.320877 -0.792042 -0.354425 0.135037 0.340665 0.12262 0.581865 0.616804 0.611724 -0.3912 -0.734988 0.137132 -0.965225 -0.628064 -0.275674 0.203122 0.135889 -0.746988 0.933875 0.691178 0.998627 -0.196784 0.67319 0.62874 -1 -0.651052 1 0.771759 -0.491775 0.694231 -0.941473 0.89932 0.324989 0.801427 -1 0.114333 0.397832 -0.327437 0.367555 -0.503411 0.466343 -0.814978 0.463829 0.505348 0.973465 0.50711 -0.878066 -0.0280443 0.696812 -0.208897 -0.636366 0.794762 -0.657637 0.110883 -0.218 -0.633915 -0.718062 0.798829 0.454673 0.416261 0.147893 -0.60089 -0.00242603 -1 0.244917 -0.492879 0.140333 -0.242443 0.0461462 0.560481 0.105282 0.151657 0.478382 -0.121031 0.620867 0.404834 -0.0513869 -1 -0.71518 -0.194662 0.53748 0.718251 -0.0658249 -0.721708 -0.226995 -0.536414 -0.506282 0.693513 -0.116051 0.932025 -1 0.27444 -0.25895 -0.852028 0.383955 0.740461 -0.123636 0.284829 0.639772 -0.952696 -0.274533 0.499033 0.524047 0.986442 0.256408 0.572083 0.705838 -0.433829 
-0.47411 -0.726748 -1 -0.789884 0.548238 -0.857782 0.383796 -0.072207 -1 -0.989192 0.799101 -0.627389 -0.628513 -1 -1 0.883717 0.12659 -0.211088 0.942894 -0.0441501 -0.427593 -0.92192 0.289576 0.130424 0.425507 0.758054 0.461138 -1 0.256418 -0.832515 0.100331 0.866847 -0.181749 0.16379 -1 -1 -1 0.24947 -0.719439 -0.7349 -0.334639 -1 -0.11288 -1 0.268934 0.478445 -0.886809 -1 0.12489 -1 -1 -0.528831 -1 -0.0772746 -0.743229 -0.35447 -0.511358 0.651008 0.0260595 0.286518 -1 0.351968 0.389162 -0.245529 0.0118754 -1 -0.263567 -0.865497 -0.669419 0.000388145 -0.772895 -1 -0.716815 0.185246 0.200491 -0.65291 0.884825 -0.436934 -0.844234 0.055868 -1 -0.404195 -1 0.725758 -1 -1 -1 -0.229442 0.997111 -0.808503 -1 -0.516797 -0.0283845 0.244372 0.145783 -0.596263 -1 0.547221 0.310776 -0.258777 0.521963 0.154745 -0.587038 -0.267334 -0.372162 0.401362 0.921704 -1 0.366649 -1 0.794364 -0.930924 -0.595471 -0.486912 -1 -0.208068 -0.438653 0.267051 0.779523 -1 0.948227 -0.443859 
0.37613 0.490879 0.324396 -1 0.359332 -0.435177 -0.417238 0.856921 -0.908885 -0.893158 -0.26576 -1 -0.39073 -0.881266 -0.612126 -0.613482 -0.58595 0.761722 0.487192 0.751267 -0.638381 -0.449198 0.0466233 0.0404744 -0.265539 -0.806718 -1 -0.197562 0.639719 0.432066 -0.401364 0.80489 0.862804 -0.303861 0.851672 -0.727383 -1 0.103821 -0.216188 0.156739 0.529436 0.526927 0.966604 0.226502 -0.850965 -0.602397 -0.342203 0.224213 0.0573169 -0.270606 -1 -0.537343 0.0968797 -0.320245 -1 0.0422807 0.877933 0.835194 0.919518 0.575289 0.847467 -0.891963 -0.341139 -1 -0.76733 -0.799471 0.265156 0.425624 -0.0227657 0.668262 -0.553454 0.630061 -0.122541 -0.728371 -0.444679 0.956505 0.393289 0.522882 -0.301074 -0.323056 -0.390214 -1 0.719611 -0.693978 -1 0.378222 -0.760778 -0.216887 0.641768 -1 -0.591038 0.309649 0.178935 0.904483 -0.482471 0.892007 -1 -0.900352 -0.0679407 -0.0432999 -0.756287 -1 0.684713 0.430463 0.563336 -0.890385 0.819575 -0.96352 -0.549417 -0.277176 -0.655062 0.731901 -0.322312 0.973869 -0.180139 -0.972679 -0.618367 -0.437774 0.659402 -0.652792 0.596128 -0.723478 
-1 -0.541461 -0.650766 0.190297 0.448308 -1 -0.453775 -1 -1 -0.117771 -0.722844 -1 0.025444 -0.957912 -0.151139 -0.530174 -0.936642 -0.696272 -0.839552 -1 -1 -1 -0.540457 -0.395408 -1 -1 0.628134 0.831191 -1 -0.213478 -1 -0.15214 -0.188957 -1 -1 -1 -1 0.442606 -0.187959 -0.447932 0.0654249 -0.874967 -0.778059 -0.677656 -0.713601 -0.806426 -1 0.519832 -0.988038 -0.676223 0.189082 0.0505655 -0.867424 0.94093 -1 -1 0.41821 -0.642971 -1 -0.72714 -0.646833 -0.942345 -1 1 -0.604605 0.0370958 -0.270482 -0.40848 -0.147256 -0.849245 -1 -0.555812 -0.420674 -0.80719 -1 -0.998184 -0.246366 -0.852441 -0.230395 0.317188 -0.678409 -0.482601 -1 -1 -1 0.90252 -1 0.536225 0.604807 0.939784 -0.413303 -0.759188 -1 -1 0.160363 0.151588 -1 -0.779858 -1 -0.436148 -0.979491 -0.19513 0.11146 0.367563 -1 -0.513925 -0.625591 -1 -1 -1 -0.659446 0.841082 -1 -1 -0.503116 -1 1 -1 0.341112 -0.58212 -0.942127 -1 
-1 -0.389105 -1 0.956148 0.469496 -1 -0.293812 -1 -1 0.863501 -0.838829 -0.908078 0.0193411 -1 -0.250791 -0.526156 -0.332381 -1 -1 -1 -0.605572 -1 0.210307 -0.452873 -0.740804 -0.937337 -0.55044 1 -1 0.0184994 -0.833117 -0.77243 0.167668 -1 -0.826552 -1 -1 -0.107986 -0.72372 -0.204406 -0.06843 -1 -0.754428 -1 -0.83587 -1 -1 0.629605 -0.311248 -0.600136 0.869495 0.67993 -0.18755 0.797987 -1 -1 0.19738 -0.932191 -1 -0.89719 -1 -0.942345 -1 1 -0.604605 -1 -1 -0.40848 0.342936 -0.969333 -1 -1 -0.299669 -0.653155 -0.979007 -1 0.394444 -0.778646 -0.267744 -0.681736 -0.678409 -1 -0.285387 -0.125597 -0.695065 0.90252 -1 -0.607864 0.206789 -0.538448 -0.413303 -1 -0.471801 -0.719511 -0.128982 0.2292 -0.650328 -0.669705 -1 -0.580589 -1 -0.465691 0.11146 0.160887 -1 -0.527735 -0.372351 -0.907887 -1 -1 -0.0558856 0.976281 -1 -1 -0.690333 -1 1 -1 0.216202 -0.58212 -1 -1 
