0.97596 -0.333406 -1 -1 0.907759 -0.959748 -0.883071 0.636754 -1 -1 -0.564356 -0.334839 -0.900532 -1 -1 -0.960197 0.813644 -1 0.279245 -0.729559 0.548304 -0.797925 -1 0.267181 -0.463616 -1 -1 -0.944548 -0.134855 -1 -0.937219 1 -0.559689 0.337211 -1 -1 0.0946591 -0.143643 -0.441527 -1 -0.964814 -0.180129 -1 -1 -0.207951 -0.824961 -1 0.325979 -1 -1 -0.394184 -0.142274 -0.763693 -0.722694 -0.849793 -1 -0.953689 -0.00388418 -0.457789 -0.583411 -0.599616 -1 -0.0648652 -0.604647 -0.227577 -0.580781 -0.817647 -0.435361 -1 0.545649 -1 -1 -0.719907 -0.829814 -0.0159155 -0.956864 -0.903964 0.633378 -0.882085 -0.79234 0.298404 -0.682835 -0.559274 -0.181778 -0.977704 -0.111441 -1 0.886202 -0.00960565 -0.687003 -1 0.0768563 -1 0.0893864 0.293023 -0.812105 -0.866023 -0.639097 -0.242319 -0.588884 -1 -0.492494 -1 -1 0.964524 -0.485741 
-0.335374 -1 -1 -1 0.457355 -0.724172 -1 -0.984142 -1 -0.713173 -0.97953 -0.882657 -1 -1 -0.985008 -1 0.970709 -0.988329 -0.0653328 -0.788368 0.487745 -0.76818 -1 0.048894 -0.964429 -0.945046 -1 -0.412569 -1 -0.969297 -1 0.260856 -1 -0.293659 -1 -1 0.0386877 -0.52622 -1 -1 -0.844722 -1 -0.983563 -1 -0.774137 -0.703242 -0.958538 -0.343906 -1 -1 -1 -1 -1 -0.760921 -0.984045 -1 -1 -0.627466 -1 -1 -0.920812 -1 -0.404178 -1 -0.364745 -0.800517 -1 -0.252213 -1 0.247363 -1 -1 -0.328094 -0.201069 -0.675925 -1 -1 -1 -1 -0.971192 0.0448373 -0.969658 -0.261286 0.0319529 -0.992749 -1 -1 1 -0.699458 -1 -1 -0.70784 -0.948278 1 0.505727 -0.916741 -1 -0.804215 -0.709188 -0.651465 -0.602152 -1 -0.694577 -1 -0.967455 -1 
-0.233359 -1 -1 -1 0.457355 -1 -1 -0.967885 -1 -0.713173 -1 -0.882657 -0.971937 -1 -0.835923 -1 1 -0.903699 -0.125454 -0.780692 0.487745 -0.980283 -1 0.150286 -0.978466 -1 -1 -1 -1 -1 -0.910407 0.39778 -0.844521 0.157689 -1 -1 -0.0368932 -0.849805 -1 -1 -0.949095 -1 -1 -1 -0.759599 -0.596909 -0.958538 -0.442081 -0.821414 -1 -1 -1 -1 -0.833304 -1 -0.734519 -1 -0.68079 -1 -1 -0.925946 -1 -0.404178 -1 -0.252192 -0.408909 -1 -0.252213 -1 0.336255 -1 -1 -0.440351 -0.281231 -0.789393 -1 -0.922631 -0.969757 -0.947847 -1 -0.035756 -0.844548 -0.278651 0.286161 -1 -1 -0.879975 0.956253 -1 -1 -1 -0.602303 -1 1 0.657712 -1 -0.883986 -0.804215 -0.727117 -0.620687 -0.61029 -1 -0.704195 -1 -1 -1 
-0.233359 -0.908345 -1 -1 0.173183 -0.778306 -1 -0.967885 -1 -0.928705 -1 -0.882657 -1 -1 -1 -1 1 -0.990053 -0.0653328 -0.844319 0.487745 -0.987483 -1 0.048894 -0.978466 -0.852031 -1 -1 -1 -1 -1 0.39778 -0.844521 0.195913 -1 -1 -0.512656 -0.576574 -1 -1 -0.949095 -1 -0.817656 -1 -0.759599 -0.619268 -1 -0.972229 -1 -1 -1 -1 -1 -0.747409 -1 -0.898112 -1 -0.450872 -1 -1 -0.925946 -1 -0.554837 -1 -0.122891 -0.408909 -1 -0.252213 -1 0.336255 -1 -1 -0.462285 -0.463903 -1 -1 -1 -1 -1 -1 -0.0460083 -0.713006 -0.278651 0.286161 -1 -0.986826 -0.879975 0.956253 -1 -1 -1 -0.602303 -0.994725 1 0.657712 -1 -0.883986 -0.804215 -0.884788 -0.620687 -0.61029 -1 -0.704195 -1 -0.926637 -1 
-0.278714 -1 -0.934135 -1 0.632643 -0.716168 -1 -1 -1 -0.713173 -1 -0.882657 -1 -1 -1 -1 1 -0.801342 -0.0653328 -0.801693 0.487745 -0.76818 -1 0.0441065 -1 -1 -1 -0.945148 -1 -1 -1 0.39778 -1 0.471823 -1 -1 -0.207529 -0.643013 -1 -1 -1 -1 -1 -0.885245 -1 -0.500617 -1 -0.259764 -0.894207 -0.8874 -1 -1 -1 -1 -1 -1 -1 -0.627466 -0.885729 -1 -0.925946 -0.866651 -0.404178 -1 -0.364745 -0.632152 -1 -0.252213 -1 0.188615 -1 -1 -0.635016 -0.164549 -0.534388 -1 -1 -1 -1 -0.804375 -0.149127 -0.969658 -0.212145 0.196898 -0.992749 -1 -1 0.854057 -1 -1 -1 -0.465935 -1 1 0.657712 -1 -1 -1 -0.633401 -0.667683 -0.635879 -0.950693 -0.704195 -1 -1 -1 
-0.278714 -1 -0.934135 -1 0.304363 -0.716168 -1 -0.972888 -0.989392 -0.77757 -1 -1 -0.961635 -1 -0.79964 -1 1 -1 -0.0653328 -0.764983 0.491325 -0.76818 -1 0.0441065 -1 -1 -1 -0.979408 -1 -1 -1 0.39778 -1 0.330034 -1 -1 -0.207529 -0.694421 -1 -1 -1 -1 -0.893844 -1 -1 -0.38649 -0.958538 -0.640769 -1 -0.8874 -1 -1 -0.966075 -1 -1 -1 -1 -0.627466 -0.885729 -1 -0.925946 -0.834716 -0.404178 -1 -0.733804 -0.935492 -1 -0.252213 -1 0.188615 -1 -1 -0.794574 -0.164549 -0.656266 -1 -1 -1 -1 -1 -0.259163 -0.969658 -0.298783 0.196898 -0.992749 -1 -0.811998 0.854057 -1 -1 -1 -0.465935 -1 1 0.571149 -1 -0.843603 -0.979997 -0.417837 -1 -0.635879 -0.950693 -0.704195 -1 -1 -1 
-0.278714 -1 -1 -1 0.457355 -0.778306 -1 -0.984142 -1 -0.713173 -1 -0.889386 -1 -1 -1 -1 1 -1 -0.199781 -0.731144 0.487745 -0.76818 -1 0.048894 -0.986706 -0.804325 -0.982929 -0.412569 -1 -1 -1 0.39778 -0.844521 0.195913 -1 -1 0.0972597 -0.52622 -1 -1 -1 -1 -0.893844 -1 -0.774137 -0.401791 -0.958538 -0.324158 -1 -1 -1 -1 -1 -0.760921 -1 -1 -0.984034 -0.627466 -1 -1 -0.925946 -1 -0.404178 -1 -0.364745 -0.408909 -1 -0.652479 -1 0.336255 -1 -1 -0.42622 -0.164549 -0.826135 -1 -1 -0.905482 -1 -1 0.0448373 -0.969658 -0.261286 0.295898 -0.992749 -1 -1 0.818839 -1 -0.988381 -1 -0.514911 -0.994725 0.908073 0.657712 -1 -0.883986 -0.804215 -0.712548 -0.679819 -0.565324 -1 -0.704195 -1 -1 -1 
-0.233359 -0.908345 -1 -1 0.173183 -0.778306 -1 -0.967885 -1 -0.928705 -1 -0.882657 -1 -1 -1 -1 1 -0.990053 -0.0653328 -0.844319 0.487745 -0.987483 -1 0.048894 -0.978466 -0.852031 -1 -1 -1 -1 -1 0.39778 -0.844521 0.195913 -1 -1 -0.512656 -0.576574 -1 -1 -0.949095 -1 -0.817656 -1 -0.759599 -0.593938 -1 -0.972229 -1 -1 -1 -0.882865 -1 -0.747409 -1 -0.898112 -1 -0.450872 -1 -1 -0.925946 -1 -0.554837 -1 -0.122891 -0.408909 -1 -0.252213 -1 0.336255 -1 -1 -0.462285 -0.463903 -1 -1 -1 -1 -1 -1 -0.0460083 -0.945901 -0.278651 0.0132678 -1 -0.986826 -0.879975 0.956253 -1 -1 -1 -0.602303 -0.994725 1 0.657712 -1 -0.883986 -0.804215 -0.884788 -0.620687 -0.61029 -1 -0.704195 -1 -0.926637 -1 
0.834636 -0.299609 -1 -1 0.907759 -1 -1 0.636754 -1 -1 -0.564356 -0.75908 -1 -1 -0.845103 -1 0.813644 -1 0.279245 -1 0.0305243 -1 -1 0.267181 -1 -0.934868 -1 -0.811729 -0.580857 -0.860739 -0.869818 0.920214 -0.559689 0.337211 -1 -1 0.321825 -0.74833 -0.197359 -1 -0.964814 -0.436731 -1 -0.972029 0.366558 -0.32615 -1 0.325979 -1 -1 -0.335799 -0.190803 -0.763693 -0.722694 -1 -1 -1 -0.329404 -0.457789 -0.508863 -0.650084 -0.685134 -0.126226 -0.566576 -0.993385 -0.670955 -0.977878 -0.590198 -1 0.508779 -1 -0.941805 -0.0757333 -0.561809 -0.0159155 -0.984185 -0.903964 0.516664 -0.882085 -0.553398 0.292683 -1 -0.559274 -0.581095 -0.977704 -0.111441 -1 0.585377 0.342135 -0.935117 -1 0.224653 -1 -0.209943 0.969104 -0.96364 -0.979301 -0.0901314 -0.242319 -0.675939 -1 -0.378758 -1 -0.557851 -0.12732 -0.779479 
-0.278714 -1 -0.934135 -1 0.632643 -1 -1 -0.984142 -1 -0.89849 -0.974234 -0.882657 -0.959179 -1 -0.985008 -1 0.964189 -1 -0.0653328 -1 0.347141 -0.76818 -1 -0.0929358 -1 -1 -1 -0.860166 -1 -1 -0.881671 0.39778 -0.974343 0.42323 -1 -1 -0.313962 -0.606695 -1 -1 -1 -1 -0.893844 -1 -1 -0.852908 -0.822105 -0.259764 -1 -0.79268 -1 -1 -1 -1 -1 -0.803379 -1 -0.627466 -1 -1 -0.990885 -1 -0.404178 -1 -0.959245 -0.632152 -1 -0.252213 -1 -0.12006 -1 -1 -0.613644 -0.164549 -0.534388 -1 -1 -0.905482 -1 -0.953642 -0.415811 -0.969658 -0.298783 0.111491 -1 -1 -1 0.807873 -1 -1 -1 -0.465935 -0.948278 0.900781 0.657712 -1 -1 -0.979997 -0.417837 -0.667683 -0.742449 -0.889759 -0.704195 -1 -0.884023 -1 
-0.278714 -1 -0.934135 -1 0.379386 -0.716168 -1 -0.972888 -0.989392 -0.77757 -0.903068 -0.758003 -0.961635 -1 -0.79964 -1 1 -1 -0.0653328 -0.731144 0.491325 -0.76818 -1 0.0441065 -1 -1 -1 -0.89029 -1 -1 -1 0.39778 -1 0.330034 -1 -1 -0.207529 -0.643013 -1 -1 -1 -1 -0.893844 -1 -1 -0.38649 -0.968057 -0.22293 -1 -0.8874 -1 -1 -0.966075 -1 -1 -1 -1 -0.627466 -0.885729 -1 -0.925946 -0.866651 -0.404178 -1 -0.733804 -0.632152 -1 -0.252213 -1 0.188615 -1 -1 -0.58835 -0.164549 -0.534388 -1 -1 -1 -1 -1 -0.259163 -0.969658 -0.298783 0.196898 -0.992749 -1 -0.811998 0.854057 -1 -1 -1 -0.465935 -0.948278 1 0.571149 -1 -0.843603 -0.979997 -0.417837 -0.667683 -0.635879 -0.950693 -0.704195 -1 -1 -1 
0.97596 -0.299609 -1 -1 0.907759 -1 -0.883071 0.636754 -1 -1 -0.564356 -0.50258 -0.900532 -1 -1 -1 0.813644 -1 0.279245 -0.729559 0.548304 -0.797925 -1 0.267181 -0.463616 -1 -1 -0.944548 -0.134855 -1 -1 1 -0.559689 0.337211 -1 -1 0.378149 -0.253642 -0.441527 -1 -0.964814 -0.180129 -1 -0.969911 -0.207951 -0.824961 -1 0.325979 -1 -1 -0.335799 -0.142274 -0.763693 -0.722694 -0.849793 -1 -0.953689 -0.00388418 -0.457789 -0.583411 -0.599616 -0.866158 -0.0648652 -0.6093 -0.418753 -0.580781 -0.817647 -0.435361 -1 0.524079 -1 -1 -0.719907 -0.829814 -0.0159155 -0.956864 -0.903964 0.633378 -0.882085 -0.79234 0.298404 -0.682835 -0.559274 -0.181778 -0.977704 -0.111441 -1 0.979583 -0.00960565 -0.687003 -1 0.0768563 -1 0.229971 0.293023 -1 -0.866023 -0.0901314 -0.242319 -0.675939 -1 -0.492494 -1 -1 0.964524 -0.485741 
-0.278714 -1 -1 -1 0.457355 -0.778306 -1 -0.984142 -1 -0.713173 -1 -0.882657 -1 -1 -1 -1 1 -1 -0.199781 -0.731144 0.487745 -0.76818 -1 0.048894 -0.986706 -0.945046 -1 -0.412569 -1 -1 -1 0.39778 -0.844521 0.195913 -1 -1 0.0972597 -0.52622 -1 -1 -1 -1 -0.893844 -1 -0.774137 -0.38649 -0.958538 -0.324158 -1 -1 -1 -1 -1 -0.760921 -1 -1 -1 -0.579558 -1 -1 -0.925946 -1 -0.404178 -1 -0.364745 -0.408909 -1 -0.252213 -1 0.336255 -1 -1 -0.440351 -0.164549 -0.84244 -1 -1 -0.905482 -1 -1 0.0448373 -0.969658 -0.261286 0.295898 -0.992749 -1 -1 0.956253 -1 -1 -1 -0.514911 -0.994725 0.908073 0.657712 -1 -0.883986 -0.804215 -0.712548 -0.679819 -0.61029 -1 -0.704195 -1 -1 -1 
-0.278714 -1 -1 -1 0.457355 -0.778306 -0.872867 -0.984142 -1 -0.713173 -1 -0.882657 -1 -1 -1 -1 1 -1 -0.199781 -0.731144 0.487745 -0.76818 -1 0.048894 -0.986706 -0.945046 -1 -0.412569 -1 -1 -1 0.39778 -0.844521 0.195913 -1 -1 0.0972597 -0.52622 -1 -1 -1 -1 -0.893844 -1 -0.774137 -0.38649 -0.958538 -0.324158 -1 -1 -1 -1 -0.926629 -0.760921 -0.949617 -1 -1 -0.627466 -1 -1 -0.925946 -1 -0.404178 -1 -0.364745 -0.408909 -1 -0.252213 -1 0.309939 -1 -0.926486 -0.440351 -0.164549 -0.84244 -1 -1 -1 -0.86598 -1 0.0448373 -0.950389 -0.21883 0.295898 -0.992749 -1 -1 0.956253 -1 -1 -1 -0.514911 -0.994725 0.908073 0.657712 -1 -0.883986 -0.804215 -0.712548 -0.679819 -0.61029 -1 -0.704195 -1 -1 -1 
-0.278714 -1 -0.934135 -1 0.379386 -0.716168 -1 -0.972888 -0.989392 -0.77757 -0.903068 -0.758003 -0.961635 -1 -0.985008 -1 1 -1 -0.0653328 -0.731144 0.487745 -0.912362 -1 0.0441065 -1 -1 -1 -0.89029 -1 -0.997439 -1 0.39778 -1 0.330034 -1 -1 -0.207529 -1 -0.971608 -1 -1 -1 -1 -1 -1 -0.498747 -0.958538 -0.259764 -1 -0.8874 -1 -1 -0.966075 -1 -1 -1 -1 -0.627466 -0.885729 -1 -0.925946 -0.866651 -0.404178 -1 -0.650975 -0.632152 -1 -0.252213 -1 0.188615 -1 -1 -0.58835 -0.164549 -0.534388 -1 -1 -0.905482 -1 -1 -0.259163 -0.969658 -0.298783 0.196898 -1 -1 -1 0.854057 -1 -1 -1 -0.465935 -0.948278 0.966214 0.141648 -1 -0.843603 -0.979997 -0.44937 -0.667683 -0.635879 -0.950693 -0.704195 -1 -1 -1 
-0.233359 -1 -1 -1 0.457355 -0.778306 -1 -0.967885 -1 -0.713173 -1 -0.882657 -1 -1 -0.835923 -1 1 -0.903699 -0.125454 -0.780692 0.487745 -1 -1 0.150286 -0.978466 -1 -1 -1 -1 -1 -0.910407 0.39778 -0.844521 0.157689 -1 -1 0.0972597 -0.576574 -0.836684 -1 -0.949095 -1 -1 -1 -0.759599 -0.596909 -0.958538 -0.442081 -0.821414 -1 -1 -1 -1 -1 -1 -0.898112 -1 -0.719231 -1 -1 -0.925946 -1 -0.404178 -1 -0.252192 -0.408909 -1 -0.252213 -1 0.336255 -1 -1 -0.440351 -0.281231 -0.789393 -1 -1 -0.969757 -1 -1 -0.035756 -0.844548 -0.278651 0.286161 -1 -0.828103 -0.879975 0.913155 -1 -1 -1 -0.602303 -1 1 0.521174 -1 -0.883986 -0.804215 -0.727117 -0.620687 -0.61029 -1 -0.704195 -1 -1 -1 
-0.278714 -1 -1 -1 0.457355 -0.724172 -1 -0.984142 -1 -0.713173 -1 -0.893582 -1 -1 -0.985008 -1 1 -1 -0.0653328 -0.689434 0.487745 -0.76818 -1 0.048894 -0.964429 -0.945046 -1 -0.412569 -1 -1 -1 0.39778 -0.96595 0.188383 -1 -1 -0.41691 -0.52622 -1 -1 -1 -0.850057 -0.983563 -1 -0.774137 -0.38649 -1 -0.343906 -1 -1 -1 -1 -1 -0.760921 -1 -1 -1 -1 -1 -1 -0.988614 -1 -0.771895 -1 -0.364745 -0.800517 -1 -0.252213 -1 0.336255 -1 -1 -0.475606 -0.201069 -0.675925 -1 -1 -1 -1 -0.971192 0.0448373 -0.969658 -0.400536 0.307649 -0.992749 -1 -1 0.956253 -0.699458 -1 -1 -0.589181 -0.948278 1 0.657712 -0.916741 -1 -0.91954 -0.712548 -0.7754 -0.61077 -1 -0.704195 -1 -1 -1 
-0.233359 -1 -1 -1 0.457355 -0.778306 -1 -0.967885 -1 -0.713173 -1 -0.882657 -0.971937 -1 -0.835923 -1 1 -0.835576 -0.125454 -0.780692 0.141513 -0.987483 -0.911955 0.190172 -0.978466 -1 -1 -1 -1 -1 -0.910407 0.39778 -0.844521 0.157689 -1 -1 0.0972597 -0.4298 -1 -1 -0.949095 -1 -1 -1 -0.939719 -0.596909 -0.958538 -0.442081 -0.821414 -1 -1 -1 -1 -0.725598 -1 -0.898112 -1 -0.627466 -1 -1 -0.925946 -1 -0.404178 -1 -0.252192 -0.408909 -1 -0.252213 -1 0.502588 -1 -1 -0.440351 -0.281231 -1 -1 -1 -0.969757 -1 -1 -0.035756 -0.844548 -0.278651 0.281924 -1 -1 -0.879975 0.956253 -1 -1 -1 -0.602303 -1 1 0.657712 -1 -0.883986 -0.804215 -0.727117 -0.620687 -0.61029 -1 -1 -1 -1 -1 
-0.278714 -1 -0.934135 -1 0.590292 -0.961969 -1 -0.984142 -1 -0.82061 -0.903068 -0.882657 -0.961635 -1 -0.985008 -1 0.964189 -1 -0.0653328 -0.731144 0.487745 -0.76818 -1 -0.0929358 -1 -1 -1 -1 -1 -1 -1 0.39778 -1 0.42323 -1 -1 -0.313962 -0.606695 -1 -1 -1 -1 -0.893844 -1 -1 -0.523671 -1 -0.259764 -1 -0.8874 -1 -1 -1 -1 -1 -1 -1 -0.627466 -0.922061 -1 -0.925946 -1 -0.404178 -1 -0.441825 -0.632152 -1 -0.252213 -1 0.188615 -1 -1 -0.613644 -0.164549 -1 -0.97329 -1 -0.905482 -1 -0.953642 -0.149127 -1 -0.298783 0.111491 -0.992749 -1 -1 0.854057 -1 -1 -1 -0.465935 -0.948278 0.923282 0.657712 -1 -0.843603 -0.979997 -0.417837 -0.667683 -0.635879 -0.950693 -0.704195 -1 -1 -1 
-0.278714 -1 -0.934135 -1 0.632643 -1 -1 -0.984142 -1 -0.89849 -0.903068 -0.882657 -1 -1 -0.985008 -1 0.964189 -1 -0.0653328 -0.731144 0.347141 -0.76818 -1 -0.0929358 -1 -1 -1 -0.860166 -1 -1 -1 0.39778 -0.974343 0.42323 -1 -1 -0.313962 -0.606695 -1 -1 -1 -1 -0.893844 -0.960446 -1 -0.523671 -0.822105 -0.689526 -1 -0.8874 -1 -1 -0.828688 -1 -1 -0.803379 -1 -0.627466 -1 -1 -0.925946 -0.866651 -0.404178 -1 -0.54587 -0.632152 -1 -0.252213 -1 0.188615 -1 -1 -0.613644 -0.164549 -0.527018 -1 -1 -0.905482 -1 -1 -0.328642 -0.969658 -0.298783 0.111491 -0.992749 -1 -1 0.642967 -1 -1 -1 -0.465935 -0.948278 0.317866 0.657712 -1 -0.843603 -0.979997 -0.417837 -0.667683 -0.635879 -0.889759 -0.704195 -1 -1 -1 
0.155709 0.317576 0.416368 0.486563 -0.74943 0.80987 -1 -0.198906 -0.989528 0.2656 -1 0.708719 -0.786523 0.541308 0.296565 -0.307824 -0.865156 0.194988 -0.236836 -0.0654038 -0.954042 -0.633871 -0.730355 0.707937 -1 -0.0942429 0.15589 -1 0.502389 -0.573092 -0.513303 0.693224 -1 -0.311759 0.441763 0.662355 0.89956 -0.167765 -0.320984 0.623064 -1 -0.861187 -0.624398 -0.512792 0.67733 0.163619 -0.285561 0.00348395 -0.399876 0.676753 -0.418942 0.589368 0.209872 -0.583848 -0.438587 -0.453675 0.473153 -0.806495 0.742313 -0.516521 0.279086 0.678859 0.401642 0.187396 -0.697864 -0.229222 -0.632684 0.209648 0.213018 0.668222 0.953127 0.402605 0.781844 -0.70043 0.0681525 0.162164 -0.0919044 0.908668 0.560959 -0.132846 -0.916075 0.661065 -1 -0.873329 0.566073 0.585546 0.392973 1 -0.489239 0.631488 -1 -0.522387 -0.982045 -0.265556 -0.322681 -0.575104 -0.759181 -1 -0.814817 0.232698 0.105125 -0.742156 0.245071 -0.165152 0.264464 -0.245131 
-0.233359 -1 -1 -1 0.457355 -0.778306 -1 -0.967885 -1 -0.713173 -1 -0.882657 -0.971937 -1 -0.835923 -1 1 -0.903699 -0.125454 -0.780692 0.487745 -0.980283 -1 0.150286 -0.978466 -1 -1 -1 -1 -1 -0.910407 0.39778 -0.844521 0.157689 -1 -1 -0.0368932 -0.576574 -1 -1 -0.949095 -1 -1 -1 -0.759599 -0.596909 -0.958538 -0.442081 -0.821414 -1 -1 -1 -1 -0.833304 -1 -0.898112 -1 -0.68079 -1 -1 -0.925946 -1 -0.404178 -1 -0.252192 -0.408909 -1 -0.252213 -1 0.336255 -1 -1 -0.440351 -0.281231 -0.789393 -1 -1 -0.969757 -1 -1 -0.035756 -0.844548 -0.278651 0.286161 -1 -1 -0.879975 0.956253 -1 -1 -1 -0.602303 -1 1 0.657712 -1 -0.883986 -0.804215 -0.727117 -0.620687 -0.61029 -1 -0.704195 -1 -1 -1 
-0.278714 -1 -1 -1 0.457355 -0.778306 -1 -0.984142 -1 -0.795552 -1 -0.882657 -1 -0.852489 -1 -1 1 -1 -0.281409 -0.731144 0.522645 -0.76818 -1 0.048894 -0.986706 -0.996141 -1 -0.412569 -1 -1 -1 0.39778 -0.844521 0.13546 -1 -1 0.0972597 -0.52622 -1 -1 -0.902091 -1 -1 -1 -0.774137 -0.38649 -0.958538 -0.324158 -1 -1 -1 -1 -1 -0.754489 -1 -1 -1 -0.627466 -1 -1 -0.925946 -1 -0.404178 -1 -0.364745 -0.408909 -1 -0.252213 -0.971693 0.235641 -0.944269 -1 -0.440351 -0.164549 -0.73184 -1 -1 -0.905482 -1 -1 0.0448373 -0.969658 -0.261286 0.295898 -0.992749 -1 -1 0.956253 -1 -1 -1 -0.514911 -0.994725 0.908073 0.657712 -1 -0.883986 -0.804215 -0.712548 -0.679819 -0.61029 -1 -0.61189 -0.839889 -1 -1 
0.937556 -0.299609 -1 -1 0.907759 -1 -1 0.636754 -1 -1 -0.564356 -0.75908 -1 -1 -0.845103 -1 0.813644 -1 0.279245 -1 0.0305243 -1 -1 0.267181 -1 -0.934868 -1 -0.811729 -0.580857 -0.860739 -0.869818 0.920214 -0.559689 0.337211 -1 -1 0.321825 -0.74833 -0.184286 -1 -0.964814 -0.436731 -1 -1 0.366558 -0.32615 -1 -0.212175 -1 -1 -0.335799 -0.711723 -0.763693 -0.722694 -1 -0.911772 -1 -0.329404 -0.457789 -0.508863 -0.688045 -0.777611 -0.126226 -0.566576 -0.993385 -0.670955 -1 -0.571934 -1 0.387716 -1 -0.941805 -0.0757333 -0.458111 -0.0159155 -1 -0.903964 0.516664 -0.707115 -0.553398 0.272872 -1 -0.559274 -0.581095 -0.869387 -0.136507 -1 0.585377 0.342135 -0.935117 -1 0.224653 -1 -0.209943 0.969104 -0.96364 -0.979301 -0.0901314 -0.242319 -0.675939 -1 -0.378758 -1 -0.557851 -0.12732 -0.779479 
-0.278714 -1 -0.934135 -1 0.379386 -0.716168 -1 -0.972888 -0.989392 -0.77757 -0.903068 -0.758003 -0.961635 -1 -0.985008 -1 1 -1 -0.0653328 -0.731144 0.487745 -0.912362 -1 0.0441065 -1 -1 -1 -0.89029 -1 -0.997439 -1 0.39778 -1 0.330034 -1 -1 -0.207529 -1 -0.971608 -1 -1 -1 -1 -1 -1 -0.498747 -0.958538 -0.259764 -1 -0.8874 -1 -1 -0.966075 -1 -1 -1 -1 -0.627466 -0.885729 -1 -0.925946 -0.866651 -0.404178 -1 -0.650975 -0.632152 -1 -0.252213 -1 0.188615 -1 -1 -0.58835 -0.164549 -0.534388 -1 -1 -0.905482 -1 -1 -0.259163 -0.969658 -0.298783 0.196898 -1 -1 -1 0.854057 -1 -1 -1 -0.465935 -0.948278 0.966214 0.141648 -1 -0.843603 -0.979997 -0.44937 -0.667683 -0.635879 -0.950693 -0.704195 -1 -1 -1 
-0.278714 -1 -1 -1 0.457355 -0.778306 -1 -0.984142 -1 -0.713173 -1 -0.882657 -1 -1 -1 -1 1 -1 -0.199781 -0.731144 0.487745 -0.76818 -1 0.048894 -0.986706 -0.945046 -1 -0.412569 -1 -1 -1 0.39778 -0.844521 0.195913 -1 -1 0.0972597 -0.52622 -1 -1 -1 -1 -0.893844 -1 -0.774137 -0.38649 -0.958538 -0.397169 -1 -1 -1 -1 -1 -0.760921 -1 -1 -1 -0.627466 -1 -1 -0.925946 -1 -0.404178 -1 -0.364745 -0.408909 -1 -0.252213 -1 0.336255 -1 -1 -0.440351 -0.164549 -0.84244 -1 -1 -0.905482 -1 -1 0.0448373 -0.969658 -0.261286 0.295898 -0.992749 -1 -1 0.956253 -1 -1 -1 -0.514911 -0.994725 0.908073 0.657712 -1 -0.883986 -0.804215 -0.712548 -0.679819 -0.61029 -1 -0.704195 -1 -1 -1 
-0.278714 -1 -1 -1 0.457355 -0.724172 -1 -0.984142 -1 -0.713173 -1 -0.893582 -1 -1 -0.985008 -1 1 -1 -0.0653328 -0.689434 0.487745 -0.76818 -1 0.048894 -0.964429 -0.945046 -1 -0.412569 -0.988368 -1 -1 0.39778 -0.96595 0.188383 -1 -1 -0.41691 -0.52622 -1 -1 -1 -0.850057 -0.983563 -1 -0.774137 -0.38649 -0.958538 -0.332001 -1 -1 -1 -1 -1 -0.760921 -1 -1 -1 -1 -1 -1 -0.988614 -1 -0.771895 -1 -0.364745 -0.800517 -1 -0.252213 -1 0.336255 -1 -1 -0.475606 -0.201069 -0.675925 -1 -1 -1 -1 -0.971192 0.0448373 -0.969658 -0.400536 0.307649 -0.992749 -1 -1 0.956253 -0.699458 -1 -1 -0.589181 -0.948278 1 0.657712 -0.916741 -1 -0.91954 -0.712548 -0.882537 -0.61077 -1 -0.704195 -1 -1 -1 
-0.240632 -1 -0.934135 -1 0.632643 -0.716168 -1 -1 -1 -0.713173 -1 -0.882657 -1 -1 -1 -1 1 -0.801342 -0.0653328 -0.801693 0.372425 -0.76818 -0.957903 0.0441065 -1 -1 -1 -0.945148 -1 -1 -1 0.39778 -1 0.471823 -1 -1 -0.207529 -0.643013 -1 -1 -1 -1 -1 -0.885245 -1 -0.500617 -1 -0.310286 -0.894207 -0.8874 -1 -1 -1 -1 -1 -1 -1 -0.627466 -0.885729 -1 -0.925946 -0.866651 -0.404178 -1 -0.364745 -0.632152 -1 -0.252213 -1 0.188615 -1 -1 -0.58835 -0.164549 -0.534388 -1 -1 -1 -1 -0.804375 -0.149127 -0.969658 -0.212145 0.196898 -0.992749 -1 -1 0.854057 -1 -1 -1 -0.492956 -1 1 0.657712 -1 -1 -1 -0.633401 -0.667683 -0.635879 -0.950693 -0.704195 -1 -1 -1 
-0.233359 -1 -1 -1 0.457355 -0.778306 -1 -0.967885 -1 -0.713173 -1 -0.882657 -1 -1 -0.835923 -1 1 -0.903699 -0.125454 -0.780692 0.487745 -0.980283 -1 0.150286 -0.978466 -1 -1 -1 -1 -1 -0.910407 0.39778 -0.844521 0.157689 -1 -1 0.0972597 -0.576574 -1 -1 -0.949095 -1 -1 -1 -0.759599 -0.596909 -0.958538 -0.442081 -0.962785 -1 -1 -1 -1 -0.833304 -0.994671 -0.898112 -1 -0.719231 -1 -1 -0.925946 -1 -0.404178 -1 -0.252192 -0.408909 -1 -0.252213 -1 0.336255 -1 -1 -0.440351 -0.281231 -0.789393 -1 -1 -0.969757 -1 -1 -0.035756 -0.844548 -0.278651 0.286161 -1 -1 -0.879975 0.913155 -1 -1 -1 -0.602303 -1 1 0.521174 -1 -0.883986 -0.804215 -0.727117 -0.620687 -0.61029 -1 -0.704195 -1 -1 -1 
-0.278714 -1 -0.934135 -1 0.035029 -0.716168 -1 -0.972888 -0.989392 -0.698693 -0.795763 -0.758003 -0.852896 -1 -0.827362 -1 1 -1 -0.0653328 -0.731144 0.290117 -0.76818 -1 0.0441065 -1 -1 -1 -0.89029 -1 -1 -1 0.508441 -1 0.330034 -1 -1 -0.207529 -0.643013 -1 -1 -1 -1 -0.893844 -1 -1 -0.38649 -0.994267 -0.259764 -1 -0.8874 -1 -1 -1 -1 -1 -1 -0.944785 -0.627466 -1 -1 -0.949893 -0.903755 -0.404178 -1 -0.733804 -0.632152 -1 -0.252213 -1 0.188615 -1 -1 -0.649654 -0.164549 -0.527968 -1 -1 -1 -1 -0.962322 -0.259163 -0.969658 -0.778 0.196898 -0.992749 -0.953198 -0.842447 0.854057 -0.889605 -1 -1 -0.465935 -0.948278 1 0.571149 -1 -0.843603 -0.979997 -0.417837 -0.667683 -0.635879 -0.950693 -0.704195 -0.936089 -0.95891 -1 
0.834636 -0.299609 -1 -1 0.804582 -1 -0.989273 0.574032 -1 -0.911327 -0.640627 -0.75908 -1 -1 -0.872836 -1 0.813644 -1 0.279245 -1 0.0305243 -1 -1 0.267181 -1 -0.934868 -1 -0.811729 -0.580857 -0.860739 -0.869818 0.668341 -0.559689 0.492159 -1 -1 -0.0918928 -0.74833 -0.451247 -1 -0.964814 -0.649964 -1 -1 -0.0564907 -0.624969 -1 0.275996 -0.831337 -1 -0.569683 -0.57469 -0.763693 -0.87368 -1 -1 -1 -0.329404 -0.482118 -0.508863 -0.650084 -0.973814 -0.447889 -0.566576 -0.993385 -0.670955 -0.977878 -0.590198 -1 0.648294 -1 -1 -0.0757333 -0.348766 -0.249321 -0.984185 -1 0.516664 -0.916177 -1 0.292683 -1 -0.566335 -0.581095 -0.977704 -0.050607 -1 0.585377 0.118196 -0.841201 -0.918086 0.224653 -1 -0.209943 0.969104 -0.96364 -1 -0.558248 -0.140116 -0.675939 -1 -0.378758 -1 -0.557851 -0.12732 -0.779479 
-0.233359 -1 -1 -1 0.457355 -0.778306 -1 -1 -1 -0.713173 -1 -0.882657 -0.971937 -1 -0.835923 -1 1 -0.903699 -0.125454 -0.780692 0.487745 -0.980283 -1 0.150286 -0.978466 -1 -1 -1 -1 -1 -0.910407 0.39778 -0.844521 0.157689 -1 -1 0.0972597 -0.576574 -1 -1 -0.949095 -1 -1 -1 -0.759599 -0.596909 -0.958538 -0.442081 -0.821414 -1 -1 -1 -1 -0.833304 -1 -0.898112 -1 -0.627466 -1 -1 -0.925946 -1 -0.404178 -1 -0.252192 -0.408909 -1 -0.252213 -1 0.317437 -1 -1 -0.440351 -0.281231 -0.789393 -1 -1 -0.969757 -1 -1 -0.035756 -0.848718 -0.278651 0.286161 -1 -1 -0.879975 0.825378 -1 -1 -1 -0.602303 -1 1 0.657712 -1 -0.883986 -0.804215 -0.727117 -0.620687 -0.61029 -1 -0.704195 -1 -1 -1 
-0.278714 -1 -1 -1 0.457355 -0.778306 -1 -0.984142 -1 -0.713173 -1 -0.882657 -1 -1 -1 -1 1 -1 -0.199781 -0.731144 0.487745 -0.76818 -1 0.048894 -0.986706 -0.945046 -1 -0.412569 -1 -1 -1 0.39778 -0.844521 0.195913 -1 -1 0.0972597 -0.52622 -1 -1 -1 -1 -0.893844 -1 -0.774137 -0.38649 -0.958538 -0.324158 -1 -1 -1 -1 -1 -0.760921 -1 -1 -1 -0.627466 -1 -1 -0.925946 -1 -0.404178 -1 -0.364745 -0.408909 -1 -0.252213 -1 0.336255 -1 -1 -0.440351 -0.164549 -0.84244 -1 -1 -0.905482 -1 -1 0.0448373 -0.969658 -0.261286 0.295898 -0.992749 -1 -1 0.956253 -1 -1 -1 -0.514911 -1 0.908073 0.53365 -1 -0.883986 -0.804215 -0.712548 -0.679819 -0.61029 -0.965346 -0.704195 -1 -1 -1 
-0.278714 -1 -1 -1 0.457355 -0.778306 -1 -0.984142 -1 -0.713173 -1 -0.882657 -1 -1 -1 -1 1 -1 -0.199781 -0.731144 0.487745 -0.76818 -1 0.048894 -0.986706 -0.945046 -1 -0.412569 -1 -1 -1 0.39778 -0.844521 0.195913 -1 -1 0.0972597 -0.52622 -1 -1 -1 -1 -0.893844 -1 -0.774137 -0.38649 -0.958538 -0.324158 -1 -1 -0.98534 -1 -1 -0.760921 -1 -1 -1 -0.627466 -1 -1 -0.925946 -1 -0.404178 -1 -0.364745 -0.408909 -1 -0.252213 -1 0.336255 -1 -1 -0.394533 -0.164549 -0.84244 -1 -1 -0.905482 -1 -1 0.0448373 -0.969658 -0.261286 0.295898 -0.992749 -1 -1 0.956253 -1 -1 -1 -0.514911 -0.994725 0.908073 0.657712 -1 -0.883986 -0.804215 -0.712548 -0.679819 -0.61029 -1 -0.704195 -1 -1 -1 
0.0707448 -1 -1 -0.920983 0.380499 -1 -0.993939 -0.938305 -1 -1 -0.927578 -0.79093 -1 -0.997431 -1 -1 0.757565 -1 -0.0694933 -0.731144 0.487745 -0.76818 -1 0.296341 -0.992584 -1 -1 -0.411743 -1 -0.812909 -1 0.486508 -0.844521 0.42323 -1 -1 0.223543 -0.658263 -0.664796 -1 -1 -0.401963 -1 -1 -0.95877 -0.271891 -1 0.185744 -1 -1 -0.853364 -1 -0.840914 -1 -1 -0.832248 -0.983275 -0.968682 -1 -1 -1 -1 -0.350975 -1 0.116702 -0.607837 -1 -0.0106093 -1 0.363495 -0.87748 -0.999886 0.488035 -0.12174 -0.65123 -1 -1 -0.927129 -1 -0.912924 -0.0713056 -1 -0.239602 0.21795 -0.827927 -1 -1 1 -0.920774 -0.917776 -0.516496 -0.554142 -1 0.881488 0.657712 -1 -0.981937 -0.385302 -0.372819 -0.615796 -0.930687 -1 -0.692608 -0.856649 -0.711363 -1 
-0.233359 -1 -1 -1 0.457355 -0.778306 -1 -0.967885 -1 -0.713173 -1 -0.882657 -0.971937 -1 -0.835923 -1 1 -0.903699 -0.125454 -0.780692 0.487745 -0.980283 -1 0.150286 -0.978466 -1 -1 -1 -1 -1 -0.910407 0.39778 -0.844521 0.157689 -1 -1 -0.0368932 -0.576574 -1 -1 -0.949095 -1 -1 -1 -0.759599 -0.596909 -0.958538 -0.442081 -0.821414 -1 -1 -1 -1 -0.833304 -1 -0.898112 -1 -0.68079 -1 -1 -0.925946 -1 -0.404178 -1 -0.252192 -0.408909 -1 -0.252213 -1 0.336255 -1 -1 -0.440351 -0.281231 -0.789393 -1 -1 -0.969757 -1 -1 -0.035756 -0.844548 -0.278651 0.286161 -1 -1 -0.879975 0.956253 -1 -1 -1 -0.602303 -1 1 0.657712 -1 -0.883986 -0.804215 -0.727117 -0.620687 -0.61029 -1 -0.704195 -1 -1 -1 
-0.278714 -1 -0.934135 -1 0.590292 -0.961969 -1 -0.984142 -1 -0.82061 -0.903068 -0.882657 -0.961635 -1 -0.985008 -1 0.964189 -1 -0.0653328 -0.731144 0.487745 -0.76818 -1 -0.0929358 -1 -1 -1 -1 -1 -1 -1 0.39778 -1 0.42323 -0.959385 -1 -0.313962 -0.606695 -1 -1 -1 -1 -0.893844 -1 -1 -0.523671 -1 -0.259764 -1 -0.8874 -1 -1 -1 -1 -1 -1 -1 -0.627466 -0.922061 -1 -0.925946 -1 -0.404178 -1 -0.441825 -0.632152 -1 -0.252213 -1 0.188615 -1 -1 -0.613644 -0.164549 -1 -0.97329 -1 -0.905482 -1 -0.953642 -0.149127 -1 -0.298783 0.111491 -0.992749 -1 -1 0.854057 -1 -1 -1 -0.465935 -0.948278 0.923282 0.657712 -1 -0.843603 -0.979997 -0.417837 -0.667683 -0.635879 -0.950693 -0.704195 -1 -1 -1 
-0.418581 -1 -1 -1 0.457355 -0.710911 -1 -1 -1 -0.713173 -1 -0.882657 -1 -1 -0.985008 -1 0.819486 -0.988329 -0.0653328 -0.689434 0.280344 -1 -1 -0.215344 -0.964429 -0.945046 -1 -0.674629 -1 -1 -0.998213 0.204483 -1 0.112097 -1 -1 0.0386877 -0.52622 -1 -1 -1 -1 -1 -1 -0.774137 -0.38649 -0.958538 -0.393008 -0.858182 -1 -1 -1 -0.865951 -0.760921 -1 -1 -1 -0.775094 -1 -1 -0.920812 -1 -0.404178 -1 -0.378677 -0.800517 -1 -0.569418 -1 0.129829 -1 -1 -0.475606 -0.622058 -0.675925 -1 -1 -1 -1 -0.825527 -0.519773 -1 -0.74493 0.307649 -0.992749 -1 -0.961733 0.956253 -0.699458 -1 -1 -0.463646 -0.896964 1 0.592955 -0.916741 -1 -1 -0.844823 -0.643277 -0.61077 -1 -0.789058 -1 -1 -1 
-0.233359 -1 -1 -1 0.457355 -0.778306 -1 -0.967885 -1 -0.784707 -1 -0.882657 -1 -1 -0.835923 -1 1 -0.903699 -0.125454 -0.780692 0.487745 -0.980283 -1 0.150286 -0.978466 -1 -1 -1 -1 -1 -0.910407 0.39778 -0.844521 0.157689 -1 -1 0.0972597 -0.576574 -1 -1 -0.949095 -1 -1 -1 -0.759599 -0.596909 -0.958538 -0.442081 -0.821414 -1 -1 -1 -1 -0.833304 -1 -0.898112 -1 -0.719231 -1 -1 -0.925946 -1 -0.404178 -1 -0.252192 -0.408909 -1 -0.252213 -1 0.336255 -1 -1 -0.440351 -0.281231 -0.789393 -1 -1 -0.969757 -1 -1 -0.035756 -0.844548 -0.278651 0.286161 -1 -1 -0.879975 0.913155 -1 -1 -1 -0.602303 -1 1 0.521174 -1 -0.883986 -0.804215 -0.727117 -0.620687 -0.61029 -1 -0.704195 -1 -1 -1 
-0.278714 -1 -0.93801 -1 0.632643 -1 -0.987268 -0.984142 -1 -0.89849 -0.974234 -0.882657 -0.959179 -1 -0.985008 -1 0.964189 -1 -0.0653328 -1 0.347141 -0.76818 -1 -0.0929358 -1 -1 -1 -0.860166 -1 -1 -0.881671 0.39778 -0.974343 0.42323 -1 -1 -0.313962 -0.606695 -1 -1 -1 -1 -0.893844 -1 -1 -0.852908 -0.822105 -0.259764 -1 -0.79268 -1 -1 -1 -1 -1 -0.803379 -1 -0.627466 -1 -1 -0.990885 -1 -0.404178 -1 -0.959245 -0.708114 -1 -0.252213 -1 -0.12006 -1 -1 -0.613644 -0.164549 -0.534388 -1 -1 -1 -1 -0.953642 -0.415811 -0.969658 -0.298783 0.111491 -1 -1 -1 0.807873 -1 -1 -1 -0.465935 -0.948278 0.900781 0.657712 -1 -1 -0.979997 -0.417837 -0.667683 -0.742449 -0.889759 -0.704195 -1 -0.884023 -1 
-0.278714 -1 -0.934135 -1 0.379386 -0.716168 -1 -0.972888 -0.989392 -0.77757 -1 -0.758003 -0.961635 -1 -0.79964 -1 1 -1 -0.0653328 -0.731144 0.491325 -0.76818 -1 0.0441065 -1 -1 -1 -0.979408 -1 -1 -1 0.39778 -1 0.330034 -1 -1 -0.207529 -0.643013 -0.95048 -1 -1 -1 -0.893844 -1 -1 -0.38649 -0.958538 -0.259764 -1 -0.8874 -1 -1 -0.966075 -1 -1 -1 -1 -0.627466 -0.885729 -1 -0.925946 -0.834716 -0.404178 -1 -0.733804 -0.632152 -1 -0.252213 -1 0.188615 -1 -1 -0.58835 -0.164549 -0.656266 -1 -1 -1 -1 -1 -0.259163 -0.969658 -0.298783 0.196898 -0.992749 -1 -0.811998 0.854057 -1 -1 -1 -0.465935 -1 1 0.571149 -1 -0.843603 -0.979997 -0.417837 -0.667683 -0.635879 -0.950693 -0.704195 -1 -1 -1 
-0.233359 -1 -1 -1 0.457355 -0.778306 -1 -0.967885 -1 -0.713173 -1 -0.882657 -0.944075 -1 -0.835923 -1 1 -0.835576 -0.125454 -1 0.487745 -0.987483 -1 0.190172 -0.978466 -1 -0.889899 -1 -1 -1 -0.828794 0.39778 -0.844521 0.157689 -1 -1 0.0972597 -0.576574 -1 -1 -0.949095 -0.838535 -1 -1 -0.759599 -0.596909 -0.994838 -0.442081 -0.821414 -1 -1 -1 -1 -0.833304 -1 -0.898112 -1 -0.627466 -1 -1 -0.925946 -1 -0.404178 -1 -0.252192 -0.392353 -1 -0.252213 -1 -0.0520585 -1 -1 -0.440351 -0.281231 -0.772273 -1 -1 -0.969757 -1 -1 -0.035756 -0.844548 -0.278651 0.286161 -1 -1 -0.879975 0.956253 -1 -1 -1 -0.602303 -1 1 0.77972 -1 -0.883986 -0.804215 -0.775295 -0.620687 -0.61029 -1 -0.704195 -1 -1 -1 
-0.278714 -1 -1 -1 0.457355 -1 -1 -0.984142 -1 -0.795552 -1 -0.882657 -1 -1 -1 -1 1 -1 -0.206201 -0.731144 0.397777 -0.76818 -1 0.048894 -0.986706 -0.945046 -1 -0.412569 -1 -1 -1 0.39778 -0.844521 0.195913 -1 -1 0.0972597 -0.52622 -1 -1 -1 -1 -0.893844 -1 -0.774137 -0.38649 -0.958538 -0.578812 -1 -1 -1 -1 -1 -0.721963 -1 -1 -1 -0.627466 -1 -1 -0.925946 -1 -0.404178 -1 -0.364745 -0.408909 -1 -0.252213 -1 0.336255 -1 -1 -0.424952 -0.164549 -0.84244 -1 -1 -0.905482 -1 -1 0.0448373 -0.969658 -0.261286 0.295898 -0.882739 -1 -1 0.956253 -1 -1 -1 -0.514911 -0.994725 0.862389 0.657712 -1 -0.883986 -0.804215 -0.712548 -0.679819 -0.61029 -1 -0.664036 -1 -1 -0.96517 
-0.278714 -1 -1 -1 0.457355 -0.778306 -1 -0.984142 -1 -0.795552 -1 -0.882657 -1 -0.852489 -1 -1 1 -1 -0.281409 -0.731144 0.522645 -0.76818 -1 0.048894 -0.986706 -0.945046 -1 -0.412569 -1 -1 -1 0.39778 -0.844521 0.13546 -1 -1 0.0972597 -0.52622 -1 -1 -0.902091 -1 -1 -1 -0.774137 -0.38649 -0.958538 -0.324158 -1 -1 -1 -1 -1 -0.754489 -1 -1 -1 -0.627466 -1 -1 -0.925946 -1 -0.404178 -1 -0.364745 -0.408909 -1 -0.252213 -0.971693 0.336255 -0.944269 -1 -0.440351 -0.164549 -0.73184 -1 -1 -0.905482 -1 -1 0.0448373 -0.969658 -0.261286 0.295898 -0.992749 -1 -1 0.956253 -1 -1 -1 -0.514911 -0.994725 0.908073 0.657712 -1 -0.883986 -0.804215 -0.712548 -0.679819 -0.61029 -1 -0.61189 -0.839889 -1 -1 
-0.233359 -0.908345 -1 -1 0.173183 -0.778306 -1 -0.967885 -1 -0.935532 -1 -0.882657 -1 -1 -1 -1 1 -0.990053 -0.0653328 -0.844319 0.487745 -0.987483 -1 -0.0905711 -0.978466 -0.852031 -1 -1 -1 -1 -1 0.39778 -0.844521 0.195913 -1 -1 -0.512656 -0.576574 -1 -1 -0.949095 -1 -0.817656 -1 -0.759599 -0.560968 -1 -0.972229 -1 -1 -1 -1 -1 -0.747409 -1 -0.898112 -1 -0.450872 -1 -1 -0.925946 -1 -0.554837 -1 -0.122891 -0.408909 -1 -0.252213 -1 0.336255 -1 -1 -0.462285 -0.463903 -1 -1 -1 -1 -1 -1 -0.0460083 -0.713006 -0.278651 0.286161 -1 -0.986826 -0.879975 0.830079 -1 -1 -1 -0.602303 -0.994725 1 0.740812 -1 -0.883986 -0.804215 -0.884788 -0.620687 -0.61029 -1 -0.704195 -0.896099 -1 -1 
0.97596 -0.299609 -1 -1 0.907759 -1 -0.883071 0.636754 -1 -1 -0.564356 -0.50258 -0.900532 -1 -1 -1 0.364385 -1 0.279245 -0.729559 0.228427 -0.797925 -1 0.438208 -0.463616 -1 -1 -0.944548 -0.134855 -1 -1 1 -0.559689 0.337211 -1 -1 0.378149 -0.253642 -0.441527 -1 -0.964814 -0.627656 -1 -0.969911 -0.207951 -0.824961 -1 0.325979 -1 -1 -0.335799 -0.142274 -0.988744 -0.841959 -0.849793 -1 -0.953689 -0.571005 -0.457789 -0.583411 -1 -0.707347 0.0192533 -0.6093 -0.392025 -0.580781 -1 -0.435361 -1 0.524079 -1 -1 -0.719907 -1 -0.0159155 -0.956864 -0.903964 0.633378 -0.882085 -0.863907 0.298404 -0.682835 -0.559274 -0.181778 -0.977704 -0.111441 -1 0.979583 -0.344596 -0.687003 -1 0.0768563 -1 0.229971 0.293023 -1 -0.866023 -0.0901314 -0.628535 -0.675939 -1 -0.492494 -1 -1 0.964524 -0.52073 
-0.278714 -1 -1 -1 0.457355 -0.778306 -1 -0.984142 -1 -0.713173 -1 -0.889386 -1 -1 -1 -1 1 -1 -0.199781 -0.731144 0.487745 -0.76818 -1 0.048894 -0.986706 -0.945046 -0.982929 -0.412569 -1 -1 -1 0.39778 -0.844521 0.195913 -1 -1 0.0972597 -0.52622 -1 -1 -1 -1 -0.893844 -1 -0.774137 -0.38649 -0.958538 -0.324158 -1 -1 -1 -1 -1 -0.760921 -1 -1 -0.984034 -0.627466 -1 -1 -0.925946 -1 -0.404178 -1 -0.364745 -0.408909 -1 -0.252213 -1 0.336255 -0.96 -1 -0.42622 -0.164549 -0.826135 -1 -1 -0.905482 -1 -1 0.0448373 -0.969658 -0.261286 0.295898 -0.992749 -1 -1 0.818839 -1 -1 -1 -0.514911 -0.994725 0.908073 0.657712 -1 -0.883986 -0.804215 -0.712548 -0.679819 -0.565324 -1 -0.704195 -1 -1 -1 
-0.233359 -1 -1 -1 0.457355 -0.778306 -1 -0.967885 -1 -0.713173 -1 -0.882657 -0.971937 -1 -0.835923 -1 1 -0.903699 -0.125454 -0.780692 0.487745 -0.980283 -1 0.150286 -0.978466 -1 -1 -1 -1 -1 -0.910407 0.39778 -0.844521 0.157689 -1 -1 0.0972597 -0.576574 -1 -1 -0.949095 -1 -1 -1 -0.759599 -0.596909 -0.958538 -0.539929 -0.821414 -1 -1 -1 -1 -0.833304 -1 -0.898112 -1 -0.627466 -1 -1 -0.925946 -1 -0.404178 -1 -0.252192 -0.408909 -1 -0.252213 -1 0.336255 -1 -1 -0.440351 -0.281231 -0.789393 -1 -1 -0.969757 -1 -1 -0.035756 -0.848718 -0.278651 0.286161 -1 -1 -0.879975 0.825378 -1 -1 -1 -0.602303 -1 1 0.657712 -1 -0.883986 -0.804215 -0.727117 -0.620687 -0.61029 -1 -0.704195 -1 -1 -1 
-0.278714 -1 -0.934135 -1 0.379386 -0.716168 -1 -0.972888 -0.989392 -0.77757 -1 -0.758003 -0.961635 -1 -0.79964 -1 1 -1 -0.0653328 -0.731144 0.491325 -0.76818 -1 0.0441065 -1 -1 -1 -0.979408 -1 -1 -1 0.39778 -1 0.330034 -1 -1 -0.207529 -0.643013 -1 -1 -1 -1 -0.893844 -1 -1 -0.38649 -0.958538 -0.259764 -1 -0.8874 -1 -1 -0.966075 -1 -1 -1 -1 -0.627466 -0.885729 -1 -0.925946 -0.834716 -0.404178 -1 -0.733804 -0.632152 -1 -0.252213 -1 0.188615 -1 -1 -0.58835 -0.164549 -0.656266 -1 -1 -1 -1 -1 -0.259163 -0.969658 -0.298783 0.196898 -0.992749 -1 -0.811998 0.854057 -1 -1 -1 -0.465935 -1 1 0.571149 -1 -0.843603 -0.979997 -0.417837 -0.667683 -0.592175 -0.950693 -0.704195 -1 -1 -1 
-0.278714 -1 -1 -1 0.457355 -0.778306 -1 -0.984142 -0.925553 -0.713173 -1 -0.89141 -1 -1 -1 -1 0.748192 -1 -0.199781 -0.70639 0.487745 -0.76818 -1 -0.35425 -0.986706 -1 -1 -0.412569 -1 -1 -1 0.39778 -0.844521 0.195913 -1 -1 0.0972597 -0.52622 -1 -1 -1 -1 -0.893844 -1 -0.774137 -0.38649 -0.958538 -0.324158 -1 -1 -1 -1 -1 -0.760921 -1 -1 -1 -0.627466 -1 -1 -0.925946 -1 -0.404178 -1 -0.469101 -0.408909 -1 -0.252213 -1 0.336255 -1 -1 -1 -0.164549 -0.84244 -1 -1 -0.905482 -1 -0.845273 0.0448373 -0.969658 -0.261286 0.295898 -0.992749 -1 -0.804421 0.956253 -1 -1 -1 -0.514911 -1 0.908073 0.53365 -1 -0.883986 -0.804215 -1 -0.679819 -0.61029 -0.965346 -0.704195 -1 -1 -1 
