0.360286 0.0779636 -1 -1 -0.0369625 -0.548164 -0.340506 -0.68426 0.538042 -0.920104 -1 -0.0560625 -1 -1 -1 -0.914937 -1 0.93523 -0.126097 -0.468339 -1 -1 -1 -1 -0.0579961 -0.245706 -0.257752 0.899643 -0.514721 -0.760164 -0.167993 -1 -0.857957 -1 -0.857731 -0.779218 -0.874182 -0.140339 -0.727565 -0.419643 0.112851 -1 -0.924692 -1 -1 -0.128634 0.391253 -0.566867 -0.563747 -0.916539 -0.822408 0.0946634 -0.541519 -1 -1 0.0612108 -0.922913 0.0165241 -0.541458 -0.903964 -1 -1 -1 -0.417495 0.227931 -0.0170361 -0.116501 0.271332 0.787766 0.545961 0.113917 -0.661035 0.332467 -1 -1 -0.946529 -0.962559 -0.0688732 -0.949146 0.164384 -1 0.377407 0.760418 -0.793067 -0.447087 -0.403629 -0.0236157 0.480339 -1 0.138871 -1 -0.605789 -0.745962 0.997488 -1 0.718786 -0.342985 0.0109975 -0.906119 0.925476 -0.882984 -1 -0.445256 0.649056 -0.0949626 -0.678403 
0.360286 0.0779636 -1 -1 -0.24943 -0.679361 -0.195553 -0.246083 0.340324 -0.734797 -1 -0.0560625 -1 -1 -1 -0.914937 -1 0.93523 -0.26824 -0.728422 -1 -1 -1 -1 -0.0579961 -0.245706 -0.292987 1 -0.514721 -0.693227 -0.209327 -1 -1 -1 -1 -1 -0.874182 -0.400135 -1 -0.745156 0.117004 -1 -0.641233 -1 -1 -0.128634 0.391253 -0.566867 -0.563747 -0.916539 -0.822408 0.0979896 -0.541519 -1 -1 0.459067 -0.941353 -0.212789 -0.470468 -0.966536 -1 -0.0715255 -1 -0.417495 0.227931 -0.218236 -0.165398 0.295797 0.670501 0.472268 0.113917 -0.661035 0.332467 -0.608538 -1 -1 -0.962559 -0.0688732 -0.949146 0.164384 -1 0.348704 0.760418 -0.920318 -0.447087 0.0324916 -0.0236157 0.480339 -0.891153 0.138871 -1 -0.605789 -0.873075 0.997488 -1 0.718786 -0.273745 0.0109975 -0.23679 0.970804 -1 -1 -0.344569 0.706296 -0.0949626 -0.678403 
0.360286 -0.0893151 -1 -0.985153 -0.379836 -0.548164 -0.765605 -0.246083 0.316623 -0.734797 -1 -0.0560625 -1 -1 -1 -1 -0.678756 0.93523 -0.26824 -0.728422 -1 -1 -0.921066 -0.952464 -0.0579961 -0.245706 -0.292987 1 -0.514721 -0.693227 -0.322454 -1 -1 -1 -1 -1 -0.874182 -0.510121 -1 -0.745156 0.117004 -0.727847 -1 -1 -1 -0.128634 0.391253 -0.566867 -1 -1 -0.822408 0.0979896 -0.940349 -1 -1 0.153073 -0.941353 -0.212789 -1 -0.966536 -1 -0.0715255 -1 -0.417495 0.227931 -0.218236 -0.165398 0.295797 0.670501 0.545961 0.113917 -0.643006 -0.230357 -0.608538 -1 -1 -1 -1 -0.949146 0.164384 -1 0.348704 0.760418 -0.920318 -0.447087 0.0324916 -0.0236157 0.480339 -0.891153 0.138871 -1 -0.84284 -1 0.997488 -0.922631 0.718786 -0.273745 -0.425629 0.138784 0.925476 -1 -1 -0.344569 0.649056 -0.0949626 -0.678403 
0.360286 0.0970903 -1 -1 -0.24943 -0.548164 -1 -1 0.340324 -1 -1 -0.0560625 -1 -1 -0.817373 -0.914937 -0.975688 0.93523 -0.26824 -0.670525 -1 -1 -1 -1 -0.0579961 -0.245706 -0.143285 1 -0.595359 -0.760164 -0.233018 -1 -1 -1 -1 -1 -0.874182 -0.400135 -1 -0.745156 0.117004 -1 -1 -1 -1 0.123228 0.391253 -0.566867 -0.695963 -0.95461 -0.822408 0.0979896 -0.512877 -1 -1 0.459067 -1 0.0165241 -0.470468 -1 -1 -0.0715255 -1 -1 0.227931 -0.218236 -0.116501 0.122783 0.868423 0.484447 0.113917 -0.661035 0.332467 -0.720574 -1 -1 -0.962559 -0.783915 -0.949146 0.164384 -1 0.0403657 0.760418 -0.793067 -0.582933 0.0388666 -0.0236157 0.480339 -0.891153 0.0478469 -1 -0.605789 -0.745962 0.879842 -1 0.718786 -0.273745 0.0109975 -0.23679 0.843521 -0.605192 -1 -0.344569 0.649056 -0.0617152 -0.678403 
0.360286 0.0779636 -1 -1 -0.264795 -0.548164 -0.195553 -0.307965 0.674849 -0.734797 -1 -0.0560625 -1 -1 -1 -1 -1 1 -0.26824 -0.70373 -1 -1 -1 -1 -0.871182 -0.365873 -0.292987 1 -0.514721 -0.80775 -0.233018 -1 -1 -1 -1 -1 -0.874182 -0.400135 -1 -0.745156 0.117004 -1 -0.641233 -1 -1 -0.988982 0.391253 -0.566867 -0.563747 -0.916539 -0.822408 0.0979896 -0.541519 -1 -1 0.787867 -0.941353 -0.212789 -0.470468 -0.966536 -0.613723 -0.0715255 -1 -0.417495 0.227931 -0.218236 -0.165398 0.295797 0.670501 0.545961 0.113917 -0.661035 0.332467 -0.608538 -1 -1 -0.962559 -0.0688732 -1 0.164384 -1 0.107486 1 -1 -0.447087 0.0324916 -0.0236157 0.480339 -0.891153 0.138871 -1 -0.605789 -1 0.997488 -1 0.959255 -0.273745 0.0109975 -0.23679 0.970804 -1 -1 -0.344569 0.998049 0.255981 -0.678403 
0.360286 0.0779636 -1 -1 -0.24943 -0.548164 -0.296161 -0.246083 0.340324 -0.734797 -1 -0.0560625 -1 -1 -1 -0.914937 -1 0.93523 -0.26824 -0.670525 -1 -1 -1 -1 -0.0579961 -0.245706 -0.292987 1 -0.595359 -0.760164 -0.233018 -1 -1 -1 -0.974865 -1 -0.874182 -0.400135 -1 -0.745156 0.117004 -1 -0.641233 -1 -1 -0.128634 0.391253 -0.566867 -0.695963 -0.916539 -0.822408 0.0979896 -0.512877 -1 -1 0.459067 -0.941353 0.0165241 -0.470468 -0.966536 -1 -0.0715255 -1 -0.417495 0.227931 -0.218236 -0.116501 0.295797 0.670501 0.484447 0.113917 -0.661035 0.332467 -0.720574 -1 -1 -0.962559 -0.0953866 -0.949146 0.164384 -1 0.348704 0.760418 -0.793067 -0.447087 0.0388666 -0.0236157 0.480339 -0.891153 0.0478469 -1 -0.605789 -0.745962 0.917421 -1 0.718786 -0.273745 0.0109975 -0.23679 0.843521 -1 -1 -0.344569 0.649056 -0.0617152 -0.678403 
-0.480468 0.0779636 -1 -1 -0.24943 -0.548164 -0.296161 -0.246083 0.340324 -0.734797 -1 -0.0560625 -0.959266 -1 -1 -0.914937 -1 0.93523 -0.26824 -0.670525 -1 -1 -1 -1 -0.0579961 -1 -0.292987 1 -0.595359 -0.760164 -0.233018 -1 -1 -1 -0.974865 -1 -0.874182 -0.400135 -1 -0.393857 0.117004 -1 -1 -1 -1 -0.0061453 0.391253 -0.566867 -0.695963 -0.916539 -1 0.0979896 -0.448199 -1 -1 0.459067 -0.941353 0.0165241 -0.470468 -0.966536 -1 -0.0715255 -1 -0.417495 0.227931 -0.218236 -0.116501 -0.181012 0.670501 0.484447 -0.88829 -0.661035 0.332467 -0.720574 -1 -1 -0.962559 -0.261867 -0.949146 0.164384 -1 0.348704 0.00658107 -0.793067 -0.77079 -0.854734 -0.590487 0.860908 -1 0.0478469 -1 -0.605789 -0.745962 0.514178 -1 0.718786 -0.40092 -0.683607 -0.23679 0.253638 -1 -1 -0.344569 -0.191046 -0.0617152 -0.678403 
0.360286 0.0779636 -1 -1 -0.24943 -0.548164 -0.296161 -0.246083 0.340324 -1 -1 -0.00263724 -1 -1 -0.664873 -0.914937 -1 0.93523 -0.26824 -0.670525 -1 -1 -1 -1 -0.0579961 -0.245706 -0.292987 1 -0.36551 -0.760164 -0.566442 -1 -1 -1 -0.829011 -1 -0.874182 -0.400135 -1 -0.745156 0.117004 -0.771893 -0.641233 -1 -1 -0.128634 0.391253 -0.566867 -0.695963 -0.916539 -0.822408 0.0979896 -0.327903 -1 -1 0.459067 -0.941353 0.0165241 -0.470468 -0.966536 -1 -0.0715255 -1 -0.136263 0.227931 -0.218236 -0.116501 0.295797 0.670501 0.484447 0.113917 -0.661035 0.332467 -0.720574 -1 -1 -0.962559 -0.0953866 -0.949146 0.164384 -1 0.348704 0.760418 -0.793067 -0.447087 0.0388666 0.00476658 0.480339 -0.891153 0.0478469 -1 -0.605789 -0.396963 0.917421 -1 -0.359385 -0.273745 0.0109975 -0.23679 0.843521 -1 -1 -0.344569 0.649056 -0.0617152 -0.678403 
-0.555599 -0.0711323 -1 -1 -0.173838 -0.548164 -0.234624 -0.346465 0.645089 -0.714073 -1 -0.163454 -0.550568 -1 -0.808184 -1 -1 0.93523 -0.687112 -0.728422 -1 -1 -1 -1 -0.0579961 -0.315244 -0.292987 0.891786 -0.443898 -0.993821 0.0530903 -1 -1 -1 -1 -1 -0.874182 -0.416626 -1 -0.837308 -0.824824 -1 -0.458723 -0.698574 -1 -0.315533 0.391253 -0.37416 -0.563747 -0.939915 -1 0.0979896 -0.687385 -1 -0.88819 0.459067 -0.941353 -0.0864797 -0.810216 -0.898758 -1 -0.465807 -1 -0.375405 -0.0211663 -0.317721 -0.385209 0.225696 0.670501 0.545961 0.113917 -0.346891 0.0692025 -0.704534 -0.939555 -1 -1 -0.0442009 -0.949146 -0.159612 -1 0.631279 0.760418 -0.907311 -0.447087 -0.332124 -0.0236157 0.480339 -0.953262 -0.190307 -1 -0.630615 -0.907117 0.997488 -0.932611 0.694157 -0.205343 -0.12672 0.22726 0.749765 -0.964457 -0.877531 0.0356413 0.260864 0.210408 -0.85451 
0.360286 -0.0893151 -1 -1 -0.379836 -0.548164 -1 -0.246083 -0.721983 -0.734797 -1 -0.0560625 -1 -1 -1 -1 -0.891061 0.646592 -0.26824 -0.728422 -1 -1 -0.921066 -0.952464 -0.0579961 -0.639621 -0.292987 1 -0.514721 -0.693227 -0.322454 -1 -1 -1 -1 -1 -1 -0.510121 -1 -0.745156 0.117004 -0.727847 -1 -1 -1 -1 -0.110866 -0.541099 -1 -0.838002 -0.822408 -0.499486 -0.940349 -1 -1 0.153073 -1 -0.212789 -1 -1 -1 -0.0715255 -1 -0.990451 0.227931 -0.895296 -0.165398 0.295797 0.670501 0.545961 0.113917 -0.643006 -0.230357 -0.608538 -0.61996 -1 -1 -1 -1 0.164384 -1 0.470521 0.760418 -0.920318 -1 0.0324916 -0.0236157 0.813652 -0.899494 0.48987 -1 -0.84284 -1 0.997488 -0.922631 0.718786 -1 -0.425629 0.138784 0.584174 -1 -1 -0.344569 0.0250413 -0.0949626 -0.471167 
-0.564732 0.372712 -1 -1 -0.0369625 -0.548164 -0.195553 -0.246083 0.645089 -1 -1 -0.0560625 -0.839321 -1 -0.808184 -0.914937 -1 0.93523 -0.378846 -0.703254 -0.949592 -1 -0.99622 -0.980287 -0.0579961 -0.245706 0.0949275 0.330465 -0.514721 -0.760164 0.0530903 -1 -1 -1 -1 -0.882017 -0.874182 -0.416626 -1 -0.779574 -1 -1 -0.517015 -0.698574 -1 -0.0986566 0.391253 -0.37416 -0.563747 -1 -1 0.0979896 -0.541519 -1 -1 0.459067 -0.941353 -0.0372752 -0.541458 -0.898758 -1 -0.0715255 -1 -1 0.240258 -0.0170361 -0.385209 0.295797 -0.154929 0.545961 0.113917 -0.346891 0.292569 -1 -0.673813 -1 -1 -1 -0.949146 0.164384 -1 0.09668 0.760418 -0.793067 -0.392292 0.0373283 -0.130614 0.480339 -0.944352 0.138871 -1 -0.839919 -0.975538 0.997488 -0.932611 1 -0.0984661 -0.0753481 -0.00942233 0.13513 -0.964457 -0.860734 0.0356413 0.270232 0.210408 -0.678403 
0.380472 0.0779636 -1 -1 -0.0369625 -0.213155 -0.340506 -0.68426 0.538042 -1 -1 -0.0560625 -1 -1 -0.790213 -0.914937 -1 0.93523 -0.126097 -0.468339 -1 -1 -1 -1 -0.0579961 -0.245706 -0.257752 0.899643 -0.514721 -1 -1 -1 -0.857957 -1 -0.857731 -0.779218 -0.874182 -0.140339 -0.727565 -0.839108 0.112851 -1 -0.924692 -1 -1 -0.128634 0.391253 -0.566867 -0.563747 -0.916539 -0.822408 0.0946634 -0.541519 -1 -1 -0.703284 -0.922913 0.0165241 -1 -0.903964 -1 -1 -1 -0.417495 -0.213694 -0.0170361 -0.116501 0.271332 0.787766 0.545961 0.113917 -0.661035 0.332467 -1 -1 -1 -0.962559 0.110322 -0.949146 0.164384 -1 0.377407 0.760418 -0.793067 -1 -0.5383 -0.0236157 0.480339 -1 0.138871 -1 -0.258324 -0.745962 0.997488 -1 0.718786 -0.342985 0.0109975 -0.906119 0.925476 -1 -1 -0.445256 0.649056 -0.0949626 -0.678403 
0.217986 -0.142616 -0.942101 -0.90526 -0.0369625 -0.518514 -0.185713 -0.813299 0.0416127 -1 -0.967071 -0.720834 -1 -1 -1 -1 -1 0.93523 -0.0746454 -0.862647 -0.934106 -1 -1 -1 -0.317198 -0.721621 -0.292987 0.636033 -1 -1 -0.0736414 -1 -1 -0.927822 -0.881994 -0.882017 -0.878525 -0.611743 -0.922584 -0.692466 -0.330528 -1 -0.568158 -1 -1 -0.128634 -0.0865811 -0.400108 -0.895463 -0.916539 -1 0.383848 -1 -1 -0.85381 0.21124 -1 0.0165241 -0.886234 -1 -1 -0.0715255 -1 -0.682048 -0.911328 -0.807752 -0.116501 -0.328196 0.670501 0.0933166 0.113917 -0.453733 0.332467 -0.472181 -1 -0.955326 -1 -0.241106 -0.949146 -0.0415014 -0.900808 0.381135 -0.00456965 -0.793067 -0.447087 0.0373283 -0.0236157 -0.0528084 -0.891153 -0.327968 -0.995064 -0.45673 -1 1 -1 0.80837 -0.55205 -0.250362 0.0405147 0.403059 -0.964457 -1 -0.104516 0.457217 -0.0288581 -0.532306 
0.360286 0.0779636 -1 -1 -0.24943 -0.548164 -0.296161 -0.246083 0.340324 -0.734797 -1 -0.0560625 -1 -1 -1 -0.914937 -1 0.93523 -0.26824 -0.670525 -1 -1 -1 -1 -0.0579961 -0.245706 -0.292987 1 -0.595359 -0.760164 -0.233018 -1 -1 -1 -0.974865 -1 -0.874182 -0.400135 -1 -0.745156 0.117004 -1 -0.641233 -1 -1 -0.128634 0.391253 -0.566867 -0.695963 -0.916539 -0.822408 0.0979896 -0.512877 -1 -1 0.459067 -0.941353 0.0165241 -0.470468 -0.966536 -1 -0.0715255 -1 -0.417495 0.227931 -0.218236 -0.116501 0.295797 0.670501 0.484447 0.113917 -0.661035 0.332467 -0.720574 -1 -1 -0.962559 -0.0688732 -0.949146 0.164384 -1 0.348704 0.760418 -0.793067 -0.447087 0.0388666 -0.0236157 0.480339 -0.891153 0.0478469 -1 -0.605789 -0.745962 0.917421 -1 0.718786 -0.273745 0.0109975 -0.23679 0.843521 -0.987611 -1 -0.344569 0.649056 -0.0617152 -0.678403 
0.360286 0.0779636 -1 -1 -0.24943 -0.679361 -0.195553 -0.246083 0.340324 -0.734797 -0.985951 -0.0560625 -1 -1 -1 -0.914937 -1 0.93523 -0.26824 -0.728422 -1 -1 -1 -1 -0.0579961 -0.245706 -0.292987 1 -0.514721 -0.693227 -0.209327 -0.95951 -1 -1 -1 -1 -0.874182 -0.400135 -1 -0.745156 0.117004 -1 -0.641233 -1 -1 -0.128634 0.391253 -0.566867 -0.563747 -0.916539 -0.822408 0.0979896 -0.541519 -1 -1 0.459067 -0.941353 -0.212789 -0.470468 -0.966536 -1 -0.0715255 -1 -0.417495 0.227931 -0.218236 -0.165398 0.295797 0.670501 0.545961 0.113917 -0.661035 0.332467 -0.608538 -1 -1 -0.962559 -0.0688732 -0.949146 0.0869799 -1 0.348704 0.760418 -0.920318 -0.447087 0.0324916 -0.0236157 0.480339 -0.891153 0.138871 -1 -0.605789 -0.745962 0.997488 -1 0.718786 -0.273745 0.0109975 -0.23679 0.970804 -1 -1 -0.344569 0.706296 -0.114704 -0.678403 
0.360286 -0.471821 -1 -1 -0.379836 -0.548164 -1 -0.246083 -0.691555 -0.734797 -1 -0.394791 -1 -1 -1 -1 -0.891061 0.646592 -0.193974 -0.886902 -1 -1 -0.900848 -1 -0.0579961 -0.639621 -0.292987 1 -0.514721 -0.693227 -0.322454 -1 -1 -1 -1 -1 -1 -0.510121 -1 -0.745156 0.117004 -0.727847 -1 -1 -1 -1 -0.110866 -0.541099 -1 -0.838002 -0.822408 -0.499486 -0.940349 -0.795941 -1 0.153073 -1 -0.0453282 -1 -1 -1 -0.741649 -1 -1 0.227931 -0.895296 -0.165398 0.629649 0.670501 0.545961 0.113917 -0.643006 -0.230357 -0.608538 -0.61996 -1 -1 -1 -1 0.164384 -1 0.470521 0.760418 -0.920318 -1 0.0324916 -1 0.895194 -0.899494 -0.535775 -1 -0.84284 -1 0.214642 -0.922631 0.718786 -1 -1 -0.909724 0.584174 -1 -0.849218 -0.344569 0.0250413 -0.0949626 -0.471167 
0.360286 0.0779636 -1 -1 -0.24943 -0.679361 -0.195553 -0.835475 0.340324 -0.961101 -1 -0.0560625 -1 -1 -1 -0.914937 -1 0.141584 -0.249116 -1 -1 -1 -1 -1 -0.847155 -1 -0.292987 1 -0.514721 -0.693227 -0.209327 -0.612293 -1 -1 -1 -1 -0.874182 -0.400135 -1 -0.745156 0.117004 -1 -0.694624 -1 -1 -0.443611 0.391253 -0.566867 -0.563747 -0.916539 -0.822408 0.0979896 -0.541519 -1 -1 0.459067 -1 -0.212789 -0.685958 -1 -1 -0.0715255 -1 -0.417495 -0.208561 -0.218236 -0.165398 0.295797 -0.20874 0.472268 0.113917 -0.661035 0.332467 -0.608538 -1 -1 -0.962559 -0.0688732 -0.82065 0.164384 -1 0.446091 0.760418 -0.983136 -0.447087 -0.711073 -0.0236157 0.480339 -0.599314 0.138871 -1 -0.605789 -1 0.997488 -1 0.718786 -0.273745 0.0564204 -0.23679 0.970804 -0.986468 -1 -0.344569 0.706296 -0.0949626 -0.678403 
0.360286 0.0779636 -1 -1 -0.264795 -0.548164 -0.166476 -0.246083 0.340324 -0.734797 -1 -0.0758668 -1 -1 -1 -0.914937 -1 0.93523 -0.26824 -0.70373 -1 -1 -1 -1 -0.0579961 -0.245706 -0.385123 1 -0.655884 -0.80775 -0.233018 -1 -1 -1 -1 -1 -0.982768 -0.400135 -1 -0.745156 0.117004 -1 -0.641233 -1 -1 -0.128634 0.391253 -0.566867 -0.563747 -0.916539 -0.822408 0.0979896 -0.541519 -1 -1 0.459067 -0.941353 -0.212789 -0.470468 -0.966536 -1 -0.0715255 -1 -0.417495 0.227931 -0.218236 -0.165398 0.295797 0.670501 0.545961 0.113917 -0.661035 0.332467 -0.608538 -1 -1 -0.962559 -0.0688732 -0.949146 0.164384 -1 0.348704 0.699014 -0.920318 -0.447087 0.0324916 -0.0236157 0.480339 -0.891153 0.138871 -1 -0.605789 -0.708453 0.865376 -1 0.718786 -0.273745 0.0109975 -0.23679 0.904494 -1 -1 -0.344569 0.706296 -0.0949626 -0.678403 
0.372709 0.0779636 -1 -1 -0.264795 -0.548164 -0.312655 -0.307965 0.10132 -0.734797 -1 -0.0560625 -1 -1 -1 -1 -1 1 0.101474 -0.70373 -1 -1 -1 -1 -0.871182 -0.365873 -0.292987 1 -1 -0.80775 -0.233018 -1 -1 -1 -1 -1 -0.874182 -0.400135 -0.817538 -0.745156 -0.99875 -1 -0.641233 -1 -1 -0.988982 0.384383 -0.566867 -0.6906 -0.916539 -0.822408 0.0979896 -0.541519 -0.685628 -1 1 -0.941353 -0.212789 -0.470468 -0.966536 -0.613723 -0.0715255 -1 -0.417495 0.227931 -0.218236 -0.470888 0.254172 0.670501 0.545961 0.113917 -0.661035 -0.201319 -0.608538 -1 -1 -0.962559 -0.0688732 -1 0.164384 -1 0.107486 1 -1 -0.447087 -0.0915232 0.0648461 0.480339 -0.891153 0.472256 -1 -0.605789 -1 0.997488 -1 0.959255 -0.228118 0.0109975 -0.23679 -0.107785 -1 -1 -0.344569 0.998049 0.255981 -0.678403 
0.360286 -0.0893151 -1 -0.985153 -0.379836 -0.548164 -0.468594 -0.246083 -0.519561 -0.734797 -1 -0.0560625 -1 -1 -1 -1 -0.678756 0.93523 -0.26824 -0.728422 -1 -1 -0.921066 -0.952464 -0.0579961 -0.245706 -0.292987 1 -0.514721 -0.693227 -0.322454 -1 -1 -1 -1 -1 -0.874182 -0.510121 -1 -0.745156 0.117004 -0.727847 -1 -1 -1 -1 0.391253 -0.566867 -1 -0.838002 -0.822408 0.0979896 -0.940349 -0.758525 -1 0.153073 -1 -0.212789 -1 -1 -1 -0.0715255 -1 -0.417495 0.227931 -0.071422 -0.165398 0.295797 0.670501 0.545961 0.113917 -0.643006 -0.230357 -0.608538 -1 -1 -1 -1 -0.949146 0.164384 -1 0.470521 0.760418 -0.920318 -0.447087 0.0324916 -0.0236157 0.735833 -1 0.48987 -1 -0.84284 -1 0.997488 -0.922631 0.718786 -1 -0.425629 0.138784 0.925476 -1 -1 -0.344569 0.0250413 -0.0949626 -0.471167 
0.360286 0.0779636 -1 -1 -0.24943 -0.548164 -0.296161 -0.246083 0.296296 -0.734797 -1 -0.0560625 -1 -1 -1 -0.914937 -0.975688 0.93523 -0.26824 -0.670525 -1 -1 -1 -1 -0.0579961 -0.245706 -0.292987 1 -0.595359 -0.760164 -0.233018 -1 -1 -1 -0.974865 -1 -0.874182 -0.400135 -1 -0.745156 0.117004 -1 -0.641233 -1 -1 -0.128634 0.391253 -0.566867 -0.695963 -0.916539 -0.822408 0.0979896 -0.512877 -1 -1 0.459067 -0.941353 0.0165241 -0.470468 -1 -1 -0.0715255 -1 -0.417495 0.227931 -0.218236 -0.116501 0.295797 0.670501 0.484447 0.113917 -0.661035 0.332467 -0.720574 -1 -1 -0.962559 -0.0688732 -0.949146 0.164384 -1 0.348704 0.760418 -0.793067 -0.447087 0.0388666 -0.0236157 0.480339 -0.891153 0.0478469 -1 -0.605789 -0.745962 0.879842 -1 0.718786 -0.273745 0.0109975 -0.23679 0.843521 -1 -1 -0.344569 0.649056 -0.0617152 -0.678403 
0.360286 -0.071648 -1 -1 -0.24943 -0.690924 -0.195553 -0.246083 0.316623 -0.734797 -1 -0.0560625 -1 -1 -1 -0.914937 -1 0.93523 -0.26824 -0.728422 -1 -1 -1 -1 -0.0579961 -0.263652 -0.292987 1 -0.514721 -0.693227 -0.233018 -1 -1 -1 -1 -1 -0.874182 -0.510121 -1 -0.745156 0.165664 -1 -0.641233 -1 -1 -0.128634 0.391253 -0.566867 -0.563747 -0.916539 -0.822408 0.0979896 -0.565913 -1 -1 0.459067 -0.941353 -0.212789 -0.470468 -0.966536 -1 -0.0715255 -1 -0.417495 0.227931 -0.218236 -0.165398 0.295797 0.670501 0.545961 0.113917 -0.643006 0.332467 -0.608538 -1 -1 -0.962559 -0.0688732 -0.949146 0.164384 -1 0.348704 0.784146 -0.920318 -0.447087 0.0324916 -0.0236157 0.480339 -0.891153 0.138871 -1 -0.605789 -0.745962 0.997488 -1 0.718786 -0.273745 0.0109975 -0.23679 0.808945 -1 -1 -0.344569 0.649056 -0.0949626 -0.678403 
0.360286 0.0779636 -1 -1 -0.264795 -0.548164 -0.195553 -0.307965 0.340324 -0.734797 -1 -0.0560625 -1 -1 -1 -1 -1 0.93523 -0.26824 -0.70373 -1 -1 -1 -1 -0.0579961 -0.365873 -0.292987 1 -0.514721 -0.80775 -0.233018 -1 -1 -1 -1 -1 -0.874182 -0.400135 -1 -0.745156 0.117004 -1 -0.641233 -1 -1 -0.128634 0.391253 -0.566867 -0.563747 -0.916539 -0.822408 0.0979896 -0.541519 -1 -1 0.459067 -0.941353 -0.212789 -0.470468 -0.966536 -1 -0.0715255 -1 -0.417495 0.227931 -0.218236 -0.165398 0.295797 0.670501 0.545961 0.113917 -0.661035 0.332467 -0.608538 -1 -1 -0.962559 -0.0688732 -0.949146 0.164384 -1 0.348704 0.760418 -1 -0.447087 0.0324916 -0.0236157 0.480339 -0.891153 0.138871 -1 -0.605789 -0.745962 0.997488 -1 0.718786 -0.273745 0.0109975 -0.23679 0.970804 -1 -1 -0.344569 0.706296 -0.0949626 -0.678403 
-0.564732 0.372712 -1 -1 -0.390194 -0.548164 -0.195553 -0.246083 0.645089 -1 -1 0.026655 -0.839321 -0.868984 -0.808184 -0.914937 -1 0.93523 -0.378846 -0.703254 -1 -1 -1 -0.980287 -0.0579961 -0.245706 0.0949275 0.330465 -0.514721 -0.760164 0.0530903 -1 -1 -1 -1 -0.882017 -0.874182 -0.416626 -1 -0.779574 -1 -1 -0.517015 -0.698574 -1 -0.0986566 -0.325892 -0.37416 -0.563747 -1 -1 0.0979896 -0.541519 -1 -1 0.459067 -0.941353 -0.0372752 -0.760778 -0.898758 -1 -0.0715255 -1 -1 0.240258 0.0546611 -0.385209 0.295797 -0.154929 0.545961 -1 -0.346891 0.332467 -1 -0.673813 -0.664526 -1 -1 -0.949146 0.164384 -1 0.09668 0.760418 -0.793067 -1 0.0373283 -0.130614 0.480339 -0.944352 -0.2363 -1 -0.839919 -0.975538 0.997488 -0.932611 1 -0.0984661 -0.0753481 -0.00942233 -0.571537 -0.964457 -0.860734 -0.186243 0.270232 0.210408 -0.427302 
-0.555599 -0.0711323 -1 -1 -0.173838 -0.61824 -0.234624 -0.346465 0.645089 -0.714073 -1 -0.163454 -0.550568 -1 -0.808184 -1 -1 0.93523 -0.687112 -0.728422 -1 -1 -1 -1 -0.0579961 -0.315244 -0.292987 0.891786 -0.443898 -0.993821 0.0530903 -1 -1 -1 -1 -1 -0.874182 -0.416626 -1 -0.837308 -0.824824 -1 -0.458723 -0.698574 -1 -0.315533 0.391253 -0.37416 -0.563747 -0.939915 -1 0.0979896 -0.687385 -1 -0.88819 0.470977 -0.941353 0.0165241 -0.810216 -0.898758 -1 -0.465807 -1 -0.375405 -0.0211663 -0.317721 -0.385209 0.225696 0.670501 0.545961 0.113917 -0.346891 0.0692025 -0.704534 -0.939555 -1 -1 -0.0442009 -0.949146 -0.159612 -1 0.631279 0.760418 -0.907311 -0.447087 -0.332124 -0.0236157 0.480339 -0.953262 -0.190307 -1 -0.630615 -0.907117 0.997488 -0.932611 0.694157 -0.205343 -0.12672 0.22726 0.749765 -0.964457 -0.877531 0.0356413 0.260864 0.210408 -0.85451 
0.360286 0.0779636 -1 -1 -0.24943 -0.679361 -0.195553 -0.662986 0.340324 -0.734797 -1 -0.0560625 -1 -1 -1 -1 -1 0.93523 -0.26824 -0.728422 -1 -1 -1 -0.748848 -0.0579961 -0.245706 -1 1 -0.514721 -0.693227 -0.209327 -1 -1 -1 -1 -1 -0.874182 -0.400135 -1 -0.745156 0.117004 -1 -0.641233 -1 -1 -0.128634 0.391253 -0.566867 -0.563747 -1 -0.532119 0.0979896 -0.541519 -1 -1 0.459067 -1 -0.212789 -0.470468 -0.966536 -1 -0.0715255 -1 -0.417495 -0.969081 0.0665437 -0.908935 0.295797 0.670501 0.539994 0.113917 -0.661035 0.332467 -0.608538 -1 -1 -1 -0.167673 -0.788441 -0.180365 -0.816527 0.348704 0.760418 -0.590547 -0.447087 0.0324916 -0.0236157 0.480339 -0.891153 0.138871 -1 -0.605789 -0.745962 0.3799 -1 0.373462 -0.321501 0.19021 -0.23679 0.970804 -1 -1 -0.344569 0.856495 -0.880917 -0.678403 
0.360286 -0.00744386 -1 -1 -0.24943 -0.679361 -0.195553 -0.246083 0.340324 -0.734797 -1 -0.0560625 -1 -1 -1 -0.914937 -1 0.93523 -0.26824 -0.728422 -1 -1 -1 -1 -0.0579961 -0.245706 -0.292987 1 -0.514721 -0.693227 -0.209327 -1 -1 -1 -1 -1 -0.874182 -0.400135 -1 -0.745156 0.117004 -1 -0.641233 -1 -1 -0.128634 0.391253 -0.566867 -0.563747 -0.916539 -0.911551 0.0979896 -0.541519 -1 -1 0.459067 -0.941353 -0.212789 -0.470468 -0.966536 -1 -0.0715255 -1 -0.417495 0.227931 -0.218236 -0.165398 0.295797 0.670501 0.545961 0.113917 -0.661035 0.332467 -0.608538 -1 -1 -0.962559 -0.0688732 -1 0.164384 -1 0.348704 0.760418 -0.920318 -0.447087 0.0324916 -0.0236157 0.480339 -0.891153 0.138871 -1 -0.605789 -0.745962 0.997488 -1 0.718786 -0.273745 0.0109975 -0.23679 0.970804 -1 -1 -0.344569 0.706296 -0.0949626 -0.678403 
-0.564732 0.296652 -1 -1 -0.0369625 -0.548164 -0.176992 -0.246083 0.645089 -0.714073 -1 -0.0560625 -0.314361 -1 -0.808184 -0.935447 -1 0.93523 -0.378846 -0.728422 -1 -1 -1 -1 -0.0579961 -0.245706 -0.292987 1 -0.514721 -0.760164 0.0530903 -1 -1 -1 -1 -0.882017 -0.874182 -0.416626 -1 -0.673263 -0.824824 -1 -0.533117 -0.698574 -1 -0.128634 0.391253 -0.37416 -0.701385 -0.916539 -0.983007 0.0979896 -0.541519 -1 -1 0.459067 -0.941353 0.0165241 -0.541458 -0.994387 -1 -0.0715255 -1 -0.393174 0.227931 -0.0228035 -0.385209 0.295797 0.670501 0.545961 0.113917 -0.346891 0.332467 -0.608538 -0.673813 -1 -1 0.0282504 -0.949146 0.164384 -1 0.631279 0.760418 -0.793067 -0.447087 0.0245676 -0.0236157 0.480339 -0.891153 0.138871 -1 -0.630615 -1 1 -0.932611 0.718786 -0.0984661 0.0109975 0.22726 0.925476 -0.964457 -0.877531 0.0356413 0.649056 0.210408 -0.678403 
0.360286 0.0779636 -1 -1 -0.24943 -0.548164 -0.296161 -0.246083 0.340324 -0.734797 -1 -0.0560625 -1 -1 -1 -0.914937 -1 0.93523 -0.26824 -0.670525 -1 -1 -1 -1 -0.0579961 -0.297617 -0.292987 1 -0.595359 -0.760164 -0.233018 -1 -1 -1 -0.974865 -1 -0.874182 -0.400135 -1 -0.745156 0.117004 -1 -0.641233 -1 -1 -0.105562 0.391253 -0.566867 -0.695963 -0.916539 -0.822408 0.0979896 -0.512877 -1 -1 0.459067 -0.941353 0.0165241 -0.470468 -0.966536 -1 -0.0715255 -1 -0.417495 0.227931 -0.218236 -0.116501 0.295797 0.670501 0.484447 0.113917 -0.661035 0.332467 -0.720574 -1 -1 -0.962559 -0.0688732 -0.949146 0.164384 -1 0.348704 0.760418 -0.793067 -0.447087 0.0388666 -0.0236157 0.480339 -0.891153 0.0478469 -1 -0.714433 -0.745962 0.917421 -1 0.718786 -0.273745 0.0109975 -0.23679 0.843521 -1 -1 -0.344569 0.649056 -0.0617152 -0.678403 
-0.637624 0.0970903 -1 -1 -0.184796 -0.548164 -1 -1 0.340324 -1 -1 -0.0560625 -1 -1 -0.817373 -0.914937 -0.975688 0.93523 -0.26824 -0.670525 -1 -1 -1 -1 -0.899213 0.148606 -0.143285 0.971033 -0.595359 -0.760164 -0.233018 -1 -1 -1 -1 -1 -0.874182 -0.891657 -1 -0.745156 0.117004 -1 -1 -1 -1 0.123228 0.391253 -0.204301 -0.695963 -0.95461 -0.822408 0.0979896 -0.512877 -1 -1 -0.695999 -1 0.0165241 -0.987607 -0.896442 -1 -0.0715255 -0.645689 -1 0.227931 -0.00949728 -0.116501 0.122783 -0.162937 0.484447 0.113917 -0.661035 0.332467 -0.720574 -1 -1 -0.962559 -0.783915 -0.949146 0.164384 -1 0.0403657 -0.141106 -0.793067 -0.582933 0.0388666 -0.0236157 0.537191 -0.891153 0.0478469 -1 -1 -0.745962 0.879842 -1 0.718786 -0.273745 0.0109975 -0.23679 0.843521 -0.605192 -1 -0.344569 0.649056 -0.0617152 -1 
0.225006 0.208485 -1 -1 -0.102246 -1 -0.55013 -1 1 -0.714073 -0.88872 -0.114783 -0.465459 -1 -1 -1 -1 0.93523 -0.223567 -1 -1 -1 -1 -1 -0.938509 -0.479383 -0.292987 0.920771 -0.514721 -0.760164 -0.487518 -1 -1 -1 -1 -1 -1 -0.416626 -1 -1 -0.0631236 -1 -0.387936 -1 -1 -1 0.391253 -1 -1 -0.916539 -0.884506 0.198314 -0.628164 -1 -1 -0.0509034 -0.941353 0.0165241 -0.541458 -1 -1 -0.0715255 -1 -0.417495 0.227931 -0.0170361 -0.316376 0.161293 -0.333486 -0.616203 0.113917 -0.662594 0.0979942 -1 -1 -1 -0.906508 -0.127418 -0.949146 0.125721 -0.692627 0.443385 0.760418 -1 -1 -0.739886 -0.475193 0.480339 -1 0.138871 -1 -1 -0.738866 0.997488 -0.932611 0.196537 -0.0984661 0.0109975 0.22726 0.925476 -1 -0.582605 0.0356413 0.789351 -0.209494 -1 
0.360286 0.0779636 -1 -1 -0.264795 -0.622702 -0.195553 -0.246083 0.340324 -0.734797 -1 -0.0560625 -1 -1 -1 -1 -1 0.93523 -0.26824 -0.800512 -1 -1 -1 -1 -0.0579961 -0.245706 -0.292987 1 -0.514721 -0.80775 -0.233018 -1 -1 -1 -1 -1 -0.874182 -0.400135 -1 -0.745156 0.117004 -1 -0.641233 -1 -1 -0.128634 0.391253 -0.566867 -0.563747 -0.916539 -0.822408 0.0979896 -0.541519 -1 -1 0.459067 -0.941353 -0.212789 -0.470468 -0.966536 -1 -0.0715255 -1 -0.417495 0.227931 -0.256209 -0.165398 0.295797 0.670501 0.545961 0.113917 -0.661035 0.332467 -0.608538 -1 -1 -0.962559 -0.0688732 -0.949146 0.164384 -1 0.348704 0.760418 -1 -0.447087 0.0324916 -0.0236157 0.480339 -0.891153 0.138871 -1 -0.605789 -0.745962 0.997488 -1 0.718786 -0.273745 0.0109975 -0.23679 0.970804 -1 -1 -0.344569 0.706296 -0.0949626 -0.639562 
-0.555599 -0.0711323 -1 -1 -0.29495 -0.548164 -0.234624 -0.346465 0.645089 -0.714073 -1 -0.163454 -0.550568 -1 -0.808184 -1 -1 0.93523 -0.687112 -0.728422 -1 -1 -1 -1 -0.0579961 -0.315244 -0.292987 0.891786 -0.443898 -0.993821 0.0530903 -1 -1 -1 -1 -1 -0.874182 -0.416626 -1 -0.837308 -0.824824 -1 -0.458723 -0.698574 -1 -0.315533 0.391253 -0.37416 -0.563747 -0.939915 -1 0.0979896 -0.687385 -1 -0.88819 0.459067 -0.941353 0.0165241 -0.810216 -0.898758 -1 -0.465807 -1 -0.375405 -0.0211663 -0.317721 -0.385209 0.225696 0.670501 0.545961 0.113917 -0.346891 0.0692025 -0.704534 -0.939555 -1 -1 -0.0442009 -0.949146 -0.159612 -1 0.631279 0.760418 -0.907311 -0.447087 -0.332124 -0.0236157 0.480339 -0.953262 -0.190307 -1 -0.630615 -0.907117 0.997488 -0.932611 0.694157 -0.205343 -0.12672 0.22726 0.749765 -0.964457 -0.877531 0.0356413 0.260864 0.210408 -0.85451 
0.225006 0.208485 -1 -1 -0.102246 -0.659508 -0.195553 -0.246083 0.645089 -0.714073 -0.88872 -0.0651518 -0.465459 -1 -0.91681 -0.914937 -1 0.93523 -0.223567 -0.979466 -1 -1 -1 -1 -0.0579961 -0.479383 -0.292987 0.920771 -0.514721 -0.760164 -0.397288 -0.864915 -1 -1 -1 -0.882017 -1 -0.416626 -1 -1 -0.0631236 -1 -0.387936 -1 -1 -0.429024 0.391253 -0.37416 -0.563747 -0.916539 -0.822408 0.0979896 -0.541519 -1 -1 -0.0509034 -0.977964 0.0165241 -0.541458 -0.898758 -1 -0.0715255 -1 -0.417495 0.227931 -0.0170361 -0.316376 0.161293 0.510036 0.545961 0.113917 -0.662594 0.0827374 -0.841864 -1 -1 -0.906508 -0.229907 -0.949146 0.125721 -1 0.682867 0.760418 -0.811652 -0.447087 -0.201832 -0.0236157 0.480339 -0.933618 0.138871 -1 -0.737044 -0.738866 0.997488 -0.932611 0.65061 -0.0984661 0.0109975 0.22726 0.925476 -1 -0.877531 0.0356413 0.789351 0.210408 -1 
0.360286 0.0779636 -1 -1 -0.0369625 -0.548164 -0.195553 -0.650373 0.538042 -0.920104 -1 -0.0560625 -1 -1 -1 -0.914937 -1 0.93523 -0.126097 -0.468339 -1 -1 -1 -1 -0.144633 -0.245706 -0.257752 0.775634 -0.514721 -0.760164 -0.165167 -1 -0.857957 -1 -0.857731 -0.865243 -0.874182 -0.140339 -0.727565 -0.419643 0.112851 -1 -1 -1 -1 -0.128634 0.391253 -0.566867 -0.563747 -0.916539 -0.822408 0.0979896 -0.541519 -1 -1 0.0612108 -0.945165 0.0165241 -0.541458 -0.903964 -1 -1 -1 -0.417495 0.227931 -0.0170361 -0.116501 0.295797 0.753826 0.545961 0.113917 -0.661035 0.332467 -1 -1 -0.946529 -0.962559 -0.0688732 -0.949146 0.164384 -1 0.377407 0.760418 -0.793067 -0.447087 -0.403629 -0.0236157 0.480339 -1 0.138871 -1 -0.605789 -0.745962 0.997488 -1 0.718786 -0.342985 0.0109975 -0.906119 0.925476 -0.882984 -1 -0.445256 0.649056 -0.0949626 -0.678403 
0.360286 0.0779636 -1 -1 -0.24943 -0.679361 -0.195553 -0.246083 0.340324 -0.734797 -1 -0.0560625 -1 -1 -1 -0.914937 -1 0.869604 -0.26824 -0.728422 -1 -1 -1 -1 -0.0579961 -0.245706 -0.292987 1 -0.514721 -0.693227 -0.209327 -1 -1 -1 -1 -1 -0.874182 -0.400135 -1 -0.745156 0.117004 -1 -0.641233 -1 -1 -0.128634 0.391253 -0.566867 -0.563747 -0.916539 -0.822408 0.0979896 -0.541519 -1 -1 0.459067 -0.941353 -0.212789 -0.470468 -0.966536 -1 -0.0715255 -1 -0.417495 0.227931 -0.218236 -0.165398 0.295797 0.670501 0.545961 0.113917 -0.661035 0.332467 -0.67272 -1 -1 -0.962559 -0.0688732 -0.949146 0.164384 -1 0.348704 0.760418 -0.920318 -0.447087 0.0324916 -0.0236157 0.480339 -0.891153 0.138871 -1 -0.605789 -0.745962 1 -1 0.718786 -0.273745 0.0109975 -0.23679 0.970804 -1 -1 -0.344569 0.706296 -0.0949626 -0.678403 
0.360286 0.0779636 -1 -1 -0.264795 -0.622702 -0.195553 -0.246083 0.340324 -0.734797 -1 -0.0560625 -1 -1 -1 -1 -1 0.93523 -0.26824 -0.70373 -1 -1 -1 -1 -0.0579961 -0.295748 -0.292987 1 -0.514721 -0.80775 -0.233018 -1 -1 -1 -1 -1 -0.874182 -0.400135 -1 -0.745156 0.117004 -1 -0.641233 -1 -1 -0.128634 0.391253 -0.566867 -0.563747 -0.916539 -0.822408 0.0979896 -0.541519 -1 -1 0.459067 -0.941353 -0.212789 -0.470468 -0.966536 -1 -0.0715255 -1 -0.417495 0.227931 -0.218236 -0.165398 0.295797 0.670501 0.545961 0.113917 -0.661035 0.332467 -0.608538 -1 -1 -0.962559 -0.0688732 -0.949146 0.164384 -1 0.348704 0.760418 -1 -0.447087 0.0324916 -0.0236157 0.480339 -0.891153 0.138871 -1 -0.605789 -0.745962 0.997488 -1 0.718786 -0.273745 0.0109975 -0.23679 0.970804 -1 -1 -0.344569 0.680376 -0.0949626 -0.678403 
0.246001 -0.285544 0.791373 -0.342323 0.472045 -0.513561 -0.114363 0.257939 0.0401328 0.992568 -0.609436 -0.274219 0.436031 -0.408608 -0.151824 -0.0777557 -0.536052 -0.845012 -0.588423 -0.79535 0.921267 0.767198 -0.294117 -0.682977 -0.351377 0.928245 -0.585063 0.142857 0.264013 0.846291 -0.192729 0.937505 -0.916882 0.697097 -0.414933 0.308545 0.392121 0.0822159 -0.616868 0.991199 0.0128932 0.520933 -0.942619 0.901196 0.342515 0.438366 0.952171 0.571686 -0.119181 0.611514 -0.201197 -0.478153 -0.642339 0.226707 0.323051 -0.425914 0.338561 0.456097 0.0114372 -0.65312 0.143631 -0.992588 -0.938933 -0.4516 -0.336286 0.689572 0.978989 -0.764745 -0.889515 -0.457211 0.210201 0.264716 0.699271 -0.443898 0.466224 0.765013 -0.880419 0.248154 0.950773 -0.220488 -0.820095 0.260862 -0.887829 0.211257 0.427662 0.898363 -0.470701 -0.0364854 0.285216 0.781565 -0.351041 -0.16134 0.591222 0.884543 -0.210653 0.0280864 -0.149205 0.822571 0.496213 -0.263303 -0.7259 0.00410306 -0.0939921 0.179971 0.634305 -0.948514 
0.360286 0.0779636 -1 -1 -0.24943 -0.679361 -0.195553 -0.246083 0.340324 -0.734797 -1 -0.0560625 -1 -1 -1 -0.914937 -1 0.93523 -0.26824 -0.728422 -1 -1 -1 -1 -0.0579961 -0.245706 -0.292987 1 -0.514721 -0.693227 -0.209327 -1 -1 -1 -1 -1 -0.874182 -0.400135 -1 -0.745156 0.117004 -1 -0.641233 -1 -1 -0.128634 0.391253 -0.566867 -0.563747 -0.916539 -0.822408 0.0979896 -0.541519 -1 -1 0.459067 -0.941353 -0.212789 -0.470468 -0.966536 -1 -0.0715255 -1 -0.417495 0.227931 -0.218236 -0.165398 0.295797 0.670501 0.545961 0.113917 -0.661035 0.332467 -0.608538 -1 -1 -0.962559 -0.167673 -0.949146 0.164384 -1 0.348704 0.760418 -0.920318 -0.447087 0.0324916 -0.0236157 0.480339 -0.891153 0.138871 -1 -0.605789 -0.745962 0.997488 -1 0.718786 -0.273745 0.0109975 -0.23679 0.970804 -1 -1 -0.344569 0.706296 -0.0949626 -0.678403 
0.360286 0.0779636 -1 -1 -0.24943 -0.679361 -0.195553 -0.246083 0.340324 -0.734797 -1 -0.0560625 -1 -1 -1 -0.914937 -1 0.93523 -0.26824 -0.728422 -1 -1 -1 -1 -0.0579961 -0.245706 -0.292987 1 -0.514721 -0.693227 -0.209327 -1 -1 -1 -1 -1 -0.874182 -0.400135 -1 -0.745156 0.117004 -1 -0.641233 -1 -1 -0.128634 0.391253 -0.566867 -0.563747 -0.916539 -0.822408 0.0979896 -0.541519 -1 -1 0.459067 -0.941353 -0.212789 -0.470468 -0.966536 -1 -0.0715255 -1 -0.417495 0.227931 -0.218236 -0.165398 0.295797 0.670501 0.545961 0.113917 -0.661035 0.332467 -0.608538 -1 -1 -0.962559 -0.0688732 -0.949146 0.164384 -1 0.348704 0.760418 -0.920318 -0.447087 0.0324916 -0.0236157 0.480339 -0.891153 0.138871 -1 -0.658738 -0.745962 0.997488 -1 0.718786 -0.273745 0.0109975 -0.23679 0.970804 -1 -1 -0.344569 0.706296 -0.0949626 -0.678403 
0.360286 0.457998 -1 -1 -0.106081 -0.679361 -0.195553 -0.246083 0.340324 -0.734797 -1 -0.411022 -1 -1 -1 -1 -1 0.93523 -0.26824 -0.728422 -1 -1 -1 -1 -0.0579961 -0.245706 -0.292987 1 -1 -0.693227 -0.209327 -1 -1 -1 -1 -1 -0.874182 -0.471126 -1 -0.745156 -0.134269 -1 -1 -1 -1 -0.128634 0.391253 -0.566867 -0.563747 -0.916539 -0.822408 -0.0830521 -0.541519 -1 -1 0.459067 -0.941353 -0.212789 -0.470468 -1 -1 -0.0715255 -1 -0.417495 -0.606422 -0.218236 -0.165398 0.295797 -0.0145506 0.545961 0.113917 -0.661035 0.332467 -0.608538 -1 -1 -0.67483 -0.247147 -0.949146 0.510851 -1 0.348704 0.760418 -0.920318 -0.447087 0.0324916 -0.0236157 0.480339 -0.891153 0.138871 -1 -0.605789 -0.745962 0.997488 -1 0.718786 -1 -0.971285 -0.243943 0.970804 -1 -0.820189 -0.344569 0.706296 -0.0949626 -0.678403 
-0.564732 0.148247 -1 -1 -0.0369625 -0.973969 -0.347574 -0.246083 -0.0876017 -0.714073 -1 -0.0560625 -0.314361 -1 -0.631189 -0.87764 -1 0.93523 -0.378846 -0.843883 -1 -1 -1 -1 -0.0579961 -0.245706 -0.292987 1 -0.540006 -0.907945 0.0530903 -1 -1 -1 -1 -0.651825 -0.874182 -0.416626 -0.807837 -0.673263 -1 -0.94516 -0.446246 -0.698574 -1 -0.334912 0.391253 -0.2352 -0.563747 -0.899525 -0.983007 -0.133326 -0.193449 -1 -1 0.459067 -0.941353 0.0165241 -0.723763 -0.898758 -0.910145 -1 -1 -0.417495 0.227931 -0.0170361 -0.385209 0.295797 0.670501 -0.101775 0.0558204 -0.346891 0.332467 -0.608538 -1 -1 -1 0.200744 -0.955537 0.164384 -1 0.631279 0.760418 -0.834661 -0.447087 0.0106901 -0.536043 0.480339 -0.891153 -0.554544 -1 -0.630615 -1 0.940632 -0.932611 0.718786 -0.306003 -0.0724839 0.22726 0.925476 -0.859728 -0.877531 0.0356413 0.649056 0.210408 -0.5338 
-0.564732 0.372712 -1 -1 -0.0369625 -0.548164 -0.195553 -0.246083 0.645089 -1 -1 -0.0560625 -0.839321 -1 -0.808184 -0.905878 -1 0.93523 -0.378846 -0.703254 -0.949592 -1 -1 -0.980287 -0.0579961 -0.245706 0.0949275 0.330465 -0.514721 -0.760164 -0.0595479 -1 -1 -1 -1 -0.882017 -0.874182 -0.416626 -1 -0.779574 -1 -1 -0.517015 -0.698574 -1 -0.128634 0.391253 -0.37416 -0.563747 -1 -1 0.0979896 -0.541519 -1 -1 0.459067 -0.941353 -0.0653983 -0.537297 -0.898758 -1 -0.0715255 -1 -1 0.240258 -0.0170361 -0.385209 0.228249 -0.154929 0.545961 0.113917 -0.346891 0.332467 -1 -0.673813 -1 -1 -1 -0.949146 0.164384 -1 0.09668 0.671405 -0.793067 -0.392292 0.0373283 -0.130614 0.480339 -0.944352 0.138871 -1 -0.839919 -0.975538 0.997488 -0.932611 0.904418 -0.0984661 -0.0753481 -0.00942233 0.13513 -0.964457 -0.860734 0.0356413 0.270232 0.210408 -0.678403 
0.360286 0.0779636 -1 -0.985153 -0.308391 -0.548164 -0.195553 -0.246083 0.316623 -0.734797 -1 -0.0560625 -1 -1 -1 -0.914937 -1 0.93523 -0.26824 -0.728422 -1 -1 -1 -0.952464 -0.0579961 -0.245706 -0.292987 1 -0.514721 -0.693227 -0.322454 -1 -1 -1 -1 -1 -0.874182 -0.510121 -1 -0.745156 0.117004 -1 -0.641233 -1 -1 -0.128634 0.391253 -0.566867 -0.519345 -1 -0.822408 0.0979896 -0.565913 -1 -1 0.459067 -0.941353 -0.212789 -0.554226 -0.966536 -1 -0.0715255 -1 -0.417495 0.227931 -0.218236 -0.165398 0.295797 0.670501 0.545961 0.113917 -0.643006 0.332467 -0.608538 -1 -1 -0.962559 -0.0688732 -0.949146 0.164384 -1 0.348704 0.760418 -0.920318 -0.447087 0.0324916 -0.0236157 0.480339 -0.891153 0.138871 -1 -0.605789 -0.745962 0.997488 -1 0.718786 -0.273745 0.0109975 -0.23679 0.925476 -1 -1 -0.344569 0.649056 -0.0949626 -0.678403 
0.360286 0.0779636 -1 -1 -0.264795 -0.548164 -0.195553 -0.246083 0.340324 -0.734797 -1 -0.0560625 -1 -1 -1 -0.914937 -1 0.93523 -0.26824 -0.70373 -1 -1 -1 -1 -0.0579961 -0.245706 -0.292987 1 -0.655884 -0.80775 -0.233018 -1 -1 -1 -1 -1 -0.874182 -0.400135 -1 -0.745156 0.117004 -1 -0.641233 -1 -1 -0.128634 0.391253 -0.566867 -0.563747 -0.916539 -0.822408 0.0979896 -0.541519 -1 -1 0.459067 -0.941353 -0.212789 -0.470468 -0.966536 -1 -0.0715255 -1 -0.417495 0.227931 -0.218236 -0.165398 0.295797 0.670501 0.545961 0.113917 -0.661035 0.332467 -0.608538 -1 -1 -0.962559 -0.0688732 -0.949146 0.164384 -1 0.348704 0.760418 -0.920318 -0.447087 0.0324916 -0.0236157 0.480339 -0.891153 0.138871 -1 -0.605789 -0.708453 0.997488 -0.957434 0.718786 -0.273745 0.0109975 -0.23679 0.904494 -1 -1 -0.344569 0.706296 -0.0949626 -0.678403 
0.217986 -0.142616 -0.942101 -0.90526 -0.0369625 -0.518514 -0.185713 -0.813299 0.0416127 -1 -0.967071 -0.720834 -1 -1 -1 -1 -1 0.93523 -0.0746454 -0.862647 -0.934106 -1 -1 -1 -0.317198 -0.721621 -0.292987 0.636033 -1 -1 -0.0736414 -1 -1 -0.927822 -0.881994 -0.882017 -0.878525 -0.611743 -0.922584 -0.692466 -0.330528 -1 -0.568158 -1 -1 -0.128634 -0.0865811 -0.278774 -0.886633 -0.916539 -1 0.383848 -1 -1 -0.85381 0.21124 -1 0.0165241 -0.886234 -1 -1 -0.0715255 -1 -0.682048 -0.911328 -0.666013 -0.116501 -0.328196 0.670501 0.0933166 0.113917 -0.453733 0.332467 -0.472181 -1 -0.955326 -1 -0.241106 -0.949146 -0.0415014 -0.900808 0.381135 -0.00456965 -0.793067 -0.447087 0.0373283 -0.0236157 -0.0528084 -0.9417 -0.327968 -0.995064 -0.45673 -1 1 -1 0.80837 -0.55205 -0.303745 0.0405147 0.403059 -0.964457 -1 -0.104516 0.457217 -0.0288581 -0.532306 
0.225006 0.208485 -1 -1 -0.241368 -0.659508 -0.195553 -0.246083 0.57309 -0.714073 -0.88872 -0.0651518 -0.465459 -1 -0.808184 -0.914937 -1 0.93523 -0.223567 -0.979466 -1 -1 -1 -1 -0.0579961 -0.479383 -0.292987 0.920771 -0.514721 -0.760164 -0.397288 -0.864915 -1 -1 -1 -0.882017 -1 -0.416626 -1 -1 -0.0631236 -1 -0.387936 -1 -1 -0.429024 0.391253 -0.37416 -0.563747 -0.916539 -0.822408 0.0979896 -0.541519 -1 -1 -0.0509034 -0.977964 0.0165241 -0.541458 -0.898758 -1 -0.0715255 -1 -0.417495 0.227931 -0.0170361 -0.316376 0.161293 0.510036 0.545961 0.110777 -0.662594 0.0979942 -0.841864 -1 -1 -0.906508 -0.229907 -0.949146 0.125721 -1 0.616572 0.760418 -0.811652 -0.447087 -0.267053 -0.0236157 0.480339 -0.933618 0.138871 -1 -0.737044 -0.811079 0.997488 -0.932611 0.65061 -0.0984661 0.0109975 0.22726 0.925476 -1 -0.877531 0.0356413 0.789351 0.210408 -1 
0.360286 0.0779636 -1 -1 -0.24943 -0.548164 -0.296161 -0.246083 0.340324 -0.734797 -1 -0.0560625 -1 -1 -1 -0.914937 -1 0.93523 -0.26824 -0.634327 -1 -1 -1 -1 -0.0579961 -0.245706 -0.27253 1 -0.595359 -0.760164 -0.233018 -1 -1 -1 -1 -1 -0.874182 -0.409915 -1 -0.745156 0.117004 -1 -0.641233 -1 -1 -0.128634 0.391253 -0.566867 -0.563747 -0.916539 -0.823722 0.0979896 -0.541519 -1 -1 0.459067 -0.941353 -0.0789969 -0.582761 -0.966536 -1 -0.0715255 -1 -0.417495 0.227931 -0.218236 -0.116501 0.295797 0.602613 0.582084 0.113917 -0.661035 0.32556 -0.608538 -1 -1 -0.962559 -0.0688732 -0.949146 0.164384 -1 0.387093 0.760418 -0.793067 -0.447087 0.0388666 0.0142547 0.480339 -0.891153 0.00453368 -1 -0.605789 -0.745962 0.927085 -1 0.718786 -0.273745 0.0109975 -0.23679 0.925476 -1 -1 -0.344569 0.649056 -0.0949626 -0.678403 
0.360286 0.0779636 -1 -1 -0.250171 -0.548164 -0.195553 -0.246083 0.340324 -0.734797 -1 -0.0560625 -1 -0.973047 -1 -0.914937 -1 0.93523 -0.26824 -0.784032 -0.998113 -1 -0.957514 -1 -0.0579961 -0.245706 -0.292987 1 -0.514721 -0.693227 -0.233018 -1 -1 -1 -1 -1 -0.874182 -0.400135 -1 -0.745156 0.117004 -1 -0.641233 -1 -1 -0.128634 0.391253 -0.660075 -0.563747 -0.916539 -0.822408 0.0979896 -0.541519 -1 -1 0.459067 -0.941353 -0.212789 -0.470468 -1 -1 -0.0715255 -1 -0.417495 0.227931 -0.218236 -0.165398 0.295797 0.670501 0.545961 0.113917 -0.661035 0.332467 -0.608538 -1 -1 -1 -0.0688732 -0.949146 0.164384 -1 0.348704 0.760418 -0.920318 -0.447087 0.0324916 -0.0236157 0.480339 -0.891153 0.138871 -1 -0.696674 -0.745962 0.881535 -1 0.718786 -0.273745 0.0109975 -0.23679 0.925476 -1 -1 -0.344569 0.649056 -0.0949626 -0.678403 
-0.564732 0.296652 -1 -1 -0.0369625 -0.548164 -0.195553 -0.246083 0.645089 -0.714073 -1 -0.0560625 -0.314361 -1 -0.808184 -0.935447 -1 0.93523 -0.378846 -0.728422 -1 -1 -1 -1 -0.0579961 -0.245706 -0.292987 1 -0.514721 -0.760164 0.0530903 -1 -1 -1 -1 -0.882017 -0.874182 -0.416626 -1 -0.673263 -0.824824 -1 -0.533117 -0.698574 -1 -0.128634 0.391253 -0.37416 -0.563747 -0.916539 -0.983007 0.0979896 -0.541519 -1 -1 0.459067 -0.941353 0.0165241 -0.541458 -0.994387 -1 -0.0715255 -1 -0.417495 0.227931 -0.0228035 -0.385209 0.295797 0.670501 0.545961 0.113917 -0.374925 0.332467 -0.608538 -0.673813 -1 -1 0.0282504 -0.949146 0.164384 -1 0.631279 0.760418 -0.793067 -0.447087 0.0245676 -0.142523 0.480339 -0.891153 0.138871 -1 -0.630615 -1 0.997488 -0.932611 0.718786 -0.0984661 0.0109975 0.22726 0.925476 -0.964457 -0.877531 0.0356413 0.649056 0.210408 -0.678403 
