-0.46499 -1 -1 -1 0.427915 -0.760755 -1 -0.984142 -1 -1 -0.832481 -0.882657 -0.961635 -0.95164 -0.985008 -1 0.891676 -1 -0.0653328 -0.694964 0.624414 -0.833769 -0.8779 -0.102135 -1 -1 -0.965687 -0.545864 -1 -1 -1 0.431414 -0.70468 0.42323 -0.962411 -1 0.0157768 -0.643013 -1 -0.722807 -1 -0.559101 -0.893844 -1 -0.774137 -0.38649 -1 -0.259764 -0.858288 -0.858699 -0.960489 -1 -1 -0.630719 -0.866582 -1 -1 -0.800706 -0.885729 -1 -0.926303 -1 -0.350975 -1 0.116702 -0.678992 -1 -0.711344 -0.819384 0.544317 -0.94979 -1 -0.543352 -0.164549 -0.429063 -1 -1 -1 -1 -1 -0.149127 -1 -0.263766 0.196898 -1 -1 -1 0.968887 -1 -0.917776 -0.516496 -0.514911 -1 0.9457 0.389461 -1 -0.99574 -0.804215 -0.864834 -0.860811 -0.590137 -1 -0.692608 -1 -1 -0.88473 
0.155709 0.317576 0.608088 0.486563 -0.74943 0.80987 -1 -0.198906 -0.989528 0.2656 -1 0.162284 -0.786523 0.541308 0.296565 -0.307824 -0.865156 0.194988 -0.0494214 -0.0654038 -0.954042 -0.633871 -0.730355 0.707937 -1 -0.0942429 0.15589 -1 0.285231 -0.573092 -0.513303 0.693224 -1 -0.311759 0.441763 0.441146 0.89956 -0.167765 -0.320984 0.623064 -1 -0.861187 -0.624398 -0.512792 0.608231 0.163619 -0.285561 -0.0456885 -0.399876 0.676753 -0.418942 0.589368 0.209872 -0.583848 -0.438587 -0.453675 0.473153 -0.806495 0.838678 -0.516521 0.279086 0.678859 0.837143 0.187396 -0.697864 -0.229222 -0.632684 0.209648 0.213018 0.10872 0.953127 0.402605 0.781844 -0.70043 0.0681525 -0.323463 -0.0919044 0.908668 0.733055 -0.132846 -0.902818 0.661065 -1 -0.873329 0.566073 0.585546 0.392973 1 -0.460223 0.631488 -1 -0.522387 -0.982045 -0.265556 -0.322681 -0.575104 -0.759181 -1 -0.814817 0.232698 0.105125 -0.742156 0.141436 -0.165152 0.264464 -0.245131 
-0.278714 -1 -1 -0.863774 0.457355 -0.862647 -1 -0.984142 -1 -0.713173 -1 -0.882657 -0.961635 -1 -0.985008 -1 1 -1 -0.0653328 -0.731144 0.487745 -0.76818 -1 0.048894 -1 -1 -1 -0.545864 -1 -1 -1 0.39778 -0.844521 0.42323 -1 -1 0.0357121 -0.643013 -1 -1 -1 -0.51826 -0.893844 -1 -0.774137 -0.38649 -1 -0.259764 -1 -0.8874 -0.960489 -1 -1 -0.669626 -1 -1 -1 -0.800706 -0.885729 -1 -0.925946 -0.866651 -0.350975 -1 0.116702 -0.392627 -1 -0.252213 -1 0.544317 -0.94979 -1 -0.58835 -0.164549 -0.429063 -1 -1 -0.905482 -1 -0.971192 -0.149127 -1 -0.239602 0.196898 -1 -1 -1 1 -0.699458 -0.917776 -0.510754 -0.514911 -0.948278 0.906747 0.657712 -1 -0.99574 -0.804215 -0.417837 -0.667683 -0.728441 -0.950693 -0.692608 -1 -0.961742 -1 
0.834636 -0.299609 -1 -1 0.804582 -1 -0.989273 0.574032 -1 -0.818221 -0.640627 -0.75908 -1 -1 -0.872836 -1 0.813644 -1 0.279245 -1 0.0305243 -1 -1 0.267181 -1 -0.934868 -1 -0.811729 -0.580857 -0.860739 -0.869818 0.668341 -0.559689 0.492159 -1 -1 -0.225216 -0.74833 -0.451247 -1 -0.964814 -0.649964 -1 -1 -0.0564907 -0.624969 -1 0.275996 -0.831337 -1 -0.569683 -0.57469 -0.971076 -0.87368 -1 -1 -1 -0.329404 -0.482118 -0.540337 -0.650084 -0.973814 -0.447889 -0.566576 -0.993385 -0.670955 -0.977878 -1 -1 0.648294 -1 -1 -0.0757333 -0.348766 -0.249321 -0.984185 -1 0.516664 -0.916177 -1 0.292683 -1 -0.566335 -0.581095 -0.977704 -0.426587 -1 0.585377 0.118196 -1 -0.918086 0.224653 -1 -0.209943 0.969104 -0.96364 -1 -0.558248 -0.140116 -0.675939 -1 -0.378758 -1 -0.557851 -0.12732 -0.779479 
-0.278714 -1 -1 -0.863774 0.457355 -0.862647 -1 -0.984142 -1 -0.713173 -1 -0.882657 -0.961635 -1 -0.985008 -1 1 -1 -0.0653328 -0.731144 0.487745 -0.76818 -1 0.048894 -1 -1 -1 -0.545864 -1 -1 -1 0.39778 -0.844521 0.42323 -1 -1 0.0357121 -0.643013 -1 -1 -1 -1 -0.893844 -1 -0.774137 -0.38649 -1 -0.259764 -1 -0.8874 -1 -1 -1 -0.669626 -1 -1 -1 -0.627466 -0.885729 -1 -0.925946 -0.866651 -0.350975 -1 0.116702 -0.392627 -1 -0.252213 -1 0.544317 -0.94979 -1 -0.58835 -0.164549 -0.534388 -1 -1 -0.905482 -1 -0.971192 -0.149127 -0.969658 -0.261286 0.196898 -1 -1 -1 1 -0.699458 -0.917776 -0.510754 -0.514911 -0.948278 1 0.657712 -1 -0.843603 -0.804215 -0.417837 -0.667683 -0.635879 -0.950693 -0.692608 -1 -1 -1 
-0.46499 -1 -0.784074 -1 0.427915 -0.760755 -1 -0.984142 -1 -0.704812 -0.832481 -0.882657 -0.961635 -1 -0.985008 -1 0.891676 -1 -0.0653328 -0.694964 0.624414 -1 -1 -0.102135 -1 -1 -0.965687 -0.545864 -1 -1 -1 0.431414 -0.844521 0.42323 -1 -1 0.0157768 -0.643013 -1 -0.813261 -1 -0.559101 -0.893844 -1 -0.774137 -0.38649 -1 -0.259764 -0.858288 -0.858699 -0.960489 -1 -1 -0.630719 -0.866582 -1 -1 -0.800706 -0.885729 -1 -0.925946 -1 -0.350975 -1 0.116702 -0.678992 -1 -0.252213 -0.819384 0.544317 -0.94979 -1 -0.543352 -0.164549 -0.429063 -1 -1 -0.905482 -1 -0.986792 -0.149127 -1 -0.263766 0.196898 -1 -1 -1 1 -0.920754 -0.917776 -0.516496 -0.514911 -1 0.9457 0.674742 -1 -0.99574 -0.804215 -0.864834 -0.860811 -0.728441 -1 -0.692608 -1 -1 -1 
-0.278714 -1 -0.857354 -0.863774 0.427915 -0.862647 -1 -0.984142 -1 -0.704812 -0.914327 -0.882657 -0.961635 -1 -0.985008 -1 0.881393 -1 -0.0653328 -0.731144 0.487745 -0.76818 -1 0.048894 -1 -1 -0.855043 -0.486918 -1 -1 -1 0.39778 -0.844521 0.42323 -1 -1 0.0157768 -0.643013 -0.9373 -1 -1 -0.516544 -1 -1 -0.774137 -0.38649 -1 -0.259764 -1 -0.858699 -0.960489 -1 -1 -0.630719 -0.851123 -1 -1 -0.800706 -0.885729 -1 -0.935249 -0.866651 -0.350975 -1 0.116702 -0.377046 -1 -0.535596 -1 0.544317 -0.94979 -0.952731 -0.116968 -0.164549 -0.429063 -1 -1 -1 -1 -0.865374 -0.160188 -1 -0.239602 0.196898 -1 -0.998549 -1 1 -1 -0.917776 -0.516496 -0.514911 -1 0.9457 0.705763 -1 -0.99574 -0.767397 -0.417837 -0.667683 -0.728441 -0.950693 -0.692608 -1 -0.94585 -1 
0.155709 0.317576 0.467403 0.486563 -0.74943 0.80987 -1 -0.198906 -0.989528 0.2656 -1 0.708719 -0.786523 0.541308 0.296565 -0.307824 -0.865156 0.194988 -0.0494214 -0.0654038 -0.954042 -0.633871 -0.730355 0.707937 -1 -0.0942429 0.15589 -1 0.502389 -0.573092 -0.513303 0.693224 -1 -0.311759 0.441763 0.732891 0.89956 -0.167765 -0.320984 0.623064 -0.815771 -0.861187 -0.624398 -0.512792 0.67733 0.163619 -0.285561 -0.0456885 -0.399876 0.676753 -0.418942 0.589368 0.209872 -0.583848 -0.438587 -0.453675 0.473153 -0.806495 0.742313 -0.516521 0.279086 0.678859 0.837143 0.187396 -0.697864 -0.229222 -0.632684 0.209648 0.213018 0.668222 0.953127 0.402605 0.781844 -0.70043 0.0681525 0.162164 -0.0919044 0.908668 0.560959 -0.132846 -0.902818 0.661065 -1 -0.873329 0.566073 0.585546 0.392973 1 -0.489239 0.631488 -1 -0.522387 -0.982045 -0.265556 -0.322681 -0.575104 -0.759181 -1 -0.814817 0.232698 0.105125 -0.742156 0.245071 -0.165152 0.264464 -0.245131 
-0.270919 -0.00633362 0.608088 0.486563 -0.74943 0.80987 -1 -0.198906 -0.989528 0.2656 -1 0.162284 -0.786523 0.541308 0.296565 -0.307824 -0.865156 0.194988 -0.0494214 -0.0654038 -0.954042 -0.633871 -0.730355 0.707937 -1 -0.377903 0.15589 -1 0.285231 -0.573092 -0.513303 0.693224 -1 -0.311759 0.441763 0.441146 0.89956 -0.167765 -0.320984 0.623064 -1 -0.861187 -0.624398 -0.512792 0.608231 0.163619 -0.285561 -0.0456885 -0.399876 0.676753 -0.418942 0.589368 0.196329 -0.583848 -0.915616 -0.459726 0.473153 -0.806495 0.838678 -0.516521 0.279086 0.678859 0.837143 0.187396 -0.697864 -0.229222 -0.632684 0.209648 0.213018 0.10872 0.953127 0.402605 0.781844 -0.70043 -0.484903 -0.323463 -0.0919044 0.908668 0.733055 -0.132846 -0.902818 0.661065 -1 -0.873329 0.566073 0.585546 0.392973 1 -0.460223 0.631488 -1 -0.522387 -1 -0.265556 -0.322681 -0.575104 -0.759181 -1 -0.814817 0.232698 0.105125 -0.742156 0.141436 -0.165152 0.264464 -0.245131 
-0.468887 -1 -0.857354 -0.689283 0.427915 -0.760755 -1 -0.984142 -1 -0.704812 -1 -0.882657 -0.961635 -1 -1 -1 0.891676 -1 -0.0653328 -0.731144 0.487745 -0.76818 -1 0.048894 -1 -1 -1 -0.545864 -1 -1 -1 0.39778 -0.844521 0.354058 -1 -1 0.0157768 -0.643013 -1 -0.999816 -1 -0.784116 -0.893844 -1 -0.774137 -0.38649 -1 -0.259764 -1 -0.858699 -0.960489 -1 -1 -0.724107 -0.866582 -1 -1 -1 -0.885729 -1 -0.925946 -0.866651 -0.350975 -1 0.116702 -0.392627 -1 -0.252213 -1 0.544317 -0.94979 -1 -0.58835 -0.164549 -0.429063 -1 -1 -0.905482 -0.955926 -0.986792 -0.149127 -0.964675 -0.239602 0.196898 -1 -1 -0.980631 1 -0.920754 -0.917776 -0.516496 -0.514911 -1 0.9457 0.657712 -1 -0.99574 -0.804215 -0.417837 -0.860811 -0.728441 -1 -0.692608 -0.991915 -1 -1 
0.392443 -0.518407 -1 -1 0.804582 -1 -0.883767 0.138365 -1 -1 -0.803307 -1 -1 -1 -0.822131 -1 0.37844 -1 0.279245 -1 0.0305243 -0.855442 -1 0.267181 -0.953018 -0.956011 -1 -0.961471 -0.994812 -1 -1 0.31714 -0.706295 0.492159 -1 -1 -0.0918928 -1 -0.949761 -0.9808 -0.851276 -1 -1 -1 -0.0564907 -0.998925 -1 0.355305 -0.943476 -1 -0.569683 -0.57469 -1 -1 -1 -1 -0.983915 -0.33122 -1 -0.508863 -0.810424 -0.867842 -0.605543 -0.625664 -0.993385 -0.66131 -1 -0.571223 -1 0.545815 -1 -1 -0.553547 -0.504636 -1 -0.984185 -0.815669 0.516664 -0.972243 -1 -0.127816 -1 -0.648468 -0.581095 -1 -0.509927 -0.979396 0.599744 -0.357221 -1 -1 0.224653 -1 0.026716 1 -0.979245 -0.929297 -0.418812 -0.676525 -1 -1 -0.378758 -1 -0.798563 -1 -0.632034 
0.834636 -0.458313 -0.909593 -1 0.793001 -1 -0.989273 0.574032 -1 -0.818221 -0.640627 -0.75908 -1 -1 -0.872836 -1 0.813644 -1 0.279245 -1 0.0305243 -1 -1 0.267181 -1 -0.934868 -1 -0.811729 -0.580857 -0.860739 -0.869818 0.668341 -0.559689 0.492159 -1 -1 -0.225216 -0.74833 -0.451247 -1 -0.964814 -0.649964 -1 -1 -0.0564907 -0.624969 -1 0.275996 -0.831337 -1 -0.569683 -0.57469 -0.971076 -0.87368 -1 -1 -1 -0.329404 -0.482118 -0.540337 -0.650084 -0.973814 -0.473476 -0.566576 -0.993385 -0.670955 -0.977878 -1 -1 0.648294 -1 -1 -0.0757333 -0.348766 -0.249321 -0.984185 -1 0.516664 -0.916177 -1 0.216482 -1 -0.566335 -0.581095 -0.977704 -0.426587 -1 0.585377 -0.351719 -1 -0.918086 0.282602 -1 -0.209943 0.969104 -0.96364 -1 -0.558248 -0.140116 -0.675939 -1 -0.779588 -1 -0.557851 -0.12732 -0.779479 
-0.46499 -1 -0.784074 -1 0.427915 -0.761253 -1 -0.984142 -1 -0.704812 -0.832481 -0.882657 -0.961635 -1 -1 -1 0.891676 -1 -0.0653328 -0.66392 0.150022 -1 -1 -0.102135 -1 -1 -1 -0.545864 -1 -1 -1 0.30582 -1 -0.0107672 -1 -1 0.0157768 -0.643013 -1 -0.813261 -1 -0.559101 -0.891063 -1 -0.762954 -0.38649 -0.81899 -0.411175 -0.858288 -0.858699 -0.960489 -1 -1 -0.630719 -0.866582 -1 -1 -1 -0.885729 -1 -1 -1 -0.350975 -1 0.116702 -1 -1 -0.252213 -0.819384 0.282034 -1 -1 -0.506469 -0.164549 -0.429063 -1 -1 -0.905482 -1 -0.986792 -0.149127 -1 -0.263766 -0.0658775 -1 -1 -1 1 -0.920754 -0.917776 -0.516496 -0.514911 -1 0.9457 0.674742 -1 -0.99574 -0.804215 -1 -0.860811 -0.728441 -1 -0.692608 -1 -1 -1 
0.0707448 -1 -0.857354 -0.863774 0.572661 -1 -1 -0.984142 -1 -0.704812 -0.927578 -0.704778 -1 -0.847697 -1 -1 1 -1 -0.0694933 -0.731144 0.487745 -0.76818 -1 0.125115 -0.958731 -1 -1 -0.609024 -1 -1 -1 0.327141 -0.844521 0.42323 -1 -1 0.299403 -0.643013 -0.897038 -1 -1 -0.237364 -1 -1 -0.590803 -0.32615 -0.945431 0.269905 -1 -1 -1 -0.822809 -1 -0.777273 -1 -0.832248 -0.983275 -0.995501 -0.885729 -1 -0.987279 -0.957876 -0.350975 -0.907288 0.116702 -0.392627 -1 -0.0106093 -1 0.544317 -0.87748 -0.952731 0.488035 -0.164549 -0.664516 -1 -1 -0.354513 -1 -0.865374 -0.0713056 -1 -0.239602 0.21795 -1 -1 -0.810146 1 -0.795209 -0.917776 -0.516496 -0.554142 -1 0.776421 0.657712 -1 -1 -0.467465 -0.550131 -0.615796 -0.925413 -1 -0.692608 -1 -0.599122 -1 
-0.468887 -1 -0.786834 -0.689283 0.427915 -0.760755 -1 -1 -1 -1 -1 -0.882657 -0.961635 -1 -1 -0.847146 0.891676 -1 -0.0653328 -0.731144 0.487745 -0.607884 -1 0.048894 -1 -1 -1 -0.600758 -1 -0.985477 -1 0.158382 -0.844521 0.42323 -1 -1 0.0157768 -0.698705 -1 -1 -1 -1 -0.893844 -1 -0.774137 -0.38649 -1 -0.259764 -1 -0.858699 -1 -1 -1 -0.734962 -0.866582 -1 -1 -1 -0.885729 -1 -0.925946 -0.866651 -0.350975 -1 0.116702 -0.392627 -1 -0.0422087 -1 0.544317 -0.94979 -1 -0.58835 -0.527695 -0.405795 -1 -1 -1 -1 -0.986792 -0.149127 -0.964675 -0.239602 0.196898 -1 -1 -1 0.468955 -0.868266 -0.917776 -1 -0.540882 -0.85433 0.9457 0.657712 -1 -0.99574 -0.804215 -0.417837 -0.92464 -1 -1 -0.692608 -0.991915 -1 -1 
-0.46499 -1 -1 -1 0.427915 -0.760755 -1 -0.984142 -1 -1 -0.832481 -1 -0.961635 -0.95164 -0.985008 -1 0.891676 -1 -0.0653328 -0.694964 0.624414 -0.833769 -0.8779 -0.102135 -1 -1 -0.965687 -0.545864 -1 -1 -1 0.431414 -0.668344 0.42323 -0.962411 -1 0.0157768 -0.643013 -1 -0.722807 -1 -0.559101 -0.893844 -1 -0.774137 -0.38649 -1 -0.259764 -0.858288 -1 -0.960489 -1 -1 -0.630719 -0.866582 -1 -1 -0.876486 -1 -1 -0.926303 -1 -0.350975 -1 0.116702 -0.678992 -1 -0.711344 -0.819384 0.544317 -0.94979 -1 -0.543352 -0.164549 -0.429063 -1 -1 -1 -1 -1 -0.149127 -1 -0.263766 0.196898 -1 -1 -1 0.968887 -1 -0.917776 -0.516496 -0.514911 -1 0.9457 0.389461 -1 -0.99574 -0.804215 -0.864834 -0.860811 -0.590137 -1 -0.692608 -1 -0.945122 -0.88473 
0.834636 -0.299609 -1 -1 0.804582 -1 -1 0.138365 -1 -1 -0.866591 -0.75908 -1 -1 -0.872836 -1 0.37844 -1 0.279245 -1 0.0305243 -0.855442 -1 0.267181 -1 -0.956011 -1 -1 -0.994812 -1 -1 0.448114 -0.559689 0.492159 -1 -1 -0.0918928 -0.712721 -0.949761 -1 -0.964814 -1 -1 -1 -0.0564907 -0.998925 -1 0.355305 -0.943476 -1 -0.569683 -0.57469 -1 -0.87368 -1 -1 -0.983915 -0.329404 -0.902643 -0.508863 -0.810424 -0.867842 -0.605543 -0.625664 -0.993385 -0.66131 -1 -0.571223 -1 0.545815 -1 -0.990143 -0.553547 -0.32178 -1 -0.984185 -0.815669 0.516664 -0.972243 -1 -0.127816 -1 -0.648468 -0.581095 -1 0.0379424 -0.979396 0.54955 -0.357221 -1 -1 0.224653 -1 0.026716 0.918532 -0.792012 -0.936107 -0.566072 -0.456874 -1 -1 -0.378758 -1 -0.557851 -1 -0.632034 
-0.278714 -1 -0.857354 -0.863774 0.427915 -0.862647 -1 -0.984142 -1 -0.704812 -0.914327 -0.882657 -0.961635 -1 -0.985008 -1 0.881393 -1 -0.0653328 -0.731144 0.487745 -0.732563 -1 0.048894 -1 -1 -0.855043 -0.486918 -1 -1 -1 0.39778 -0.844521 0.42323 -1 -1 -0.0272726 -0.643013 -0.9373 -1 -1 -0.516544 -1 -1 -0.774137 -0.959577 -1 -0.259764 -1 -0.858699 -1 -1 -1 -0.630719 -0.851123 -1 -1 -0.800706 -1 -1 -0.935249 -0.866651 -0.350975 -1 0.116702 -0.377046 -1 -0.788302 -1 0.500795 -0.94979 -0.952731 -0.116968 -0.563449 -0.429063 -1 -1 -1 -1 -0.865374 -0.160188 -1 -0.239602 0.196898 -1 -0.998549 -1 1 -1 -0.917776 -0.516496 -0.514911 -1 0.9457 0.705763 -1 -0.99574 -0.767397 -0.417837 -0.667683 -0.728441 -0.950693 -0.692608 -1 -0.94585 -1 
-0.468887 -1 -0.857354 -0.689283 0.427915 -0.712353 -1 -0.984142 -1 -0.704812 -1 -0.882657 -0.961635 -1 -1 -1 0.891676 -1 -0.0653328 -0.731144 0.453616 -0.76818 -1 -0.00728625 -1 -1 -1 -0.545864 -1 -1 -1 0.39778 -0.844521 0.354058 -1 -1 0.0157768 -0.992916 -1 -0.999816 -1 -0.784116 -0.893844 -1 -0.774137 -0.38649 -1 -0.497444 -1 -0.858699 -0.960489 -1 -1 -0.724107 -0.866582 -1 -1 -1 -0.885729 -1 -0.925946 -0.866651 -0.350975 -1 0.116702 -0.392627 -1 -0.252213 -1 0.544317 -0.94979 -1 -0.58835 -0.164549 -0.429063 -1 -0.899513 -0.905482 -0.955926 -0.905219 -0.149127 -0.964675 -0.239602 0.196898 -1 -1 -0.980631 1 -0.920754 -0.917776 -0.516496 -0.514911 -1 0.9457 0.657712 -1 -0.99574 -0.804215 -0.417837 -0.860811 -0.728441 -1 -0.692608 -0.991915 -1 -1 
0.392443 -0.299609 -1 -1 0.804582 -1 -0.883767 0.138365 -1 -1 -0.866591 -0.75908 -1 -1 -0.822131 -1 0.37844 -1 0.279245 -1 0.0305243 -0.855442 -1 0.267181 -1 -0.956011 -1 -1 -0.994812 -1 -1 0.31714 -0.559689 0.492159 -1 -1 -0.0918928 -1 -0.949761 -0.9808 -0.851276 -1 -1 -1 -0.0564907 -0.998925 -1 0.355305 -0.943476 -1 -0.569683 -0.57469 -1 -0.87368 -1 -1 -0.983915 -0.329404 -0.788057 -0.508863 -0.810424 -0.867842 -0.605543 -0.625664 -0.993385 -0.66131 -1 -0.571223 -1 0.545815 -1 -1 -0.553547 -0.504636 -1 -0.984185 -0.815669 0.516664 -0.972243 -1 -0.127816 -1 -0.648468 -0.581095 -1 -0.509927 -0.979396 0.599744 -0.357221 -1 -1 0.224653 -1 0.026716 1 -0.792012 -0.929297 -0.566072 -0.676525 -1 -0.800666 -0.378758 -1 -0.557851 -1 -0.632034 
-0.46499 -1 -0.784074 -1 0.427915 -0.760755 -1 -0.984142 -1 -1 -0.832481 -0.882657 -0.961635 -1 -0.985008 -1 0.891676 -1 -0.0653328 -0.694964 0.624414 -0.833769 -0.8779 -0.102135 -1 -1 -0.965687 -0.545864 -1 -1 -1 0.431414 -0.844521 0.42323 -0.962411 -1 0.0157768 -0.643013 -1 -0.813261 -1 -0.559101 -0.893844 -1 -0.774137 -0.38649 -1 -0.259764 -0.858288 -0.858699 -0.960489 -1 -1 -0.630719 -0.866582 -1 -1 -0.800706 -0.885729 -1 -1 -1 -0.350975 -1 0.116702 -0.678992 -1 -0.252213 -0.819384 0.544317 -0.94979 -1 -0.543352 -0.164549 -0.429063 -1 -1 -0.905482 -1 -1 -0.149127 -1 -0.263766 0.196898 -1 -1 -1 1 -1 -0.917776 -0.516496 -0.514911 -1 0.9457 0.674742 -1 -0.99574 -0.804215 -0.864834 -0.860811 -0.590137 -1 -0.692608 -1 -1 -1 
-0.468887 -1 -0.857354 -0.689283 0.427915 -0.760755 -1 -1 -1 -1 -1 -0.882657 -0.961635 -1 -1 -0.958318 0.891676 -1 -0.0653328 -0.731144 0.487745 -0.607884 -1 0.048894 -1 -1 -1 -0.600758 -1 -0.985477 -1 0.39778 -0.707943 0.42323 -1 -1 0.0157768 -0.698705 -1 -1 -1 -0.784116 -0.893844 -1 -0.774137 -0.38649 -1 -0.259764 -1 -0.858699 -1 -1 -1 -0.724107 -0.866582 -1 -1 -1 -0.885729 -1 -0.925946 -0.866651 -0.350975 -1 0.116702 -0.392627 -1 -0.172328 -1 0.544317 -0.94979 -1 -0.689437 -0.143592 -0.654351 -1 -1 -0.954505 -0.955926 -0.986792 -0.149127 -0.964675 -0.239602 0.196898 -1 -1 -1 0.987661 -0.920754 -0.869054 -0.516496 -0.540882 -0.795331 0.9457 0.657712 -1 -0.99574 -0.804215 -0.417837 -0.860811 -0.728441 -1 -0.692608 -0.991915 -1 -1 
0.0707448 -1 -0.857354 -0.863774 0.380499 -1 -1 -0.938305 -1 -0.704812 -0.927578 -0.704778 -1 -0.847697 -1 -1 1 -1 -0.0694933 -0.731144 0.487745 -0.76818 -1 0.296341 -0.958731 -1 -1 -0.609024 -1 -1 -1 0.327141 -0.844521 0.42323 -1 -1 0.299403 -0.658263 -0.897038 -1 -1 -0.237364 -1 -1 -0.590803 -0.32615 -1 0.185744 -1 -1 -0.853364 -0.822809 -1 -0.630719 -1 -0.832248 -0.983275 -0.995501 -0.754323 -1 -0.987279 -1 -0.350975 -0.907288 0.116702 -0.607837 -1 -0.0106093 -1 0.544317 -0.87748 -0.952731 0.488035 -0.164549 -0.664516 -1 -1 -0.357628 -1 -0.865374 -0.0713056 -1 -0.239602 0.21795 -1 -1 -0.810146 1 -0.920774 -0.917776 -0.516496 -0.554142 -1 0.776421 0.657712 -1 -1 -0.385302 -0.550131 -0.615796 -0.925413 -1 -0.692608 -0.856649 -0.599122 -1 
0.0707448 -1 -0.857354 -0.863774 0.572661 -1 -1 -0.984142 -1 -0.704812 -0.927578 -0.704778 -1 -0.847697 -1 -1 1 -1 -0.0694933 -0.731144 0.487745 -0.76818 -1 0.125115 -0.958731 -1 -1 -0.609024 -1 -1 -1 0.327141 -0.844521 0.42323 -1 -1 0.299403 -0.643013 -0.897038 -1 -1 -0.237364 -1 -1 -0.590803 -0.32615 -0.945431 0.269905 -1 -1 -1 -0.822809 -1 -0.630719 -1 -0.832248 -0.983275 -0.995501 -0.885729 -1 -0.987279 -0.957876 -0.350975 -0.907288 0.116702 -0.392627 -1 -0.0106093 -1 0.544317 -0.87748 -0.952731 0.488035 -0.164549 -0.664516 -1 -1 -0.357628 -1 -0.865374 -0.0713056 -1 -0.239602 0.21795 -1 -1 -0.810146 1 -0.795209 -0.917776 -0.516496 -0.554142 -1 0.776421 0.657712 -1 -1 -0.385302 -0.550131 -0.615796 -0.925413 -1 -0.692608 -1 -0.599122 -1 
-0.46499 -1 -0.784074 -1 0.427915 -0.760755 -1 -0.984142 -1 -1 -0.832481 -1 -0.961635 -1 -1 -1 0.5185 -1 -0.0653328 -0.694964 0.624414 -1 -0.8779 -0.102135 -1 -1 -1 -0.545864 -1 -1 -1 0.431414 -0.844521 0.36705 -0.962411 -1 0.0157768 -0.643013 -1 -0.813261 -1 -0.559101 -0.893844 -1 -0.774137 -0.38649 -1 -0.259764 -0.969882 -0.858699 -0.960489 -1 -1 -0.630719 -0.866582 -1 -1 -0.800706 -0.885729 -1 -1 -1 -0.350975 -1 0.116702 -0.678992 -1 -0.252213 -0.819384 0.0383863 -0.94979 -1 -0.44883 -0.164549 -0.429063 -1 -1 -0.905482 -1 -1 -0.149127 -1 -0.263766 0.196898 -0.80385 -1 -0.878582 1 -1 -0.917776 -0.516496 -0.514911 -1 0.9457 0.674742 -1 -1 -0.804215 -0.864834 -0.860811 -0.590137 -1 -0.692608 -1 -1 -1 
0.0707448 -0.800137 -0.857354 -0.863774 0.380499 -1 -1 -0.938305 -1 -0.704812 -0.927578 -0.704778 -1 -0.847697 -1 -1 1 -1 -0.0694933 -0.731144 0.487745 -0.76818 -1 0.296341 -0.958731 -1 -1 -0.609024 -1 -1 -1 0.327141 -0.844521 0.42323 -1 -1 0.299403 -0.658263 -0.702632 -1 -1 -0.237364 -1 -1 -0.590803 -0.32615 -1 0.185744 -1 -1 -0.853364 -0.822809 -1 -0.630719 -1 -0.832248 -0.983275 -0.995501 -0.754323 -1 -0.987279 -1 -0.350975 -0.907288 0.116702 -0.607837 -1 -0.0106093 -1 0.448333 -0.87748 -0.952731 0.488035 -0.12174 -0.664516 -1 -1 -0.357628 -1 -0.865374 -0.0713056 -1 -0.239602 0.21795 -1 -1 -1 1 -0.920774 -0.917776 -0.516496 -0.554142 -1 0.776421 0.657712 -1 -1 -0.385302 -0.550131 -0.615796 -0.925413 -1 -0.692608 -0.856649 -0.599122 -1 
-0.468887 -1 -0.857354 -0.689283 0.427915 -0.712353 -1 -0.984142 -1 -0.88059 -1 -0.882657 -0.961635 -1 -1 -1 0.891676 -1 -0.0653328 -0.652372 0.453616 -0.76818 -1 -0.00728625 -1 -1 -1 -0.545864 -1 -1 -1 0.39778 -0.844521 -0.0839023 -1 -1 0.0157768 -0.992916 -1 -0.999816 -1 -0.784116 -0.893844 -1 -0.936251 -0.38649 -1 -0.497444 -1 -0.858699 -0.917445 -1 -1 -0.724107 -0.866582 -1 -1 -1 -0.885729 -1 -0.925946 -0.866651 -0.64064 -1 -0.160584 -0.392627 -1 -0.252213 -1 0.544317 -0.94979 -1 -0.58835 -0.164549 -0.429063 -1 -0.899513 -0.905482 -0.955926 -0.905219 -0.149127 -0.964675 -0.239602 0.196898 -1 -1 -0.980631 1 -0.920754 -0.917776 -0.516496 -0.514911 -1 0.9457 0.0980547 -1 -0.99574 -0.804215 -0.417837 -0.860811 -0.728441 -1 -0.692608 -0.991915 -1 -1 
0.648341 -0.299609 -1 -1 0.804582 -1 -1 0.138365 -1 -1 -0.866591 -0.75908 -1 -1 -0.872836 -1 0.37844 -1 -0.140325 -1 -0.209235 -0.855442 -1 0.328592 -1 -0.927694 -1 -1 -0.994812 -1 -1 0.509079 -0.664505 0.492159 -1 -1 -0.138236 -1 -1 -1 -0.964814 -1 -1 -1 -0.0564907 -0.998925 -1 0.355305 -0.943476 -1 -0.569683 -0.57469 -1 -0.87368 -1 -0.853078 -0.983915 -0.329404 -0.902643 -0.508863 -0.810424 -1 -0.605543 -0.625664 -1 -0.66131 -1 -0.571223 -1 0.545815 -1 -0.990143 -0.553547 -0.32178 -1 -0.936004 -0.815669 0.516664 -1 -1 -0.296826 -1 -1 -0.581095 -1 0.0379424 -0.979396 0.54955 -0.357221 -1 -1 0.224653 -1 0.026716 0.918532 -0.792012 -0.936107 -0.566072 -0.363049 -1 -1 -0.378758 -1 -0.51216 -1 -0.632034 
0.0707448 -0.800137 -1 -0.863774 0.380499 -1 -1 -0.938305 -1 -1 -0.927578 -0.704778 -1 -0.847697 -1 -1 1 -1 -0.0694933 -0.731144 0.487745 -0.76818 -1 0.296341 -0.958731 -1 -1 -0.609024 -1 -1 -1 0.327141 -0.844521 0.42323 -1 -1 0.299403 -0.658263 -0.702632 -1 -1 -0.401963 -1 -1 -0.95877 -0.32615 -1 0.185744 -1 -1 -0.853364 -0.822809 -1 -0.630719 -1 -0.832248 -0.983275 -0.925044 -0.754323 -1 -0.987279 -1 -0.350975 -0.907288 0.116702 -0.607837 -1 -0.0106093 -1 0.448333 -0.87748 -0.952731 0.488035 -0.12174 -0.664516 -1 -1 -0.357628 -1 -0.865374 -0.0713056 -1 -0.239602 0.21795 -0.827927 -1 -1 1 -0.920774 -0.917776 -0.516496 -0.554142 -1 0.776421 0.657712 -1 -1 -0.385302 -0.372819 -0.615796 -0.930687 -1 -0.692608 -0.856649 -0.599122 -1 
-0.278714 -1 -0.940086 -0.863774 0.457355 -0.862647 -1 -1 -1 -0.713173 -1 -0.882657 -0.961635 -1 -0.985008 -1 1 -1 -0.0653328 -0.731144 0.487745 -0.879518 -1 0.048894 -1 -1 -1 -0.545864 -1 -1 -1 0.39778 -0.844521 0.42323 -1 -1 0.0357121 -0.643013 -1 -1 -1 -0.51826 -0.893844 -1 -0.774137 -0.38649 -1 -0.259764 -1 -0.789084 -0.960489 -1 -1 -0.669626 -0.962588 -1 -1 -0.800706 -0.885729 -1 -0.925946 -0.866651 -0.350975 -1 0.116702 -0.392627 -1 -0.252213 -1 0.544317 -0.94979 -1 -0.58835 -0.539923 -0.429063 -1 -1 -0.905482 -1 -0.971192 -0.624113 -0.833383 -0.239602 0.196898 -1 -1 -1 1 -0.699458 -0.917776 -0.510754 -0.514911 -0.948278 0.906747 0.657712 -1 -0.99574 -0.804215 -0.417837 -0.667683 -1 -0.950693 -0.758033 -1 -0.961742 -1 
-0.46499 -1 -0.784074 -1 0.427915 -1 -1 -1 -1 -1 -0.832481 -0.882657 -0.961635 -1 -0.985008 -1 0.825033 -1 -0.0653328 -0.731144 0.624414 -1 -1 -0.102135 -1 -1 -1 -0.545864 -1 -1 -1 0.431414 -1 -0.0929579 -1 -1 0.0157768 -0.643013 -1 -0.813261 -1 -0.559101 -0.893844 -1 -0.774137 -0.766583 -1 -0.259764 -0.858288 -0.858699 -0.960489 -1 -1 -0.630719 -0.866582 -1 -1 -0.800706 -0.885729 -1 -0.925946 -1 -0.45511 -1 0.116702 -0.678992 -1 -0.249427 -0.819384 0.544317 -0.94979 -1 -0.543352 -0.164549 -0.560654 -1 -1 -0.905482 -1 -0.986792 -0.149127 -1 -0.263766 0.196898 -1 -1 -1 1 -0.920754 -0.917776 -0.516496 -0.514911 -1 0.9457 0.674742 -1 -0.99574 -0.804215 -1 -0.860811 -0.728441 -1 -0.692608 -1 -1 -1 
0.392443 -0.518407 -1 -1 0.804582 -1 -0.883767 0.138365 -1 -1 -0.866591 -1 -1 -1 -0.822131 -1 0.37844 -1 0.279245 -1 0.0305243 -0.855442 -1 0.267181 -0.953018 -0.956011 -1 -1 -0.994812 -1 -1 0.31714 -0.706295 0.492159 -1 -1 -0.0918928 -1 -0.949761 -0.9808 -0.851276 -1 -1 -1 -0.0564907 -0.998925 -1 0.355305 -0.943476 -1 -0.569683 -0.57469 -1 -1 -1 -1 -0.983915 -0.329404 -0.788057 -0.508863 -0.810424 -0.867842 -0.605543 -0.625664 -0.993385 -0.66131 -1 -0.571223 -1 0.545815 -1 -1 -0.553547 -0.504636 -1 -0.984185 -0.815669 0.516664 -0.972243 -1 -0.127816 -1 -0.648468 -0.581095 -1 -0.509927 -0.979396 0.599744 -0.357221 -1 -1 0.224653 -1 0.026716 1 -0.979245 -0.929297 -0.566072 -0.676525 -1 -1 -0.378758 -1 -0.798563 -1 -0.632034 
-0.46499 -1 -0.784074 -0.989897 0.427915 -0.760755 -1 -0.984142 -1 -1 -0.832481 -0.882657 -0.961635 -1 -1 -1 0.891676 -1 -0.0653328 -0.694964 0.624414 -0.833769 -0.8779 -0.102135 -1 -1 -1 -0.545864 -1 -0.876319 -1 0.431414 -0.844521 0.42323 -0.962411 -1 0.0157768 -0.643013 -1 -0.813261 -1 -1 -0.893844 -1 -0.774137 -0.38649 -1 -0.259764 -0.858288 -0.858699 -0.960489 -1 -1 -0.630719 -0.866582 -1 -1 -1 -0.885729 -1 -1 -1 -0.162302 -1 -0.12137 -0.678992 -1 -0.252213 -0.819384 0.544317 -0.94979 -1 -0.543352 -0.164549 -0.429063 -1 -1 -0.905482 -0.943632 -1 -0.0426832 -1 -0.263766 0.196898 -1 -1 -1 1 -1 -0.917776 -0.516496 -0.514911 -1 0.9457 0.674742 -1 -1 -0.804215 -0.864834 -0.757004 -0.590137 -1 -0.692608 -0.830257 -1 -1 
-0.278714 -1 -1 -0.863774 0.457355 -0.862647 -1 -0.984142 -1 -0.713173 -1 -0.882657 -0.961635 -1 -0.985008 -0.923793 1 -1 -0.0653328 -0.731144 0.487745 -0.76818 -0.893319 0.048894 -1 -1 -1 -0.545864 -1 -1 -1 0.39778 -0.844521 0.42323 -1 -1 0.0515941 -0.643013 -1 -1 -1 -0.51826 -0.708861 -1 -0.774137 -0.38649 -1 -0.259764 -1 -0.8874 -0.960489 -1 -1 -0.669626 -1 -1 -1 -0.800706 -0.885729 -1 -0.925946 -0.866651 -0.350975 -1 0.116702 -0.392627 -1 -0.252213 -1 0.544317 -0.94979 -1 -0.58835 -0.553837 -0.429063 -1 -1 -0.905482 -1 -0.971192 -0.149127 -1 -0.239602 0.196898 -1 -1 -1 1 -0.699458 -0.917776 -0.510754 -0.514911 -0.948278 0.906747 0.657712 -1 -0.99574 -0.804215 -0.417837 -0.667683 -0.728441 -0.950693 -0.692608 -1 -0.961742 -1 
-0.278714 -1 -0.857354 -0.863774 0.308758 -0.862647 -1 -0.984142 -1 -0.704812 -0.914327 -0.882657 -0.961635 -1 -0.985008 -1 0.881393 -1 -0.0653328 -0.731144 0.487745 -0.732563 -1 0.048894 -1 -1 -0.855043 -0.486918 -1 -1 -1 0.39778 -0.844521 0.42323 -1 -1 -0.0272726 -0.643013 -0.9373 -1 -1 -0.516544 -1 -1 -0.774137 -0.959577 -1 -0.259764 -1 -0.858699 -0.803751 -1 -1 -1 -0.851123 -1 -1 -0.800706 -1 -1 -0.935249 -0.951694 -0.350975 -1 0.116702 -0.377046 -1 -0.788302 -1 0.522466 -0.94979 -0.952731 -0.116968 -0.563449 -0.429063 -1 -1 -1 -1 -0.865374 -0.160188 -1 -0.128046 0.196898 -1 -0.998549 -1 1 -1 -0.913758 -0.516496 -0.514911 -1 0.9457 0.705763 -1 -0.99574 -0.767397 -0.417837 -0.667683 -0.728441 -0.950693 -0.692608 -1 -0.94585 -1 
-0.46499 -0.944461 -0.784074 -1 0.427915 -0.761253 -1 -0.984142 -0.968463 -0.704812 -0.832481 -0.882657 -0.961635 -1 -1 -1 0.891676 -1 -0.0653328 -0.66392 0.150022 -1 -1 0.0256564 -1 -1 -1 -0.545864 -1 -1 -1 0.30582 -1 -0.0107672 -1 -1 0.0157768 -0.643013 -1 -0.813261 -1 -0.559101 -0.891063 -1 -0.762954 -0.818321 -0.81899 -0.411175 -0.858288 -0.906124 -0.960489 -1 -1 -0.630719 -0.866582 -1 -1 -1 -1 -1 -1 -1 -0.350975 -1 0.116702 -1 -1 -0.252213 -0.819384 0.0258248 -1 -1 -0.506469 -0.164549 -0.429063 -1 -1 -0.905482 -1 -0.986792 -0.194308 -1 -0.263766 -0.0658775 -1 -1 -1 1 -0.920754 -0.917776 -0.516496 -0.514911 -1 0.9457 0.674742 -1 -0.99574 -0.804215 -1 -0.860811 -0.728441 -1 -0.692608 -1 -1 -1 
-0.278714 -1 -0.882061 -0.863774 -0.0939836 -0.862647 -1 -0.83227 -1 -0.831665 -0.959451 -0.914193 -1 -1 -1 -1 1 -1 -0.0653328 -0.731144 0.487745 -0.76818 -1 0.048894 -1 -1 -0.922502 -1 -0.886132 -1 -1 0.39778 -0.844521 0.42323 -1 -0.978938 0.0157768 -0.643013 -0.822625 -0.946916 -1 -0.237364 -1 -1 -0.774137 -0.38649 -0.959185 -0.259764 -1 -0.858699 -0.960489 -1 -1 -0.630719 -0.848601 -1 -1 -0.800706 -0.861663 -1 -0.981072 -0.866651 -0.350975 -1 0.116702 -0.392627 -1 -0.252213 -1 0.544317 -1 -0.952731 -0.38005 -0.164549 -0.429063 -1 -1 -1 -1 -1 -0.160188 -1 -0.239602 0.323556 -1 -0.998549 -1 1 -0.699458 -0.917776 -0.928818 -0.514911 -1 1 0.705763 -1 -1 -0.767397 -0.417837 -0.667683 -0.818759 -0.950693 -0.873441 -1 -1 -1 
-0.46499 -1 -0.784074 -1 0.427915 -0.760755 -1 -0.984142 -1 -0.704812 -0.832481 -0.882657 -0.961635 -1 -0.985008 -1 0.891676 -1 -0.0653328 -0.731144 0.624414 -1 -1 -0.102135 -1 -1 -1 -0.545864 -1 -1 -1 0.431414 -0.844521 0.42323 -1 -1 0.0157768 -0.643013 -1 -0.813261 -1 -0.559101 -0.893844 -1 -0.774137 -0.38649 -1 -0.259764 -0.858288 -0.858699 -0.960489 -1 -1 -0.630719 -0.866582 -1 -1 -0.800706 -0.885729 -1 -0.925946 -1 -0.350975 -1 0.116702 -0.678992 -1 -0.252213 -0.819384 0.544317 -0.94979 -1 -0.543352 -0.164549 -0.429063 -1 -1 -0.905482 -1 -0.986792 -0.149127 -1 -0.263766 0.196898 -1 -1 -1 1 -0.920754 -0.917776 -0.516496 -0.514911 -1 0.9457 0.674742 -1 -0.99574 -0.804215 -0.864834 -0.860811 -0.728441 -1 -0.692608 -1 -1 -1 
-0.278714 -1 -0.783961 -1 0.427915 -0.862647 -1 -0.984142 -1 -0.704812 -1 -1 -0.961635 -1 -0.921278 -1 0.771767 -1 -0.339674 -1 0.487745 -0.76818 -1 0.048894 -0.883705 -0.883283 -1 -0.545864 -1 -1 -0.80662 0.39778 -0.991172 0.60453 -1 -0.829565 -0.398647 -0.657228 -0.9373 -0.944376 -1 -0.237364 -1 -1 -0.774137 -0.419757 -1 -0.259764 -1 -0.858699 -0.960489 -1 -1 -0.630719 -0.851123 -1 -1 -1 -0.885729 -1 -1 -0.866651 -0.248199 -1 0.116702 -0.392627 -1 -0.204989 -1 0.349774 -1 -0.952731 -0.00642627 -0.0666205 -0.429063 -1 -0.995668 -1 -1 -0.865374 -0.160188 -1 -0.374287 0.265164 -1 -0.884568 -1 1 -0.699458 -1 -0.516496 -0.514911 -1 0.37023 0.657712 -0.949115 -0.873409 -0.804215 -0.225584 -1 -0.888535 -0.950693 -0.692608 -1 -1 -1 
-0.468887 -1 -0.857354 -0.689283 0.427915 -0.880743 -1 -0.984142 -1 -0.704812 -1 -0.882657 -0.961635 -1 -1 -1 0.891676 -1 -0.0653328 -0.968087 0.487745 -0.76818 -1 0.048894 -1 -1 -1 -0.545864 -1 -1 -1 0.39778 -0.844521 0.354058 -1 -1 0.0157768 -0.53139 -1 -0.999816 -1 -0.784116 -0.893844 -1 -0.774137 -0.38649 -1 -0.259764 -1 -0.858699 -0.960489 -1 -1 -0.724107 -0.866582 -1 -1 -1 -0.885729 -1 -1 -0.866651 -0.350975 -1 0.116702 -0.392627 -1 -0.252213 -1 0.544317 -1 -1 -0.58835 -0.164549 -0.429063 -1 -1 -0.905482 -0.955926 -0.986792 -0.149127 -0.964675 -0.239602 0.196898 -1 -1 -1 1 -0.920754 -0.917776 -0.516496 -0.514911 -1 0.9457 0.575939 -1 -0.99574 -0.804215 -0.417837 -0.860811 -0.728441 -1 -0.692608 -0.991915 -1 -1 
-0.278714 -1 -0.857354 -0.863774 0.427915 -0.862647 -1 -0.984142 -1 -0.704812 -0.959451 -0.882657 -0.961635 -1 -0.985008 -1 1 -1 -0.0653328 -0.731144 0.487745 -0.76818 -1 0.048894 -1 -1 -1 -0.545864 -1 -1 -1 0.39778 -0.844521 0.42323 -1 -1 0.0157768 -0.643013 -0.9373 -1 -1 -0.237364 -1 -1 -0.774137 -0.38649 -1 -0.259764 -1 -0.858699 -0.960489 -1 -1 -0.630719 -0.851123 -1 -1 -0.800706 -0.885729 -1 -0.935249 -0.866651 -0.350975 -1 0.116702 -0.392627 -1 -0.252213 -1 0.544317 -0.94979 -0.952731 -0.00642627 -0.164549 -0.429063 -1 -1 -0.905482 -1 -0.865374 -0.160188 -1 -0.239602 0.196898 -1 -0.998549 -1 1 -0.699458 -0.917776 -0.516496 -0.514911 -1 0.9457 0.705763 -1 -0.99574 -0.767397 -0.417837 -0.667683 -0.728441 -0.950693 -0.692608 -1 -0.94585 -1 
0.0707448 -0.800137 -0.857354 -0.863774 0.0192205 -1 -1 -0.938305 -1 -0.704812 -0.927578 -0.704778 -1 -0.660772 -1 -1 1 -1 -0.0694933 -0.731144 0.487745 -0.76818 -1 0.296341 -0.958731 -1 -1 -0.609024 -0.994156 -1 -1 0.327141 -0.844521 0.42323 -0.963049 -1 0.299403 -0.658263 -0.702632 -1 -1 -0.237364 -1 -1 -0.590803 -0.32615 -1 -0.113322 -1 -1 -0.853364 -0.822809 -1 -0.630719 -1 -0.832248 -0.983275 -0.995501 -0.754323 -1 -0.987279 -1 -0.350975 -0.907288 0.116702 -0.607837 -1 -0.0106093 -1 0.448333 -0.743837 -0.952731 0.488035 -0.12174 -0.664516 -1 -1 -0.357628 -1 -0.865374 -0.0713056 -1 -0.239602 0.21795 -1 -1 -1 1 -0.920774 -0.917776 -0.516496 -0.971832 -1 0.776421 0.657712 -1 -0.80384 -0.385302 -0.550131 -0.615796 -0.925413 -1 -0.692608 -0.856649 -0.599122 -1 
0.393509 -0.299609 -1 -1 0.804582 -1 -1 0.138365 -1 -1 -0.866591 -0.679107 -0.858943 -1 -0.872836 -1 0.37844 -1 -0.140325 -1 -0.209235 -0.855442 -1 -0.259896 -1 -0.927694 -1 -1 -0.994812 -1 -0.876353 0.409167 -0.664505 0.492159 -1 -1 -0.138236 -1 -1 -1 -0.964814 -1 -1 -1 -0.0564907 -1 -1 0.337375 -0.943476 -1 -0.569683 -0.57469 -1 -1 -1 -0.69345 -0.983915 -0.922682 -0.902643 -0.508863 -1 -0.980505 -0.605543 -0.625664 -1 -0.66131 -1 -0.61266 -1 0.545815 -1 -0.990143 -0.621998 -0.753695 -1 -0.936004 -0.815669 0.516664 -1 -1 -0.296826 -1 -1 -0.581095 -1 0.0379424 -0.979396 0.54955 -0.357221 -1 -1 0.224653 -1 0.026716 0.918532 -0.792012 -0.936107 -0.566072 -0.363049 -1 -1 -0.378758 -1 -0.51216 -0.903472 -0.632034 
-0.393678 -1 -1 -0.863774 0.457355 -0.862647 -1 -0.984142 -1 -0.713173 -1 -0.882657 -0.961635 -1 -0.985008 -1 1 -1 -0.0653328 -0.731144 0.487745 -0.76818 -1 0.048894 -0.864602 -0.945737 -1 -0.545864 -1 -1 -1 0.284299 -0.844521 0.42323 -1 -1 0.0357121 -0.643013 -1 -1 -1 -0.51826 -0.893844 -1 -0.774137 -0.38649 -1 -0.259764 -1 -0.8874 -0.960489 -1 -1 -0.669626 -1 -1 -1 -0.800706 -0.885729 -1 -0.925946 -0.866651 -0.350975 -1 0.116702 -0.392627 -1 -0.252213 -1 0.544317 -0.94979 -1 -0.58835 -0.164549 -0.509088 -1 -1 -0.905482 -1 -0.865374 -0.218322 -1 -0.239602 0.196898 -1 -1 -1 1 -0.699458 -0.917776 -0.446621 -0.514911 -0.948278 0.906747 0.657712 -1 -0.99574 -0.804215 -0.417837 -0.667683 -0.728441 -0.950693 -0.495788 -1 -0.961742 -1 
-0.468887 -1 -0.857354 -0.689283 0.544755 -0.880743 -1 -0.984142 -1 -0.704812 -0.975641 -0.882657 -0.961635 -1 -1 -1 0.891676 -1 -0.0653328 -0.968087 0.487745 -0.76818 -1 0.048894 -1 -1 -1 -0.545864 -0.945861 -1 -1 0.39778 -0.844521 0.354058 -1 -1 0.0157768 -0.53139 -1 -0.999816 -1 -0.784116 -0.893844 -1 -0.976138 -0.952476 -1 -0.259764 -1 -0.858699 -0.960489 -1 -1 -0.724107 -0.866582 -1 -1 -1 -0.89631 -1 -1 -0.866651 -0.350975 -1 0.116702 -0.392627 -1 -0.252213 -1 0.544317 -1 -1 -0.58835 -0.164549 -0.429063 -1 -1 -0.905482 -0.955926 -0.986792 -0.149127 -0.964675 -0.239602 0.196898 -1 -1 -1 1 -0.920754 -0.917776 -0.516496 -0.514911 -1 0.9457 0.575939 -1 -0.99574 -0.804215 -0.417837 -0.860811 -0.993874 -1 -0.692608 -0.991915 -1 -1 
-0.278714 -1 -0.857354 -0.863774 0.427915 -0.862647 -1 -0.984142 -1 -0.704812 -0.959451 -0.882657 -0.961635 -1 -0.985008 -1 1 -1 -0.0653328 -0.731144 0.487745 -0.76818 -1 0.048894 -1 -1 -1 -0.545864 -1 -1 -1 0.39778 -0.844521 0.42323 -1 -1 0.0157768 -0.643013 -0.9373 -1 -1 -0.237364 -1 -1 -0.774137 -0.38649 -1 -0.259764 -1 -0.858699 -0.960489 -1 -1 -0.630719 -0.851123 -1 -1 -0.800706 -0.885729 -1 -0.767813 -0.866651 -0.350975 -1 0.116702 -0.392627 -1 -0.252213 -1 0.544317 -0.94979 -0.952731 -0.00642627 -0.164549 -0.429063 -1 -1 -0.905482 -1 -0.865374 -0.088837 -1 -0.239602 0.196898 -1 -0.998549 -1 1 -0.699458 -0.917776 -0.516496 -0.514911 -1 0.9457 0.11505 -1 -0.99574 -0.60928 -0.417837 -0.667683 -0.728441 -0.950693 -0.692608 -1 -0.94585 -1 
0.0707448 -0.800137 -1 -0.863774 0.380499 -1 -1 -1 -1 -1 -0.927578 -0.704778 -1 -0.688887 -1 -1 1 -1 -0.0193641 -0.731144 0.487745 -1 -1 0.296341 -0.958731 -1 -1 -0.609024 -1 -1 -1 -0.224708 -0.844521 0.42323 -1 -1 0.299403 -0.658263 -0.702632 -1 -1 -0.401963 -1 -1 -0.95877 -0.32615 -1 0.185744 -1 -1 -0.853364 -0.822809 -1 -0.630719 -1 -0.832248 -0.983275 -0.925044 -0.754323 -1 -0.987279 -1 -0.350975 -0.978483 0.116702 -0.607837 -1 -0.0106093 -1 0.275659 -0.87748 -0.952731 0.359338 -0.12174 -0.664516 -1 -1 -0.536519 -1 -0.865374 -0.0713056 -0.878967 -0.239602 0.21795 -0.827927 -1 -1 1 -0.920774 -0.917776 -0.516496 -0.554142 -1 0.776421 0.657712 -1 -1 -0.385302 -0.537831 -0.578448 -0.930687 -1 -0.853478 -0.856649 -0.599122 -1 
-0.468887 -1 -0.857354 -0.689283 0.427915 -0.760755 -1 -1 -1 -1 -1 -0.882657 -0.961635 -1 -1 -1 0.891676 -1 -0.0653328 -0.731144 0.487745 -0.607884 -1 0.048894 -1 -1 -1 -0.600758 -1 -0.985477 -1 0.39778 -0.844521 0.42323 -1 -1 0.0157768 -0.698705 -1 -1 -1 -0.784116 -0.893844 -1 -0.774137 -0.38649 -1 -0.259764 -1 -0.858699 -1 -1 -1 -0.724107 -0.866582 -1 -1 -1 -0.885729 -1 -0.925946 -0.866651 -0.350975 -1 0.116702 -0.392627 -1 -0.172328 -1 0.544317 -0.94979 -1 -0.58835 -0.164549 -0.405795 -1 -1 -0.954505 -0.955926 -0.986792 -0.149127 -0.964675 -0.239602 0.196898 -1 -1 -1 1 -0.920754 -0.917776 -0.516496 -0.540882 -0.85433 0.9457 0.657712 -1 -0.99574 -0.804215 -0.417837 -0.860811 -0.728441 -1 -0.692608 -0.991915 -1 -1 
0.648341 -0.491545 -1 -1 0.804582 -1 -1 0.138365 -1 -1 -0.866591 -0.75908 -1 -1 -0.872836 -1 0.37844 -1 -0.140325 -1 -0.209235 -0.855442 -1 0.328592 -1 -0.927694 -1 -1 -0.994812 -1 -1 0.509079 -0.664505 0.492159 -1 -1 -0.138236 -1 -1 -1 -0.964814 -1 -1 -1 -0.0564907 -0.998925 -1 0.355305 -1 -1 -0.569683 -0.57469 -1 -0.87368 -1 -0.853078 -0.983915 -0.329404 -0.902643 -0.508863 -0.810424 -1 -0.605543 -0.625664 -1 -0.66131 -1 -0.571223 -1 0.545815 -1 -0.990143 -0.553547 -0.32178 -1 -0.936004 -0.665837 0.516664 -1 -1 -0.296826 -1 -1 -0.581095 -1 0.0379424 -0.979396 0.54955 -0.357221 -1 -1 0.224653 -1 0.026716 0.751379 -0.792012 -0.936107 -0.566072 -0.363049 -1 -1 -0.378758 -1 -0.51216 -1 -0.785795 
-0.46499 -1 -0.784074 -1 0.427915 -0.760755 -1 -0.984142 -1 -1 -0.832481 -0.882657 -0.961635 -1 -1 -1 0.891676 -1 -0.0653328 -0.694964 0.624414 -0.833769 -0.8779 -0.22964 -1 -1 -1 -0.545864 -1 -1 -1 0.431414 -0.844521 0.42323 -0.962411 -1 0.0157768 -0.643013 -1 -0.813261 -1 -0.603995 -0.893844 -1 -0.774137 -0.38649 -1 -0.259764 -0.969882 -0.858699 -0.960489 -1 -1 -0.630719 -0.866582 -1 -1 -0.800706 -0.885729 -1 -1 -1 -0.350975 -1 0.116702 -0.678992 -1 -0.252213 -0.819384 -0.113235 -0.94979 -1 -0.543352 -0.164549 -0.429063 -1 -1 -0.905482 -1 -1 -0.149127 -0.948296 -0.263766 0.196898 -0.80385 -1 -0.966133 1 -1 -0.917776 -0.516496 -0.514911 -1 0.9457 0.674742 -1 -0.860856 -0.804215 -0.864834 -0.860811 -0.590137 -1 -0.707401 -1 -1 -1 
