-1 -1 -0.823562 -1 -1 -0.603008 0.518858 0.15541 -1 0.769919 -1 -1 -0.611306 -1 -0.777457 -0.651911 -0.996189 -1 -1 -1 -0.518879 -0.00720519 -0.912123 -0.570706 -0.669019 -1 -1 -1 -1 -0.0133032 -0.993654 -1 0.182322 -1 -1 -0.668857 -0.7052 -1 -1 -0.678354 -1 -1 -1 -1 -0.798957 -1 -0.899633 -1 -0.8839 -1 -0.170556 -0.694068 -0.741181 -1 -1 1 -1 -1 -1 -1 -1 -1 -1 -1 -1 -0.850227 -1 -1 -1 -0.507187 0.983708 -0.707791 -0.898744 -0.930974 -0.600798 -1 -1 -0.28657 -0.867281 -1 -0.0533568 -1 -0.938506 -1 -1 -1 0.0258764 -0.672792 0.759779 -0.692825 -0.109005 -1 -1 -1 -0.411865 -1 -0.755458 -1 -1 -0.906144 -0.972822 -1 -0.477663 -1 -0.865589 -1 
-1 -1 -1 -1 -1 -1 0.518858 0.15541 -0.765649 0.769919 -0.722797 -1 -1 -1 -1 -0.651911 -1 -1 -0.932354 -1 -0.518879 -0.283557 -0.912123 -0.569573 -0.669019 -1 -1 -0.752612 -1 0.0351674 -1 -1 0.182322 -1 -0.858705 -1 -1 -1 -1 -0.992315 -1 -1 -1 -0.449583 -0.962345 -0.0681348 -0.911015 -1 -1 -0.749045 -0.2882 -0.694068 -1 -1 -1 1 -1 -1 -1 -1 -0.678561 -1 -0.65908 -1 -1 -1 -0.93477 -1 -1 -0.507187 1 -0.707791 -1 -0.930974 -1 -1 -1 -0.617013 -0.939575 -1 -0.421776 -1 -0.938506 -1 -1 -1 0.0258764 -0.672792 0.759779 -0.785637 -0.109005 -1 -0.882843 -1 0.111878 -1 -0.755458 -1 -1 -0.906144 -0.972822 -1 -0.477663 -1 -1 -1 
-0.735094 -1 -1 -1 -1 -0.603008 -0.595285 -0.137288 -1 0.769919 -1 -1 -0.497212 -1 -1 -0.447586 -1 -1 -1 -1 -0.966878 -0.195683 -0.912123 -1 -0.669019 -0.615015 -1 -0.922054 -1 -0.260029 -1 -1 0.182322 -1 -1 -1 -1 -1 -1 -1 -0.873321 -1 -0.865114 -0.449583 -1 -0.0681348 -1 -1 -1 -0.749045 -0.2882 -0.694068 -1 -1 -1 1 -1 -1 -1 -1 -1 -1 -0.830995 -1 -1 -0.850227 -1 -1 -1 -1 1 -0.707791 -1 -0.930974 -0.600798 -1 -1 -0.28657 -1 -1 -0.278757 -1 -0.938506 -0.825326 -1 -1 0.373702 -0.672792 0.759779 -1 -0.109005 -1 -0.882843 -1 0.111878 -1 -0.457049 -1 -1 -0.906144 -0.972822 -0.97298 -0.477663 -1 -1 -1 
-1 -1 -0.860146 -1 -1 -0.603008 0.775886 -0.377907 -0.767433 0.769919 -1 -1 -1 -1 -1 -0.651911 -0.996189 -1 -1 -1 -0.206154 -0.00720519 -1 -1 -1 -1 -0.772656 -1 -1 -0.146857 -1 -1 -0.893749 -1 -1 -0.668857 -1 -0.844374 -1 -1 -1 -0.44739 -0.958388 -1 -0.962345 -0.0681348 -1 -1 -1 -1 -0.2882 -1 -0.741181 -1 -1 0.497283 -0.601527 -1 -1 -1 -1 -1 -1 -1 -1 -0.597727 -1 -1 -1 -1 1 -1 -0.898744 -0.930974 -0.701175 -1 -1 -0.28657 -1 -1 -0.192875 -1 -0.374171 -1 -1 -1 0.0258764 -0.672792 0.759779 -1 -0.00345036 -1 -0.882843 -1 -0.237015 -1 -0.755458 -1 -0.821309 -0.906144 -1 -0.950393 -0.359724 -1 -0.887332 -1 
-1 -1 -0.860146 -1 -1 -0.603008 0.775886 -0.377907 -1 0.769919 -1 -1 -0.611306 -1 -1 -0.651911 -0.996189 -1 -1 -1 -0.206154 -0.00720519 -0.940339 -0.541322 -0.669019 -0.615015 -0.772656 -1 -1 -0.146857 -1 -1 -0.893749 -1 -1 -0.668857 -1 -0.844374 -1 -0.678354 -1 -0.65939 -1 -1 -0.962345 -0.0681348 -1 -1 -0.8839 -1 -0.2882 -1 -0.741181 -1 -1 0.497283 -1 -1 -1 -1 -1 -1 -1 -1 -1 -0.597727 -1 -1 -1 -1 1 -0.707791 -0.898744 -0.930974 -1 -1 -1 -0.28657 -1 -1 -0.192875 -1 -0.709953 -1 -1 -1 0.0258764 -0.672792 0.759779 -1 -0.109005 -1 -0.882843 -1 0.111878 -1 -0.755458 -1 -0.821309 -0.906144 -0.972822 -0.950393 -0.359724 -1 -0.887332 -1 
-1 -1 -0.88168 -1 -1 -1 0.518858 0.15541 -1 0.769919 -0.96419 -1 -1 -1 -0.640089 -0.651911 -1 -1 -0.932354 -0.613371 -0.518879 -0.283557 -0.912123 -0.569573 -0.669019 -1 -1 -1 -1 0.150858 -1 -1 0.182322 -1 -0.858705 -1 -1 -1 -1 -0.973397 -1 -1 -0.73389 -0.449583 -0.962345 -0.0681348 -0.911015 -1 -1 -0.749045 -0.2882 -1 -1 -1 -1 1 -1 -1 -1 -1 -1 -1 -0.65908 -0.990841 -1 -1 -1 -1 -1 -0.507187 1 -1 -1 -0.930974 -1 -1 -1 -0.617013 -1 -1 -0.421776 -1 -0.938506 -0.843116 -1 -1 0.0258764 -0.672792 0.759779 -0.785637 -0.109005 -1 -0.882843 -1 0.256296 -1 -0.755458 -0.693925 -1 -0.906144 -1 -1 -0.605668 -1 -1 -1 
-1 -1 -0.88168 -1 -1 -1 0.518858 0.15541 -1 0.769919 -0.96419 -1 -1 -1 -0.640089 -0.651911 -1 -1 -0.932354 -0.613371 -0.518879 -0.283557 -1 -0.569573 -0.669019 -1 -1 -1 -1 0.150858 -1 -1 0.182322 -1 -0.858705 -1 -1 -1 -1 -1 -1 -1 -0.73389 -0.449583 -0.962345 -0.0681348 -1 -1 -1 -0.749045 -1 -1 -1 -1 -1 1 -1 -1 -1 -1 -1 -1 -1 -0.990841 -1 -1 -1 -1 -1 -0.507187 1 -1 -1 -0.930974 -1 -1 -1 -0.617013 -1 -1 -0.421776 -1 -0.617889 -0.915202 -1 -1 0.0258764 -0.687665 0.759779 -0.785637 -0.109005 -1 -0.882843 -1 0.256296 -1 -0.755458 -0.693925 -1 -0.62215 -1 -1 -0.605668 -1 -1 -0.772822 
-1 -1 -1 -1 -1 -1 0.518858 0.15541 -1 0.769919 -0.722797 -1 -1 -1 -0.640089 -0.651911 -1 -1 -0.932354 -1 -0.518879 -0.283557 -0.912123 -0.569573 -0.669019 -1 -1 -1 -1 0.0351674 -1 -1 0.182322 -1 -0.858705 -1 -1 -1 -1 -0.973397 -1 -1 -0.73389 -0.449583 -0.962345 -0.0681348 -0.911015 -0.978866 -1 -0.749045 -0.2882 -1 -1 -1 -1 1 -1 -1 -1 -1 -1 -1 -0.65908 -1 -1 -1 -0.93477 -1 -1 -0.507187 1 -0.707791 -1 -0.930974 -1 -1 -1 -0.617013 -1 -1 -0.421776 -1 -0.938506 -1 -1 -1 0.0258764 -0.672792 0.759779 -0.785637 -0.109005 -1 -0.882843 -1 0.111878 -1 -0.755458 -1 -1 -0.906144 -1 -1 -0.605668 -1 -1 -1 
-1 -1 -1 -1 -1 -1 0.518858 -0.692134 -1 0.769919 -1 -1 -1 -1 -0.640089 -0.651911 -1 -0.969476 -0.932354 -1 -0.518879 -0.283557 -0.912123 -0.549663 -0.669019 -1 -0.618071 -1 -1 0.0351674 -1 -1 0.182322 -1 -0.858705 -1 -1 -1 -1 -0.973397 -1 -1 -1 -0.449583 -0.808712 -0.0681348 -0.911015 -1 -1 -0.749045 -0.785429 -1 -1 -1 -1 0.097811 -1 -1 -1 -1 -1 -1 -1 -1 -1 -1 -0.93477 -1 -0.973675 -0.507187 0.816522 -0.707791 -1 -0.930974 -1 -1 -0.870716 -0.617013 -1 -1 -0.690393 -1 -0.938506 -1 -0.86077 -1 0.0302403 -0.672792 0.759779 -0.785637 -0.109005 -0.845733 -1 -1 -0.62671 -1 -0.755458 -0.988864 -1 -0.878423 -1 -1 -0.605668 -1 -1 -1 
-1 -1 -1 -1 -1 -0.603008 0.518858 0.15541 -1 0.769919 -1 -1 -0.611306 -1 -1 -0.651911 -1 -1 -1 -1 -0.518879 -0.00720519 -0.912123 -0.569573 -0.669019 -0.615015 -1 -1 -1 -0.260029 -1 -1 0.182322 -1 -0.858705 -1 -1 -1 -1 -0.996574 -1 -1 -1 -0.449583 -0.962345 -0.0681348 -0.911015 -1 -1 -0.749045 -0.2882 -0.694068 -1 -1 -1 1 -1 -1 -1 -1 -1 -1 -0.65908 -1 -1 -0.850227 -1 -1 -1 -0.507187 1 -0.707791 -1 -0.930974 -0.600798 -1 -1 -0.28657 -0.939575 -1 -0.421776 -1 -0.938506 -1 -1 -1 0.0258764 -0.672792 0.759779 -0.785637 -0.109005 -1 -0.882843 -1 0.111878 -1 -0.755458 -1 -0.625455 -0.906144 -0.972822 -1 -0.477663 -1 -1 -1 
-1 -1 -0.860146 -1 -1 -0.603008 0.286778 -0.836543 -1 0.999662 -0.956888 -1 -0.611306 -1 -1 -0.651911 -0.751102 -1 -1 -1 -1 -0.00720519 -0.940339 -0.541322 -0.669019 -1 -0.590742 -1 -1 -0.146857 -1 -1 -0.893749 -1 -1 -0.657914 -1 -0.844374 -1 -1 -1 -0.65939 -1 -1 -0.962345 0.189582 -1 -1 -1 -1 -0.2882 -1 -0.741181 -1 -1 0.497283 -1 -1 -1 -1 -1 -1 -1 -1 -1 -1 -1 -1 -1 -1 1 -0.707791 -0.898744 -0.930974 -1 -1 -1 -0.28657 -1 -1 -0.192875 -1 -0.567595 -1 -1 -1 0.0258764 -0.672792 0.795256 -1 -0.109005 -1 -1 -1 0.111878 -1 -0.755458 -1 -0.649662 -0.906144 -1 -1 -0.359724 -1 -0.887332 -1 
-0.735094 -1 -1 -1 -1 -0.603008 -0.595285 -0.137288 -1 0.769919 -1 -1 -0.497212 -1 -1 -0.447586 -1 -1 -1 -1 -0.966878 0.150304 -1 -1 -0.669019 -0.615015 -1 -0.922054 -1 -0.260029 -1 -0.868385 0.182322 -1 -1 -1 -1 -1 -1 -1 -0.873321 -1 -0.865114 -0.449583 -1 -0.796942 -1 -1 -0.817512 -0.749045 -0.2882 -0.694068 -1 -1 -0.616264 0.240041 -1 -1 -1 -1 -1 -1 -0.830995 -1 -1 -0.850227 -1 -1 -1 -1 1 -0.707791 -1 -0.930974 -0.600798 -1 -1 -0.28657 -1 -1 -0.278757 -1 -1 -0.825326 -1 -1 0.373702 -0.672792 0.759779 -1 -0.109005 -1 -1 -1 0.111878 -1 -0.457049 -1 -1 -1 -0.972822 -0.987569 -0.477663 -1 -1 -1 
-1 -1 -0.606466 -1 -0.610191 -1 -1 -0.217418 -1 0.681347 -1 -0.639216 -1 -0.943291 -1 -1 -0.749272 -0.590277 -1 -1 -1 -0.506209 -1 0.0627437 -1 -0.779979 -0.340758 -0.830916 -1 -0.871888 -1 -0.792543 0.823951 -0.378223 -1 -1 -0.782765 -1 -0.927696 -1 -0.905216 -0.956965 -1 -0.805303 -1 0.120924 -1 -1 -1 -1 -0.417028 -0.344306 0.125841 -1 -1 0.792752 -0.998293 -0.775697 -0.983724 -1 -0.766303 -1 -1 -0.769543 -1 -1 -1 -0.913431 -0.7188 -1 0.621929 0.0674686 -1 -1 -1 -0.717618 -1 -1 -0.671646 0.751303 0.141321 -0.857496 -1 -1 -1 -0.958333 -0.479078 -1 0.995949 -1 0.441231 -1 -0.44938 -1 -0.0226024 -0.922728 0.102667 -1 -1 -1 -1 -0.894225 -0.994147 -0.998082 -1 -1 
-1 -1 -1 -1 -1 -0.603008 0.518858 -0.377907 -1 0.769919 -1 -1 -0.611306 -1 -1 -0.651911 -0.996189 -1 -1 -1 -0.518879 -0.00720519 -0.551794 -0.541322 -0.669019 -0.615015 -0.772656 -1 -1 -0.0133032 -1 -1 0.182322 -1 -1 -0.668857 -1 -1 -1 -0.678354 -1 -1 -1 -0.449583 -0.962345 -0.0681348 -1 -1 -0.8839 -1 -0.2882 -0.694068 -0.741181 -1 -1 0.497283 -1 -1 -1 -1 -1 -1 -1 -1 -1 -0.986827 -1 -1 -1 -1 1 -0.707791 -0.898744 -0.930974 -0.600798 -1 -1 -0.28657 -1 -1 -0.421776 -1 -0.709953 -1 -1 -1 0.0258764 -0.672792 0.759779 -1 -0.109005 -1 -0.882843 -1 0.111878 -1 -0.755458 -1 -0.821309 -0.906144 -0.972822 -0.950393 -0.165566 -1 -0.887332 -1 
-1 -0.88855 -1 -1 -1 -0.603008 0.518858 -0.377907 -1 0.903511 -1 -0.686393 -1 -1 -1 -0.651911 -1 -1 -1 -1 -0.518879 -0.00720519 -0.551794 -0.541322 -0.669019 -0.615015 -0.772656 -1 -1 0.0662638 -1 -1 0.182322 -1 -1 -0.653685 -1 -1 -1 -0.678354 -1 -1 -1 -0.449583 -0.962345 -0.0681348 -1 -1 -0.8839 -1 -0.2882 -0.411865 -0.741181 -1 -1 0.497283 -1 -1 -1 -1 -1 -1 -1 -1 -1 -0.986827 -1 -1 -1 -1 0.40266 -0.707791 -1 -0.930974 -1 -1 -1 -0.28657 -1 -1 -0.421776 -1 -0.709953 -1 -1 -0.737433 0.0258764 -0.672792 0.759779 -1 -0.0478888 -1 -0.882843 -1 0.111878 -1 -1 -1 -0.821309 -0.906144 -0.972822 -0.950393 -0.165566 -0.744156 -0.887332 -1 
-1 -0.88855 -1 -1 -1 -0.603008 0.518858 -0.974238 -1 0.903511 -1 -0.686393 -1 -1 -1 -0.72583 -1 -1 -1 -1 -0.518879 -0.00720519 -0.551794 -0.541322 -1 -0.615015 -0.772656 -1 -1 0.0662638 -1 -1 0.182322 -1 -1 -1 -1 -1 -1 -0.678354 -1 -1 -1 -0.449583 -0.962345 -0.668245 -1 -1 -0.8839 -1 -0.2882 -0.411865 -0.741181 -1 -1 0.565381 -1 -1 -1 -1 -1 -1 -1 -1 -1 -0.986827 -1 -1 -1 -1 0.40266 -0.707791 -1 -0.930974 -1 -1 -1 -0.28657 -1 -1 -0.421776 -1 -0.709953 -1 -1 -0.737433 0.0258764 -0.672792 0.759779 -1 0.12435 -1 -0.882843 -0.700819 0.111878 -1 -1 -1 -0.821309 -0.859511 -0.640483 -0.950393 -0.165566 -0.744156 -1 -1 
-1 -1 -1 -1 -1 -1 0.518858 0.15541 -1 0.212648 -0.96419 -1 -1 -1 -0.640089 -0.651911 -1 -1 -0.932354 -0.613371 -0.518879 -0.283557 -0.912123 -0.569573 -0.669019 -1 -1 -1 -1 0.150858 -0.940075 -1 0.182322 -1 -0.858705 -1 -1 -1 -1 -0.717683 -1 -1 -0.73389 -0.449583 -0.962345 0.0819132 -0.911015 -1 -1 -0.749045 -0.2882 -1 -1 -1 -1 1 -1 -1 -1 -1 -1 -1 -0.65908 -1 -1 -1 -1 -1 -1 -0.507187 1 -1 -1 -0.930974 -1 -1 -1 -1 -1 -1 -0.421776 -1 -0.938506 -0.843116 -1 -1 0.0258764 -0.672792 0.759779 -0.863804 -0.0853062 -1 -0.882843 -1 -0.900991 -1 -0.755458 -0.693925 -1 -0.906144 -1 -1 -0.605668 -1 -1 -1 
-1 -1 -1 -1 -1 -1 0.628303 0.15541 -1 0.769919 -0.722797 -1 -1 -1 -0.640089 -0.651911 -1 -1 -0.932354 -1 -0.518879 -0.964196 -0.912123 -0.569573 -0.669019 -1 -1 -1 -1 0.0351674 -1 -1 0.182322 -1 -0.858705 -1 -1 -1 -1 -0.973397 -1 -1 -0.566696 -0.449583 -0.962345 -0.0681348 -0.911015 -0.756312 -1 -0.749045 -0.2882 -1 -1 -1 -1 1 -1 -1 -1 -1 -1 -0.807847 -0.65908 -1 -1 -0.752245 -0.93477 -1 -0.902358 -0.507187 1 -0.747131 -1 -0.930974 -1 -1 -1 -0.617013 -1 -1 -0.421776 -1 -0.938506 -1 -1 -1 0.0258764 -0.672792 0.759779 -0.785637 -0.109005 -1 -0.882843 -1 0.111878 -1 -0.755458 -1 -1 -0.906144 -1 -1 -0.605668 -1 -1 -1 
-1 -1 -0.570264 -1 -1 -1 0.518858 0.15541 -0.765649 0.769919 -0.722797 -1 -1 -1 -1 -0.561585 -1 -0.981999 -0.932354 -0.819471 -0.869069 -0.283557 -1 0.0627437 -1 -1 -1 -0.621805 -1 0.213061 -1 -1 0.269949 -0.378223 -0.858705 -0.784137 -0.97972 -1 -0.937499 -1 -0.803285 -1 -0.95876 -0.449583 -1 0.120924 -1 -1 -1 -0.749045 0.13012 -0.921865 -0.588561 -1 -1 1 -1 -1 -1 -1 0.247804 -1 -0.65908 -1 -1 -0.829177 -0.93477 -1 -0.999823 -0.507187 1 -0.695277 -1 -0.930974 -1 -0.590183 -1 -0.744002 -0.661305 -0.568644 0.141321 -1 -1 -1 -1 -1 -0.368692 -1 0.759779 -1 -0.109005 -1 -1 -0.90719 0.242454 -1 -1 -1 -1 -0.96422 -0.972822 -1 -0.477663 -1 -1 -1 
-1 -1 -0.860146 -1 -1 -0.603008 0.775886 -0.377907 -1 0.769919 -1 -1 -0.611306 -1 -1 -0.651911 -0.996189 -1 -1 -1 -1 -0.00720519 -0.940339 -0.541322 -0.669019 -1 -0.772656 -1 -1 -0.146857 -1 -1 -0.893749 -1 -1 -0.657914 -0.685001 -0.844374 -1 -0.678354 -1 -0.65939 -1 -1 -0.962345 -0.0681348 -1 -1 -0.8839 -1 -0.2882 -1 -0.741181 -1 -1 0.497283 -1 -1 -1 -1 -1 -1 -1 -1 -1 -1 -1 -1 -1 -1 1 -0.707791 -0.898744 -0.930974 -1 -1 -1 -0.28657 -1 -1 -0.192875 -0.77297 -0.709953 -1 -1 -1 0.0258764 -0.672792 0.795256 -1 -0.109005 -1 -1 -1 0.111878 -1 -0.755458 -1 -0.821309 -0.906144 -1 -0.950393 -0.359724 -1 -0.887332 -1 
-1 -1 -0.860146 -1 -1 -1 0.775886 -0.377907 -0.933335 0.0384129 -1 -1 -1 -1 -1 -0.651911 -0.996189 -1 -1 -1 -1 -0.00720519 -0.940339 -0.541322 -0.669019 -1 -1 -1 -1 -0.146857 -1 -1 -1 -1 -0.6986 -1 -0.685001 -0.844374 -1 -0.678354 -1 -0.65939 -1 -1 -0.962345 -0.0681348 -1 -0.900506 -0.8839 -1 -0.2882 -1 -0.741181 -1 -1 0.497283 -1 -1 -1 -1 -1 -1 -1 -1 -1 -1 -1 -1 -1 -1 1 -0.707791 -0.898744 -0.930974 -0.668382 -1 -0.847774 -0.28657 -1 -1 -0.192875 -0.77297 -0.709953 -1 -1 -1 0.371282 -0.672792 -0.278512 -1 -0.109005 -1 -1 -1 0.111878 -1 -0.755458 -1 -0.821309 -0.906144 -1 -0.701452 -0.359724 -1 -0.887332 -1 
-1 -1 -1 -1 -1 -0.603008 0.518858 -0.377907 -0.910089 0.769919 -1 -0.621272 -0.611306 -1 -1 -0.651911 -0.996189 -1 -1 -1 -0.518879 -0.00720519 -0.551794 -0.541322 -1 -0.615015 -0.772656 -1 -1 -0.0133032 -1 -1 0.182322 -0.702876 -1 -0.668857 -0.725306 -1 -0.951847 -0.678354 -1 -1 -1 -1 -0.962345 -0.169069 -1 -1 -1 -1 -0.2882 -0.694068 -1 -1 -1 0.497283 -0.727826 -1 -1 -1 -1 -1 -1 -1 -1 -0.986827 -1 -1 -1 -1 1 -0.707791 -0.898744 -0.930974 -0.600798 -0.617288 -1 -0.0330776 -1 -1 -0.421776 -1 -0.709953 -1 -1 -1 0.0258764 -0.672792 1 -1 0.148691 -1 -0.882843 -1 0.111878 -1 -0.755458 -1 -0.821309 -0.906144 -0.972822 -0.950393 -0.165566 -1 -1 -1 
-1 -1 -1 -1 -1 -0.788422 0.851519 0.15541 -1 0.769919 -0.824298 -1 -1 -1 -0.640089 -0.559495 -1 -0.892742 -1 -1 -0.518879 -1 -0.912123 -0.927997 -1 -1 -1 -1 -1 -1 -1 -1 0.182322 -1 -0.858705 -1 -1 -0.925698 -1 -1 -1 -1 -1 -0.449583 -0.962345 -0.0681348 -0.786069 -0.921197 -1 -0.749045 -0.2882 -1 -1 -1 -1 1 -1 -0.688946 -1 -1 -1 -0.715297 -0.65908 -1 -0.792454 -0.752245 -1 -0.680999 -0.902358 -0.507187 1 -0.407987 -1 -0.930974 -1 -0.674878 -1 -0.617013 -1 -1 -0.421776 -1 -1 -1 -1 -1 0.368706 -0.672792 0.759779 -0.785637 0.0385468 -0.701383 -1 -1 0.111878 -1 -0.755458 -1 -1 -1 -1 -1 -0.302776 -1 -1 -1 
-1 -1 -1 -1 -1 -1 0.518858 0.15541 -1 0.769919 -1 -1 -1 -1 -0.640089 -0.651911 -1 -0.969476 -0.932354 -1 -0.518879 -0.283557 -0.912123 -0.569573 -0.669019 -1 -1 -1 -1 0.0351674 -1 -1 0.182322 -1 -0.858705 -1 -1 -1 -1 -0.973397 -1 -1 -1 -0.449583 -0.962345 -0.0681348 -0.911015 -1 -1 -0.749045 -0.2882 -1 -1 -1 -1 1 -1 -1 -1 -1 -1 -1 -0.65908 -1 -1 -1 -0.93477 -1 -1 -0.507187 1 -0.707791 -1 -0.930974 -1 -1 -1 -0.617013 -1 -1 -0.421776 -1 -0.938506 -1 -0.86077 -1 0.0302403 -0.672792 0.759779 -0.785637 -0.109005 -0.845733 -0.882843 -1 0.407281 -1 -0.755458 -0.988864 -1 -1 -1 -1 -0.605668 -1 -1 -1 
-1 -1 -1 -1 -1 -0.603008 0.518858 0.15541 -1 0.769919 -0.768712 -1 -1 -1 -1 -0.651911 -1 -1 -1 -1 -0.499395 -0.00720519 -0.912123 -0.569573 -0.669019 -1 -1 -1 -1 -0.260029 -0.941499 -1 0.182322 -1 -0.858705 -1 -1 -1 -1 -0.996574 -1 -1 -1 -0.449583 -0.962345 -0.572693 -0.911015 -1 -1 -0.749045 -0.2882 -0.694068 -1 -1 -1 1 -1 -1 -1 -1 -1 -1 -0.65908 -1 -1 -1 -1 -1 -1 -0.689157 0.983535 -0.707791 -1 -0.930974 -0.600798 -1 -1 -0.798342 -0.939575 -1 -0.421776 -1 -0.938506 -1 -1 -1 0.0258764 -0.905566 0.759779 -0.785637 -0.109005 -1 -0.882843 -1 0.111878 -1 -0.755458 -1 -0.625455 -1 -0.972822 -1 -1 -1 -1 -1 
-1 -1 -0.88168 -1 -1 -1 0.518858 0.15541 -1 0.919183 -0.96419 -1 -1 -1 -0.640089 -0.651911 -1 -1 -0.932354 -0.661307 -0.963607 -0.283557 -1 -0.569573 -0.669019 -0.977372 -1 -1 -1 0.150858 -0.823471 -1 -0.0428749 -1 -0.858705 -1 -1 -1 -1 -0.973397 -1 -1 -1 -0.449583 -0.962345 -0.0681348 -0.598698 -1 -1 -0.749045 -0.2882 -1 -1 -1 -1 0.156558 -1 -0.90271 -1 -1 -1 -1 -1 -1 -1 -1 -1 -1 -1 -0.580782 1 -1 -1 -0.930974 -1 -1 -1 -1 -1 -1 -1 -1 -0.938506 -0.843116 -1 -1 0.175611 -0.974129 0.759779 -0.785637 -0.109005 -1 -0.882843 -1 0.256296 -1 -0.755458 -0.693925 -1 -0.906144 -1 -1 -0.605668 -1 -1 -1 
-1 -1 -0.606466 -0.723167 -0.610191 -1 -1 -0.632154 -1 0.124847 -1 -0.639216 -1 -0.943291 -1 -1 -0.749272 -0.590277 -1 -1 -0.951067 -0.506209 -1 0.0627437 -1 -0.779979 -0.340758 -0.830916 -1 -0.127129 -1 -0.792543 0.823951 -0.378223 -1 -1 -0.782765 -1 -0.927696 -1 -0.905216 -0.956965 -1 -0.805303 -1 0.120924 -1 -0.771154 -1 -1 -0.417028 -0.441569 0.125841 -1 -1 0.792752 -0.998293 -0.775697 -0.983724 -1 -0.766303 -1 -1 -0.769543 -1 -1 -1 -0.885395 -1 -1 0.875259 0.0674686 -1 -1 -1 -0.717618 -1 -0.744002 -0.671646 0.727954 0.141321 -0.828345 -1 -1 -1 -1 -0.479078 -1 1 -1 0.441231 -1 -0.44938 -1 0.0930318 -0.922728 0.102667 -1 -1 -1 -1 -0.894225 -0.994147 -0.998082 -1 -1 
-1 -1 -0.860146 -0.757903 -1 -0.603008 1 -0.377907 -0.87035 0.769919 -1 -0.670976 -0.611306 -1 -1 -1 -1 -1 -1 -1 -0.286983 -0.00720519 -0.940339 -0.541322 -0.669019 -0.615015 -0.70976 -0.6003 -1 -0.146857 -1 -1 -0.893749 -1 -1 -1 -1 -0.844374 -1 -1 -1 -0.65939 -1 -1 -1 -0.0681348 -1 -0.826529 -1 -1 -0.2882 -1 -0.741181 -1 -1 0.497283 -1 -1 -0.621602 -1 -1 -1 -1 -1 -1 -0.597727 -1 -1 -1 -1 1 -0.707791 -0.706813 -0.930974 -1 -1 -1 -0.919158 -1 -1 -0.192875 -1 -0.709953 -1 -1 -1 -1 -0.672792 0.759779 -0.909695 -0.109005 -1 -1 -1 0.111878 -1 -0.755458 -1 -0.821309 -0.906144 -1 -0.950393 -0.37968 -1 -0.887332 -0.935064 
-1 -1 -1 -1 -1 -0.718175 0.518858 -0.0490573 -1 0.9997 -1 -1 -0.611306 -0.896105 -1 -0.651911 -1 -0.995493 -1 -1 -1 -0.00720519 -0.551794 -1 -1 -0.615015 -1 -1 -1 -1 -1 -1 -0.0341006 -1 -1 -0.668857 -1 -1 -1 -1 -1 -0.808445 -1 -0.449583 -0.962345 -0.0681348 -1 -1 -0.8839 -1 -0.2882 -0.781639 -0.741181 -1 -0.72915 0.497283 -1 -1 -1 -1 -1 -1 -1 -1 -1 -0.986827 -1 -1 -1 -0.855416 1 -0.707791 -0.898744 -1 -0.840244 -1 -1 -0.28657 -1 -1 -0.421776 -1 -0.766675 -1 -1 -1 0.0258764 -0.672792 0.759779 -1 -0.109005 -0.989203 -0.882843 -1 0.235303 -1 -0.755458 -1 -0.891581 -0.906144 -0.972822 -0.950393 -0.953688 -1 -0.887332 -1 
-1 -1 -0.860146 -1 -1 -0.603008 0.286778 -1 -1 0.823406 -1 -1 -0.611306 -1 -1 -0.651911 -0.996189 -1 -1 -1 -1 -0.00720519 -0.940339 -0.541322 -0.669019 -1 -0.772656 -1 -1 -0.146857 -1 -1 -0.893749 -1 -1 -0.657914 -1 -0.844374 -1 -0.678354 -1 -0.65939 -1 -1 -0.962345 0.189582 -1 -1 -0.95408 -1 -0.2882 -1 -0.741181 -1 -1 0.497283 -1 -1 -1 -1 -1 -1 -1 -1 -1 -1 -1 -1 -1 -1 1 -0.707791 -0.898744 -0.930974 -1 -1 -1 -0.28657 -1 -1 -0.192875 -0.77297 -0.709953 -1 -1 -1 0.0258764 -0.672792 0.795256 -1 -0.109005 -1 -1 -1 0.111878 -1 -0.755458 -1 -0.649662 -0.906144 -1 -0.950393 -0.359724 -1 -0.887332 -1 
-1 -0.91805 -1 -1 -1 -1 0.628303 0.15541 -1 0.769919 -1 -1 -1 -1 -0.640089 -0.651911 -1 -1 -1 -1 -0.518879 -1 -1 -0.927997 -1 -1 -1 -1 -1 -1 -1 -1 -0.0117733 -0.818493 -0.858705 -1 -0.807355 -1 -1 -1 -1 -1 -1 -0.914307 -0.962345 -0.757646 -1 -0.921197 -1 -1 -0.2882 -1 -1 -1 -1 1 -1 -0.688946 -1 -1 -1 -0.715297 -0.65908 -1 -1 -0.752245 -1 -1 -0.902358 -0.507187 1 -0.747131 -1 -0.930974 -1 -1 -1 -0.500082 -1 -1 -0.421776 -1 -1 -1 -1 -1 -0.330481 -0.672792 0.759779 -0.785637 -0.109005 -1 -1 -1 0.111878 -1 -1 -1 -1 -1 -1 -1 -0.302776 -1 -1 -1 
-1 -0.88855 -1 -0.866728 -1 -0.603008 0.518858 -1 -0.596787 1 -1 -0.686393 -1 -1 -1 -0.72583 -1 -1 -1 -1 -0.518879 -0.00720519 -0.551794 -0.541322 -1 -0.615015 -0.772656 -1 -0.68278 0.0662638 -1 -0.817469 0.182322 -1 -1 -0.9518 -1 -1 -1 -0.678354 -1 -1 -1 -0.449583 -0.677637 -0.668245 -1 -1 -0.8839 -1 -1 -0.155379 -0.741181 -1 -1 0.565381 -1 -1 -1 -1 -0.652869 -1 -0.747562 -1 -1 -0.986827 -1 -1 -1 -1 0.40266 -0.707791 -1 -1 -1 -0.990153 -1 -0.28657 -1 -1 -0.421776 -1 -1 -1 -1 -0.737433 0.0258764 -0.672792 0.759779 -1 -0.656205 -1 -0.882843 -0.700819 0.111878 -1 -1 -1 -0.821309 -0.859511 -0.487103 -1 -0.0276337 -0.754597 -1 -0.725905 
-1 -1 -1 -1 -1 -1 -1 -0.217418 -1 0.681347 -1 -0.639216 -1 -0.943291 -1 -1 -0.749272 -0.590277 -1 -1 -1 -0.506209 -1 0.0627437 -1 -1 -0.561392 -1 -1 -0.871888 -1 -0.792543 0.823951 -0.378223 -1 -1 -0.782765 -1 -0.927696 -1 -1 -0.956965 -0.626564 -0.805303 -1 -0.0580045 -1 -1 -1 -1 -1 -0.344306 0.121505 -1 -1 0.792752 -0.998293 -0.775697 -0.983724 -1 -0.766303 -1 -1 -0.747876 -1 -1 -1 -1 -0.7188 -0.609229 0.621929 0.0674686 -1 -1 -1 -0.717618 -0.686639 -1 -0.671646 0.751303 0.141321 -0.857496 -1 -1 -1 -0.958333 -0.479078 -1 0.995949 -1 0.441231 -1 -0.218697 -1 -0.0226024 -0.922728 0.102667 -1 -0.738568 -1 -1 -0.942848 -1 -0.998082 -1 -1 
-1 -1 -0.823562 -1 -1 -1 0.518858 0.15541 -1 0.769919 -0.745591 -1 -0.611306 -1 -0.777457 -0.651911 -0.996189 -1 -1 -1 -1 -0.628734 -1 -1 -0.669019 -1 -1 -1 -1 -0.645951 -0.993654 -1 0.182322 -1 -1 -1 -1 -1 -1 -0.678354 -1 -1 -1 -1 -0.798957 -1 -1 -1 -1 -1 -0.170556 -0.694068 -0.645003 -1 -0.97599 1 -1 -1 -1 -1 -1 -1 -1 -1 -1 -0.850227 -1 -1 -1 -0.507187 0.983708 -0.707791 -0.898744 -1 -1 -1 -1 -0.850117 -0.867281 -1 -0.0533568 -1 -0.938506 -1 -1 -1 -0.380657 -0.388562 0.929106 -0.692825 -0.00897482 -1 -1 -1 -0.614805 -1 -0.755458 -0.625402 -0.999074 -0.906144 -1 -1 -0.477663 -1 -1 -1 
-1 -0.88855 -1 -1 -1 -0.603008 0.518858 -0.377907 -1 0.903511 -1 -0.686393 -1 -1 -1 -0.651911 -1 -1 -1 -1 -0.518879 -0.00720519 -0.551794 -0.541322 -0.669019 -0.615015 -0.706218 -1 -1 0.464588 -1 -1 0.182322 -1 -1 -0.653685 -1 -1 -1 -0.678354 -1 -1 -1 -0.449583 -1 -0.0681348 -1 -1 -0.8839 -1 -0.2882 -0.411865 -0.741181 -1 -1 0.393709 -1 -1 -1 -1 -1 -1 -1 -1 -0.884041 -0.986827 -1 -1 -1 -1 0.40266 -0.707791 -1 -0.930974 -1 -1 -1 -1 -1 -1 -1 -1 -0.709953 -1 -1 -0.737433 -0.0565741 -0.672792 0.759779 -1 -0.0478888 -1 -0.882843 -1 0.111878 -1 -1 -0.947189 -0.821309 -0.906144 -0.972822 -0.950393 -0.165566 -0.744156 -0.933783 -1 
-1 -1 -0.980968 -1 -1 -0.603008 0.775886 -0.377907 -0.844441 0.769919 -1 -1 -0.611306 -1 -1 -0.517979 -0.996189 -1 -1 -1 -1 -0.00720519 -0.940339 -0.411956 -0.669019 -1 -1 -1 -1 -0.146857 -1 -1 -0.893749 -1 -1 -0.657914 -0.977829 -0.844374 -1 -1 -1 -1 -1 -1 -0.962345 -0.0681348 -1 -1 -1 -1 -0.2882 -1 -0.741181 -1 -1 0.497283 -1 -1 -1 -1 -1 -1 -0.901598 -1 -1 -1 -1 -1 -1 -1 1 -1 -0.898744 -0.597109 -1 -1 -1 -0.28657 -1 -1 -0.192875 -0.77297 -1 -1 -1 -1 -0.487722 -0.672792 0.976761 -1 -0.109005 -1 -1 -1 0.111878 -1 -0.755458 -1 -0.821309 -0.906144 -1 -0.950393 -0.359724 -1 -0.887332 -1 
-1 -1 -1 -1 -1 -0.603008 0.518858 0.15541 -1 0.769919 -1 -1 -0.611306 -1 -1 -0.914658 -1 -1 -1 -1 -0.239843 -0.00720519 -0.912123 -0.569573 -0.669019 -0.615015 -1 -0.875041 -0.936285 -0.260029 -1 -1 -0.936813 -1 -0.858705 -1 -1 -1 -1 -0.996574 -1 -1 -1 -0.449583 -0.962345 -0.0681348 -1 -1 -1 -0.749045 -0.2882 -0.694068 -1 -1 -1 1 -1 -1 -1 -1 -1 -1 -0.65908 -1 -1 -1 -1 -1 -1 -0.507187 1 -0.707791 -1 -1 -1 -1 -1 -0.28657 -0.939575 -1 -0.421776 -1 -0.895586 -1 -1 -1 0.0258764 -0.672792 0.099489 -0.785637 -0.109005 -1 -0.795936 -1 0.472959 -1 -0.755458 -1 -0.625455 -0.906144 -0.972822 -1 -0.477663 -1 -1 -1 
-1 -1 -0.606466 -1 -0.610191 -1 -1 -0.217418 -1 0.868287 -1 -0.639216 -1 -0.943291 -1 -1 -0.749272 -0.590277 -1 -1 -1 -0.506209 -1 0.0627437 -1 -0.779979 -0.340758 -0.830916 -1 -0.127129 -1 -0.792543 0.823951 -0.378223 -1 -1 -0.782765 -1 -0.927696 -1 -0.905216 -0.956965 -1 -0.805303 -1 0.120924 -1 -0.771154 -1 -1 -0.417028 -0.441569 0.125841 -1 -1 0.792752 -0.998293 -0.775697 -0.983724 -1 -0.766303 -1 -1 -0.769543 -1 -1 -1 -0.885395 -0.7188 -1 0.875259 0.0674686 -1 -1 -1 -0.717618 -1 -0.744002 -0.671646 0.727954 0.141321 -0.828345 -1 -1 -1 -0.958333 -0.479078 -1 0.995949 -1 0.441231 -1 -0.44938 -1 -0.0226024 -0.922728 0.102667 -1 -1 -1 -1 -0.894225 -0.994147 -0.998082 -1 -1 
-1 -1 -1 -1 -1 -0.788422 0.851519 0.15541 -0.78251 0.769919 -0.824298 -1 -1 -0.63668 -0.640089 -0.559495 -1 -0.892742 -1 -1 -0.518879 -1 -0.912123 -0.927997 -0.927211 -1 -0.616347 -1 -1 -1 -1 -1 0.182322 -1 -0.858705 -1 -1 -0.925698 -1 -0.762082 -1 -1 -1 -0.108568 -1 -1 -0.786069 -0.921197 -1 -1 -0.2882 -0.739118 -1 -0.760745 -1 1 -1 -0.688946 -1 -0.987568 -1 -0.715297 -0.65908 -0.837246 -0.792454 -0.752245 -1 -0.680999 -0.902358 -0.507187 1 -0.407987 -1 -0.930974 -1 -0.674878 -1 -1 -1 -0.635422 -0.770326 -1 -1 -0.897949 -1 -1 0.368706 -0.672792 0.629367 -0.785637 0.0385468 -0.701383 -1 -0.686586 0.177578 -1 -0.755458 -1 -1 -0.882956 -1 -1 -0.302776 -1 -1 -1 
-1 -1 -1 -1 -1 -0.603008 -0.595285 -0.137288 -1 0.257483 -0.715607 -1 -0.497212 -1 -1 -0.845996 -1 -1 -0.888239 -1 -0.966878 -0.590105 -1 -1 -0.669019 -0.615015 -1 -1 -1 -0.260029 -1 -0.868385 0.182322 -1 -1 -1 -1 -1 -1 -1 -0.873321 -1 -1 -0.449583 -1 -0.462518 -1 -0.638848 -1 -0.749045 -0.2882 -0.694068 -1 -1 -0.616264 0.240041 -0.7411 -1 -1 -1 -1 -0.892445 -0.830995 -1 -1 -0.850227 -1 -1 -1 -1 1 -0.707791 -1 -0.955433 -0.757153 -1 -1 -0.305232 -1 -1 -0.278757 -1 -1 -0.825326 -1 -1 0.373702 -0.743402 0.759779 -1 -0.109005 -1 -1 -1 0.111878 -0.609963 -0.833579 -1 -1 -1 -0.972822 -0.987569 -0.477663 -1 -1 -1 
-1 -1 -1 -0.864868 -1 -1 0.628303 0.15541 -1 0.639049 -0.722797 -1 -1 -1 -0.640089 -0.651911 -1 -1 -0.679592 -1 -0.945998 -0.964196 -0.637192 -0.569573 -0.669019 -1 -1 -1 -1 0.273822 -1 -1 0.182322 -1 -0.858705 -1 -1 -1 -1 -0.973397 -1 -1 -0.566696 -0.449583 -0.962345 -0.0681348 -0.765212 -0.756312 -1 -1 -0.2882 -1 -1 -1 -1 1 -1 -1 -1 -1 -1 -0.911395 -0.65908 -1 -1 -0.752245 -0.93477 -0.963928 -0.902358 -0.507187 -0.141456 -0.747131 -1 -0.930974 -1 -1 -1 -0.617013 -1 -1 -0.0805169 -1 -0.938506 -1 -1 -1 0.0258764 -0.672792 0.759779 -0.785637 -0.239959 -1 -0.882843 -1 0.111878 -1 -0.755458 -1 -0.600709 -0.906144 -1 -1 -0.245928 -1 -1 -1 
-0.735094 -1 -1 -1 -1 -0.603008 -0.595285 -0.137288 -1 0.769919 -0.667878 -1 -0.497212 -1 -1 -0.447586 -1 -1 -1 -1 -0.966878 0.515042 -1 -1 -1 -0.615015 -1 -0.922054 -0.70515 -0.260029 -1 -0.868385 0.182322 -1 -1 -1 -1 -1 -1 -1 -0.873321 -1 -0.865114 -0.449583 -1 -0.796942 -1 -1 -0.817512 -0.749045 -0.2882 -0.936422 -1 -1 -1 0.215178 -1 -1 -1 -1 -1 -1 -0.830995 -1 -1 -0.850227 -1 -1 -1 -1 1 -0.707791 -1 -1 -0.600798 -1 -1 -0.28657 -1 -1 -0.278757 -1 -0.842335 -1 -1 -1 0.373702 -0.672792 0.759779 -1 -0.109005 -1 -1 -1 0.111878 -1 -0.457049 -1 -1 -1 -0.972822 -0.987569 -0.477663 -1 -1 -1 
-1 -1 -1 -1 -1 -1 0.518858 0.15541 -1 0.769919 -1 -1 -1 -1 -0.287609 -0.651911 -1 -1 -1 -1 -0.518879 -0.283557 -0.70815 -0.569573 -0.52135 -1 -1 -1 -1 0.0351674 -0.938516 -1 0.182322 -1 -0.858705 -1 -1 -1 -0.733193 -0.973397 -0.923662 -1 -1 -0.449583 -0.962345 -0.845715 -0.911015 -1 -1 -0.749045 -0.2882 -1 -1 -1 -1 0.17644 -1 -1 -1 -0.615201 -1 -1 -0.65908 -0.686355 -1 -1 -1 -1 -1 -1 1 -0.707791 -1 -0.930974 -1 -1 -1 -0.617013 -1 -1 -0.421776 -1 -0.938506 -1 -0.756253 -1 0.0302403 -0.672792 0.759779 -0.785637 -0.109005 -0.875223 -0.882843 -1 0.407281 -1 -0.755458 -0.988864 -1 -1 -1 -1 -1 -1 -1 -1 
-1 -1 -0.88168 -1 -1 -1 0.518858 0.15541 -1 0.769919 -0.96419 -1 -1 -1 -0.640089 -0.651911 -1 -1 -0.932354 -0.613371 -1 -0.283557 -0.912123 -0.569573 -0.669019 -1 -1 -1 -1 0.150858 -1 -1 0.182322 -1 -0.858705 -1 -1 -1 -1 -0.973397 -1 -1 -0.73389 -0.449583 -0.962345 -0.0681348 -0.911015 -1 -1 -0.749045 -0.2882 -1 -1 -1 -1 0.50256 -1 -1 -1 -1 -1 -1 -0.65908 -0.990841 -1 -1 -1 -1 -1 -0.507187 1 -0.885969 -1 -1 -1 -1 -1 -0.617013 -1 -1 -0.421776 -1 -0.938506 -0.843116 -1 -1 0.0258764 -0.672792 0.759779 -0.785637 -0.109005 -1 -0.882843 -1 0.256296 -0.978359 -0.755458 -0.693925 -1 -0.906144 -1 -1 -0.605668 -1 -1 -1 
-1 -1 -1 -1 -1 -0.641534 -0.644401 -0.377907 -1 -0.224922 -1 -1 -0.611306 -1 -1 -0.651911 -1 -1 -1 -1 -0.518879 -0.00720519 -0.968329 -0.541322 -0.669019 -0.615015 -0.772656 -1 -1 -0.0133032 -1 -1 0.182322 -1 -1 -0.668857 -1 -1 -1 -0.326553 -1 -0.653547 -1 -0.449583 -0.962345 0.226555 -1 -1 -0.532164 -0.852408 -0.2882 -0.781639 -0.741181 -1 -0.72915 0.497283 -0.720184 -1 -1 -1 -1 -1 -1 -1 -1 -0.986827 -1 -1 -0.865768 -1 1 -0.707791 -1 -1 -0.600798 -1 -1 -0.442504 -1 -1 -0.421776 -1 -0.766675 -1 -0.834539 -1 0.0258764 -0.672792 0.759779 -1 -0.109005 -0.989203 -0.882843 -0.968199 0.111878 -1 -0.755458 -1 -0.635603 -0.906144 -0.972822 -1 -0.953688 -1 -0.887332 -1 
-1 -0.784675 -1 -1 -0.793922 -0.603008 -0.595285 -0.137288 -1 0.769919 -1 -1 -0.611306 -1 -1 -0.447586 -1 -1 -1 -1 -0.518879 -0.195683 -0.912123 -0.569573 -0.669019 -0.615015 -1 -0.922054 -1 -0.260029 -1 -1 0.182322 -1 -1 -1 -1 -0.958557 -1 -1 -1 -1 -1 -0.449583 -1 -0.0681348 -0.911015 -1 -1 -0.749045 -0.2882 -0.694068 -1 -1 -1 1 -1 -1 -1 -1 -1 -1 -0.830995 -1 -1 -0.850227 -1 -1 -1 -1 1 -0.707791 -1 -0.930974 -0.600798 -1 -1 -0.28657 -1 -1 -0.421776 -1 -0.938506 -1 -1 -1 0.0258764 -0.672792 0.759779 -0.785637 -0.109005 -1 -0.882843 -1 0.111878 -1 -0.755458 -1 -1 -0.906144 -0.972822 -0.97298 -0.477663 -1 -1 -1 
-1 -1 -0.722332 -1 -1 -1 1 0.15541 -1 0.769919 -1 -1 -0.611306 -1 -1 -1 -0.996189 -1 -1 -1 -0.518879 0.0247831 -0.787185 -0.570706 -0.669019 -1 -0.798771 -1 -1 -0.0133032 -1 -0.837767 0.361969 -1 -1 -0.668857 -0.7052 -1 -1 -0.678354 -0.625169 -1 -0.741378 -0.947077 -0.962345 -0.429689 -1 -1 -0.852169 -0.663815 -0.2882 -0.694068 -0.871631 -1 -1 0.797019 -0.836685 -1 -0.931325 -1 -1 -1 -1 -1 -1 -0.850227 -1 -1 -1 -0.507187 1 -1 -0.898744 -0.930974 -1 -0.721244 -0.77873 -0.602803 -0.867281 -1 -0.440811 -0.936803 -0.938506 -0.783525 -0.604728 -0.852925 0.0258764 -0.672792 -0.398408 -0.993692 -0.109005 -1 -0.882843 -1 0.280975 -1 -0.819342 -1 -0.625455 -0.906144 -0.972822 -1 -0.477663 -1 -1 -1 
-1 -0.953577 -1 -1 -1 -1 0.297315 0.15541 -1 -0.139915 -0.356984 -1 -1 -1 -0.640089 -0.651911 -1 -0.816649 -0.932354 -1 -1 -0.283557 -0.912123 -0.569573 -0.510669 -1 -1 -1 -1 0.0351674 -1 -1 0.182322 -1 -0.858705 -0.645983 -1 -1 -1 -0.973397 -1 -1 -1 -1 -0.962345 -0.0681348 -0.911015 -1 -1 -0.749045 -0.660132 -1 -1 -1 -1 0.997461 -1 -1 -1 -1 -1 -1 -0.65908 -1 -1 -1 -0.93477 -1 -1 -0.507187 1 -0.707791 -1 -0.978711 -1 -1 -0.929294 -0.617013 -1 -1 -0.421776 -0.93198 -0.938506 -1 -1 -1 0.0258764 -0.672792 -0.378547 -0.785637 -0.109005 -1 -0.882843 -1 0.111878 -1 -0.755458 -1 -1 -0.906144 -1 -1 -0.605668 -1 -1 -1 
-1 -1 -1 -1 -1 -1 0.628303 0.15541 -1 0.769919 -0.722797 -1 -0.705166 -1 -0.640089 -0.926312 -1 -1 -0.932354 -1 -0.518879 -0.964196 -0.912123 -1 -0.669019 -1 -1 -1 -1 0.0351674 -1 -1 0.182322 -1 -0.858705 -1 -1 -1 -1 -0.973397 -1 -0.96581 -0.566696 -1 -0.962345 -0.0681348 -1 -0.756312 -1 -0.749045 -1 -1 -1 -1 -1 1 -1 -1 -0.774771 -1 -1 -0.721625 -0.72339 -1 -1 -0.752245 -0.93477 -1 -0.902358 -0.507187 1 -1 -1 -0.930974 -1 -1 -1 -0.617013 -1 -1 -0.421776 -1 -0.938506 -1 -1 -1 0.0258764 -0.672792 0.759779 -0.785637 -0.109005 -1 -0.882843 -0.63462 0.111878 -1 -0.755458 -1 -1 -0.906144 -1 -1 -0.605668 -1 -1 -1 
-1 -1 -1 -1 -1 -0.603008 0.518858 -0.377907 -1 0.769919 -1 -1 -0.611306 -1 -1 -0.651911 -1 -1 -1 -1 -0.518879 -0.00720519 -0.551794 -0.541322 -0.669019 -0.615015 -0.772656 -1 -1 -0.0133032 -1 -1 0.182322 -1 -1 -0.668857 -1 -1 -1 -0.678354 -1 -0.808445 -1 -0.449583 -0.962345 -0.0681348 -1 -1 -0.8839 -1 -0.2882 -0.781639 -0.741181 -1 -0.72915 0.497283 -1 -1 -1 -1 -1 -1 -1 -1 -1 -0.986827 -1 -1 -0.865768 -1 1 -0.707791 -0.898744 -1 -0.600798 -1 -1 -0.28657 -1 -1 -0.421776 -1 -0.766675 -1 -1 -1 0.0258764 -0.672792 0.759779 -1 -0.109005 -0.989203 -0.882843 -1 0.111878 -1 -0.755458 -1 -0.821309 -0.906144 -0.972822 -0.950393 -0.953688 -1 -0.887332 -1 
