-0.278714 -1 -1 -1 0.457355 -0.778306 -1 -0.984142 -1 -0.824022 -1 -0.882657 -1 -0.852489 -1 -1 0.882244 -1 -0.281409 -0.731144 0.522645 -0.76818 -1 0.048894 -0.986706 -0.996141 -0.973358 -0.412569 -1 -1 -1 0.405623 -0.844521 0.16327 -1 -1 0.0972597 -0.550665 -1 -1 -0.902091 -1 -1 -1 -0.774137 -0.38649 -0.958538 -0.324158 -1 -1 -1 -1 -1 -0.754489 -1 -1 -1 -0.627466 -1 -1 -0.925946 -1 -0.547927 -1 -0.364745 -0.408909 -1 -0.623592 -0.971693 0.235641 -0.944269 -1 -0.440351 -0.164549 -0.73184 -1 -1 -0.905482 -1 -1 0.0448373 -0.969658 -0.261286 0.295898 -0.992749 -1 -1 0.956253 -1 -1 -1 -0.514911 -0.905699 0.908073 0.657712 -1 -0.883986 -1 -0.712548 -0.679819 -0.61029 -1 -0.61189 -0.839889 -1 -1 
-0.233359 -1 -1 -1 0.457355 -1 -1 -0.967885 -1 -0.713173 -1 -0.882657 -0.971937 -1 -0.835923 -1 1 -1 -0.125454 -0.780692 0.487745 -0.980283 -1 0.150286 -0.978466 -1 -1 -1 -1 -1 -0.910407 0.39778 -0.844521 0.157689 -1 -1 -0.0368932 -0.849805 -1 -1 -0.949095 -1 -1 -1 -0.759599 -0.596909 -0.958538 -0.442081 -0.821414 -1 -1 -1 -1 -0.833304 -1 -0.734519 -1 -0.68079 -1 -1 -0.993231 -1 -0.404178 -1 -0.252192 -0.408909 -1 -0.252213 -1 0.336255 -1 -1 -0.440351 -0.281231 -0.789393 -1 -0.922631 -0.969757 -0.947847 -1 -0.035756 -0.844548 -0.278651 0.286161 -1 -1 -0.879975 0.956253 -1 -1 -1 -0.602303 -1 1 0.657712 -1 -0.883986 -0.804215 -0.727117 -0.620687 -0.61029 -1 -0.704195 -1 -1 -1 
-0.278714 -1 -1 -1 0.457355 -0.778306 -1 -0.954598 -1 -0.795552 -1 -0.882657 -1 -0.872892 -1 -1 1 -1 -0.281409 -0.731144 0.522645 -0.76818 -1 0.048894 -0.986706 -0.996141 -1 -0.412569 -1 -1 -1 0.39778 -0.844521 0.13546 -1 -1 0.0972597 -0.52622 -1 -1 -1 -1 -1 -1 -0.774137 -0.38649 -0.958538 -0.324158 -1 -1 -1 -1 -1 -0.754489 -1 -1 -1 -0.627466 -1 -1 -0.925946 -1 -0.404178 -1 -0.364745 -0.408909 -1 -0.252213 -0.971693 0.235641 -0.944269 -1 -0.440351 -0.164549 -0.73184 -1 -1 -0.905482 -1 -1 0.0448373 -0.969658 -0.261286 0.295898 -0.992749 -1 -1 0.956253 -1 -1 -1 -0.514911 -0.994725 0.908073 0.657712 -1 -0.883986 -0.770167 -0.712548 -0.679819 -0.61029 -1 -0.61189 -0.839889 -1 -1 
-0.278714 -1 -0.934135 -1 0.384621 -0.716168 -1 -0.972888 -1 -1 -1 -0.758003 -0.968255 -1 -0.79964 -1 1 -1 -0.0653328 -0.731144 0.419785 -0.905315 -1 0.0441065 -1 -1 -0.931089 -0.979408 -1 -1 -1 0.341359 -0.996831 0.299421 -1 -1 -0.207529 -0.643013 -0.95048 -1 -1 -1 -0.893844 -1 -0.931257 -0.926153 -0.958538 -0.259764 -1 -0.8874 -1 -1 -0.966075 -1 -1 -1 -1 -0.627466 -0.885729 -1 -0.925946 -0.834716 -0.404178 -1 -0.864977 -0.632152 -1 -0.252213 -1 0.188615 -1 -1 -0.58835 0.0290834 -0.656266 -1 -1 -1 -1 -1 -0.259163 -0.969658 -0.384933 0.196898 -1 -1 -0.811998 0.736497 -1 -1 -1 -0.465935 -1 1 0.571149 -1 -0.843603 -0.979997 -0.417837 -0.667683 -0.635879 -0.950693 -0.704195 -1 -1 -1 
-0.233359 -1 -1 -1 0.457355 -0.778306 -1 -0.967885 -1 -0.713173 -1 -0.882657 -0.927889 -0.842614 -0.835923 -1 1 -0.903699 -0.125454 -0.780692 0.487745 -1 -1 -0.0913464 -0.978466 -0.973605 -1 -1 -1 -1 -0.910407 0.39778 -0.844521 0.157689 -1 -1 -0.0368932 -0.576574 -1 -1 -0.949095 -1 -1 -0.862481 -0.759599 -0.596909 -0.958538 -0.442081 -0.821414 -1 -0.91151 -1 -1 -0.833304 -1 -0.898112 -1 -0.816411 -1 -0.965285 -0.925946 -1 -0.404178 -1 -0.252192 -0.715303 -1 -0.252213 -1 0.336255 -1 -1 -0.440351 -0.771903 -1 -1 -0.98857 -1 -1 -1 -0.035756 -0.844548 -0.376719 0.286161 -1 -1 -0.903116 1 -1 -1 -1 -0.602303 -1 1 0.657712 -1 -0.964437 -0.930708 -0.651892 -0.620687 -0.61029 -1 -0.704195 -1 -1 -1 
0.834636 -0.299609 -1 -1 0.907759 -0.888611 -1 0.636754 -1 -1 -0.564356 -0.75908 -1 -0.857593 -0.845103 -1 0.82197 -1 0.279245 -1 0.0305243 -1 -1 -0.287491 -1 -0.934868 -1 -0.811729 -0.580857 -0.860739 -0.869818 0.920214 -0.559689 0.337211 -1 -1 0.321825 -0.74833 -0.197359 -1 -0.964814 -0.54258 -1 -0.972029 0.366558 -0.57532 -1 0.325979 -1 -1 -0.335799 -0.190803 -0.763693 -0.722694 -1 -1 -1 -0.329404 -0.457789 -0.508863 -0.650084 -0.685134 -0.126226 -0.566576 -0.993385 -0.670955 -0.977878 -0.590198 -1 0.508779 -1 -0.941805 -0.295251 -0.458111 -0.0159155 -0.984185 -0.903964 0.516664 -0.882085 -0.553398 0.292683 -1 -0.559274 -0.581095 -0.977704 -0.111441 -1 0.585377 0.342135 -0.935117 -1 0.224653 -1 -0.209943 0.969104 -0.96364 -0.979301 -0.0901314 -0.242319 -0.675939 -1 -0.378758 -1 -0.557851 -0.12732 -1 
-0.278714 -1 -0.93801 -1 0.632643 -1 -0.987268 -0.984142 -1 -0.89849 -0.974234 -0.882657 -1 -1 -0.985008 -1 0.964189 -1 -0.0653328 -1 0.347141 -0.76818 -1 -0.0929358 -1 -1 -1 -0.860166 -1 -1 -0.881671 0.39778 -0.974343 0.42323 -1 -1 -0.313962 -0.606695 -1 -1 -1 -1 -0.893844 -1 -1 -0.852908 -0.822105 -0.342176 -1 -0.79268 -1 -1 -1 -1 -1 -0.803379 -1 -0.627466 -1 -1 -0.990885 -1 -0.404178 -1 -0.959245 -0.708114 -1 -0.252213 -1 -0.12006 -1 -1 -0.613644 -0.164549 -0.534388 -1 -1 -1 -1 -0.953642 -0.375175 -0.969658 -0.298783 0.111491 -1 -1 -1 0.807873 -1 -1 -1 -0.465935 -0.948278 0.900781 0.657712 -1 -1 -0.979997 -0.417837 -0.667683 -0.742449 -0.889759 -0.704195 -1 -0.884023 -1 
0.0707448 -0.800137 -1 -1 0.380499 -1 -1 -0.938305 -1 -1 -1 -0.704778 -1 -0.997431 -1 -1 0.757565 -1 -0.0694933 -0.731144 0.487745 -0.76818 -1 0.296341 -0.958731 -1 -1 -0.411743 -1 -1 -1 0.486508 -0.844521 0.42323 -1 -1 0.223543 -0.658263 -0.664796 -1 -1 -0.401963 -0.970074 -1 -0.95877 -0.271891 -1 0.185744 -1 -1 -0.853364 -0.924023 -0.840914 -1 -1 -0.832248 -0.983275 -0.968682 -1 -1 -1 -1 -0.350975 -0.907288 0.116702 -0.711919 -1 -0.0106093 -1 0.448333 -0.87748 -0.999886 0.330315 -0.12174 -0.664516 -1 -0.996636 -0.927129 -1 -0.865374 -0.0713056 -1 -0.148176 0.21795 -0.827927 -1 -1 1 -1 -0.917776 -0.721116 -0.554142 -1 0.874699 0.657712 -1 -1 -0.385302 -0.372819 -0.615796 -0.930687 -1 -0.692608 -0.856649 -0.599122 -1 
-0.278714 -1 -1 -1 0.457355 -0.778306 -1 -0.954598 -1 -0.795552 -1 -0.882657 -1 -0.872892 -1 -1 1 -1 -0.281409 -0.731144 0.522645 -0.76818 -1 0.048894 -0.986706 -1 -1 -0.412569 -1 -1 -1 0.39778 -0.844521 0.13546 -1 -1 0.0972597 -0.52622 -1 -1 -1 -1 -1 -1 -1 -0.38649 -0.958538 -0.324158 -1 -1 -1 -1 -1 -0.754489 -1 -1 -1 -0.627466 -1 -1 -0.925946 -1 -0.404178 -1 -0.364745 -0.408909 -1 -0.252213 -0.971693 0.235641 -0.944269 -1 -0.440351 -0.164549 -0.73184 -1 -1 -0.905482 -1 -1 0.0448373 -0.969658 -0.121977 0.295898 -0.992749 -1 -1 0.956253 -1 -1 -1 -0.514911 -0.994725 0.908073 0.657712 -1 -1 -0.770167 -0.712548 -0.679819 -0.61029 -1 -0.61189 -1 -0.81104 -1 
-0.233359 -0.908345 -0.824189 -1 0.173183 -0.778306 -1 -0.967885 -1 -0.935532 -1 -0.882657 -1 -1 -1 -1 1 -1 -0.0653328 -0.844319 0.487745 -0.987483 -1 -0.0905711 -0.978466 -0.852031 -1 -1 -1 -1 -1 0.39778 -0.844521 0.237586 -1 -1 -0.512656 -0.576574 -1 -1 -0.949095 -1 -0.817656 -1 -0.759599 -0.560968 -1 -0.972229 -1 -1 -1 -1 -1 -0.747409 -1 -0.898112 -1 -0.450872 -1 -1 -0.925946 -1 -0.554837 -1 -0.122891 -0.408909 -1 -0.252213 -1 0.336255 -1 -1 -0.462285 -0.463903 -1 -1 -1 -1 -1 -1 -0.0460083 -0.713006 -0.278651 0.312326 -1 -0.986826 -0.879975 0.830079 -1 -1 -1 -0.602303 -0.994725 1 0.740812 -1 -0.883986 -0.804215 -0.972973 -0.718848 -0.534605 -1 -1 -0.896099 -1 -1 
-0.278714 -1 -0.934135 -1 0.590292 -0.907089 -1 -1 -1 -0.82061 -0.903068 -0.882657 -0.961635 -1 -1 -1 0.964189 -1 -0.0653328 -0.731144 0.487745 -1 -1 -0.140721 -1 -1 -1 -1 -1 -0.936979 -1 0.39778 -0.971604 0.45516 -0.959385 -1 -0.313962 -1 -1 -1 -1 -1 -0.893844 -1 -1 -0.668937 -1 -0.320064 -1 -0.8874 -1 -1 -1 -1 -1 -0.971316 -1 -0.627466 -0.922061 -1 -0.864421 -0.964349 -0.404178 -1 -0.441825 -0.767716 -0.855851 -0.252213 -1 0.188615 -1 -1 -0.712483 -0.608253 -1 -0.97329 -1 -0.905482 -1 -0.953642 -0.0675129 -1 -0.298783 0.111491 -0.992749 -1 -1 0.854057 -1 -1 -0.878571 -0.806941 -1 0.923282 0.662268 -1 -1 -0.979997 -0.417837 -0.667683 -0.635879 -0.950693 -0.704195 -1 -1 -1 
-0.233359 -1 -0.824189 -1 0.173183 -0.778306 -1 -0.967885 -1 -0.935532 -1 -0.882657 -1 -1 -1 -1 1 -1 -0.0653328 -0.844319 0.487745 -0.878041 -1 -0.0905711 -0.978466 -0.852031 -1 -1 -1 -1 -1 0.39778 -0.844521 0.237586 -1 -1 -0.512656 -0.576574 -1 -1 -0.949095 -1 -0.817656 -1 -0.759599 -0.560968 -1 -0.972229 -1 -1 -1 -1 -1 -0.747409 -1 -0.898112 -1 -0.450872 -1 -1 -0.925946 -1 -0.554837 -1 -0.122891 -0.408909 -1 -0.252213 -1 0.336255 -1 -1 -0.462285 -0.463903 -1 -1 -1 -1 -1 -1 -0.0460083 -0.713006 -0.278651 0.312326 -1 -0.986826 -0.879975 0.830079 -1 -1 -1 -0.602303 -0.994725 1 0.740812 -1 -0.883986 -0.804215 -0.884788 -0.718848 -0.534605 -1 -1 -0.896099 -1 -1 
-0.233359 -1 -1 -1 0.457355 -1 -1 -0.86101 -1 -0.713173 -1 -0.882657 -0.971937 -1 -1 -1 1 -0.903699 -0.125454 -0.780692 0.487745 -0.980283 -1 0.150286 -0.978466 -1 -1 -1 -1 -1 -0.910407 0.39778 -0.844521 0.157689 -1 -1 -0.0368932 -0.849805 -1 -1 -0.949095 -0.956732 -1 -1 -0.759599 -0.596909 -0.958538 -0.442081 -0.821414 -1 -1 -1 -1 -0.833304 -1 -0.734519 -1 -0.68079 -1 -1 -0.925946 -1 -0.404178 -1 -0.252192 -0.408909 -1 -0.252213 -1 0.336255 -1 -1 -0.440351 -0.777914 -0.789393 -1 -0.922631 -0.969757 -0.947847 -1 -0.035756 -0.844548 -0.278651 0.286161 -1 -1 -0.879975 0.956253 -1 -1 -1 -0.602303 -1 0.771116 0.657712 -1 -0.883986 -0.804215 -0.727117 -0.98287 -0.684729 -0.882552 -1 -1 -1 -1 
-0.278714 -1 -0.934135 -1 0.590292 -0.961969 -1 -1 -1 -0.82061 -0.903068 -0.882657 -0.961635 -1 -1 -1 0.964189 -1 -0.0653328 -0.731144 0.487745 -0.76818 -1 -0.140721 -1 -1 -1 -1 -1 -0.936979 -1 0.39778 -1 0.45516 -0.959385 -1 -0.313962 -0.606695 -1 -1 -1 -1 -0.893844 -1 -1 -0.668937 -1 -0.320064 -1 -0.8874 -1 -1 -1 -1 -1 -0.971316 -1 -0.627466 -0.922061 -1 -0.864421 -0.964349 -0.404178 -1 -0.441825 -0.767716 -1 -0.252213 -1 0.188615 -1 -1 -0.712483 -0.608253 -1 -0.97329 -1 -0.905482 -1 -0.953642 -0.133799 -1 -0.298783 0.111491 -0.992749 -1 -1 0.854057 -1 -1 -1 -0.465935 -0.948278 0.923282 0.657712 -1 -1 -0.979997 -0.417837 -0.667683 -0.635879 -0.950693 -0.704195 -1 -1 -1 
-0.278714 -1 -0.93801 -1 0.632643 -1 -0.987268 -0.984142 -1 -0.89849 -0.974234 -0.882657 -1 -1 -0.985008 -1 0.964189 -1 -0.0653328 -1 0.347141 -0.76818 -1 -0.0929358 -1 -1 -1 -0.860166 -1 -1 -0.881671 0.39778 -0.974343 0.42323 -1 -1 -0.313962 -0.606695 -1 -1 -1 -1 -0.893844 -1 -1 -0.852908 -0.822105 -0.342176 -1 -0.79268 -1 -1 -1 -1 -1 -0.803379 -1 -0.627466 -1 -1 -0.990885 -1 -0.404178 -1 -0.959245 -0.708114 -1 -0.252213 -1 -0.12006 -1 -1 -0.613644 -0.164549 -0.534388 -1 -1 -1 -1 -0.953642 -0.375175 -0.969658 -0.298783 0.111491 -1 -1 -1 0.807873 -1 -1 -1 -0.465935 -0.948278 0.900781 0.657712 -1 -1 -0.979997 -0.417837 -0.731427 -0.742449 -0.889759 -0.704195 -1 -0.884023 -1 
-0.278714 -1 -0.934135 -1 0.276187 -0.716168 -1 -0.972888 -1 -0.77757 -1 -1 -0.961635 -1 -0.79964 -1 0.539791 -1 -0.0653328 -0.862218 0.491325 -0.76818 -1 0.0441065 -1 -1 -1 -0.979408 -0.999515 -1 -1 0.39778 -1 0.330034 -1 -1 -0.207529 -0.832531 -1 -1 -1 -1 -1 -1 -1 -0.38649 -0.958538 -0.640769 -1 -0.949958 -1 -1 -0.966075 -1 -1 -1 -1 -0.627466 -0.885729 -1 -1 -1 -0.404178 -1 -0.733804 -0.935492 -1 -0.252213 -1 -0.0666248 -1 -1 -1 -0.164549 -0.787537 -1 -1 -1 -1 -1 -0.259163 -0.969658 -0.298783 0.196898 -0.992749 -1 -0.811998 0.854057 -1 -1 -1 -0.732057 -1 1 0.571149 -0.92588 -0.947651 -0.979997 -0.417837 -1 -0.513053 -0.950693 -0.704195 -1 -1 -1 
-0.714626 -0.804839 -1 -1 0.457355 -0.724172 -0.878151 -0.986752 -1 -1 -1 -0.893582 -1 -0.977701 -0.985008 -1 0.921525 -1 -0.0653328 -0.689434 0.487745 -0.652367 -1 -0.211446 -1 -0.945046 -1 -0.412569 -1 -1 -1 0.245623 -0.96595 0.0126898 -1 -1 -0.621684 -0.52622 -1 -1 -1 -0.850057 -0.983563 -1 -0.774137 -0.48061 -1 -0.226503 -1 -1 -1 -1 -1 -0.760921 -1 -1 -0.952366 -1 -1 -1 -1 -1 -0.771895 -1 -0.710999 -0.800517 -1 -0.252213 -1 0.336255 -1 -1 -1 -0.201069 -1 -1 -1 -1 -1 -1 0.0448373 -1 -0.862518 0.307649 -0.992749 -1 -1 0.956253 -0.699458 -1 -1 -0.555132 -0.785245 1 0.657712 -1 -1 -1 -1 -1 -0.61077 -1 -0.704195 -1 -1 -1 
-0.278714 -1 -1 -1 0.457355 -0.778306 -1 -0.984142 -1 -0.824022 -1 -0.882657 -1 -0.852489 -1 -1 0.882244 -1 -0.281409 -0.731144 0.522645 -0.76818 -1 0.048894 -0.986706 -0.996141 -1 -0.412569 -1 -1 -1 0.405623 -0.844521 0.13546 -1 -1 0.0972597 -0.550665 -1 -1 -0.902091 -1 -1 -1 -0.774137 -0.38649 -0.958538 -0.324158 -1 -1 -1 -1 -1 -0.754489 -1 -1 -1 -0.627466 -1 -1 -0.925946 -1 -0.549552 -1 -0.364745 -0.408909 -1 -0.623592 -0.971693 0.235641 -0.944269 -1 -0.440351 -0.164549 -0.73184 -1 -1 -0.905482 -1 -1 0.0448373 -0.969658 -0.261286 0.295898 -0.992749 -1 -1 0.956253 -1 -1 -1 -0.514911 -0.905699 0.908073 0.657712 -1 -0.883986 -1 -0.712548 -0.679819 -0.61029 -1 -0.61189 -0.839889 -1 -1 
0.0707448 -0.800137 -1 -0.920983 0.380499 -1 -1 -0.938305 -1 -1 -0.927578 -0.704778 -1 -0.997431 -1 -1 0.757565 -1 -0.634088 -0.731144 0.487745 -1 -1 0.296341 -0.958731 -1 -1 -0.900773 -1 -1 -1 0.486508 -0.844521 0.137759 -1 -1 0.223543 -0.658263 -0.664796 -1 -1 -0.401963 -1 -1 -0.95877 -0.271891 -1 0.185744 -1 -1 -0.853364 -0.902818 -0.840914 -1 -1 -0.832248 -0.983275 -0.968682 -1 -0.926311 -1 -1 -0.350975 -0.907288 0.116702 -0.670049 -1 -0.0106093 -1 0.448333 -0.87748 -0.804484 0.488035 -0.12174 -0.629477 -1 -1 -0.927129 -1 -0.865374 -0.0713056 -1 -0.239602 0.21795 -0.687547 -1 -1 1 -1 -0.917776 -0.516496 -0.554142 -1 0.881488 0.657712 -1 -1 -0.385302 -0.372819 -0.615796 -0.930687 -1 -0.692608 -0.856649 -0.439905 -1 
-0.233359 -1 -1 -1 0.457355 -0.778306 -1 -0.967885 -1 -0.713173 -1 -0.882657 -0.944075 -1 -0.884993 -1 1 -0.835576 -0.125454 -1 0.0566512 -0.987483 -1 0.190172 -0.978466 -1 -0.889899 -1 -1 -1 -0.874221 0.39778 -0.844521 0.157689 -1 -1 0.0972597 -0.768658 -1 -1 -0.949095 -0.838535 -1 -1 -0.759599 -0.596909 -0.994838 -0.467303 -0.821414 -1 -1 -1 -1 -0.833304 -1 -0.898112 -1 -0.553389 -1 -1 -0.925946 -1 -0.404178 -1 -0.252192 -0.392353 -1 -0.46136 -1 -0.0520585 -1 -1 -0.50459 -0.265544 -1 -1 -1 -0.969757 -1 -1 -0.035756 -1 -0.278651 0.286161 -1 -1 -0.879975 0.956253 -1 -1 -1 -0.602303 -1 1 0.680096 -1 -0.983161 -0.804215 -0.775295 -0.480823 -0.665076 -1 -0.704195 -1 -1 -1 
-0.233359 -1 -1 -0.832358 0.457355 -0.778306 -1 -0.967885 -1 -0.713173 -1 -0.882657 -0.944075 -1 -0.835923 -1 1 -0.835576 -0.125454 -1 0.487745 -1 -0.88195 0.190172 -0.978466 -1 -0.889899 -1 -0.980876 -1 -0.828794 0.39778 -0.844521 0.157689 -0.971889 -1 0.0972597 -0.576574 -1 -1 -0.949095 -0.838535 -1 -1 -0.759599 -0.596909 -1 -0.442081 -0.821414 -1 -1 -1 -1 -0.833304 -1 -0.898112 -1 -0.627466 -1 -1 -0.925946 -1 -0.404178 -1 -0.252192 -0.392353 -1 -0.252213 -1 -0.00362577 -1 -1 -0.440351 -0.281231 -0.762964 -1 -1 -0.969757 -1 -1 -0.0718761 -0.844548 -0.278651 0.286161 -1 -0.989399 -0.879975 0.956253 -1 -1 -1 -0.602303 -1 1 0.739757 -1 -0.883986 -0.804215 -0.775295 -0.620687 -0.61029 -1 -0.704195 -1 -1 -1 
-0.278714 -1 -1 -1 0.457355 -0.778306 -1 -0.984142 -1 -0.824022 -1 -0.882657 -1 -0.852489 -1 -1 0.882244 -1 -0.281409 -0.731144 0.522645 -0.76818 -1 0.048894 -0.986706 -0.996141 -1 -0.412569 -1 -1 -1 0.39778 -0.844521 0.13546 -1 -1 0.0972597 -0.550665 -1 -1 -0.902091 -1 -1 -1 -0.774137 -0.38649 -0.958538 -0.324158 -1 -1 -1 -1 -1 -0.754489 -1 -1 -1 -0.690632 -1 -1 -0.925946 -1 -0.547927 -1 -0.364745 -0.408909 -1 -0.623592 -0.971693 0.235641 -0.944269 -1 -0.562729 -0.164549 -0.73184 -1 -1 -0.905482 -1 -1 0.0448373 -0.969658 -0.261286 0.295898 -0.992749 -1 -0.98884 0.956253 -1 -1 -1 -0.514911 -0.905699 0.908073 0.657712 -1 -0.883986 -1 -0.712548 -0.679819 -0.61029 -1 -0.61189 -0.839889 -1 -1 
-0.233359 -1 -1 -1 0.457355 -0.778306 -1 -1 -1 -0.713173 -1 -0.882657 -0.971937 -1 -0.873394 -1 1 -0.903699 -0.125454 -0.69957 0.487745 -0.980283 -1 0.150286 -0.978466 -1 -1 -1 -1 -1 -0.910407 0.39778 -0.844521 0.157689 -1 -1 0.0972597 -0.576574 -1 -1 -0.949095 -1 -1 -1 -0.759599 -0.596909 -0.958538 -0.442081 -0.821414 -1 -1 -1 -1 -1 -1 -0.726781 -1 -0.627466 -1 -1 -0.925946 -1 -0.404178 -1 -0.252192 -0.408909 -1 -0.252213 -0.992447 0.317437 -1 -1 -0.440351 -0.281231 -0.789393 -1 -1 -0.969757 -1 -1 -0.035756 -0.848718 -0.278651 -0.151023 -1 -1 -0.879975 0.825378 -1 -0.833565 -1 -0.602303 -1 1 0.657712 -1 -0.883986 -0.804215 -0.727117 -0.620687 -0.61029 -1 -0.704195 -1 -1 -1 
0.834636 -0.299609 -1 -1 0.907759 -1 -1 0.636754 -1 -1 -0.564356 -0.75908 -1 -1 -0.845103 -1 0.813644 -1 0.279245 -1 0.0305243 -1 -1 0.267181 -1 -0.934868 -1 -0.811729 -0.580857 -0.860739 -0.869818 0.920214 -0.559689 0.337211 -1 -1 0.321825 -0.74833 -0.197359 -1 -0.964814 -0.436731 -1 -0.972029 0.366558 -0.32615 -1 0.325979 -1 -1 -0.335799 -0.190803 -0.763693 -0.722694 -1 -1 -1 -0.329404 -0.457789 -0.508863 -0.650084 -0.685134 -0.126226 -0.566576 -0.993385 -0.670955 -0.977878 -0.590198 -1 0.508779 -1 -0.941805 -0.0757333 -0.458111 -0.0159155 -0.984185 -0.903964 0.516664 -0.882085 -0.553398 0.292683 -1 -0.559274 -0.581095 -0.977704 -0.111441 -1 0.585377 0.342135 -0.935117 -1 0.224653 -1 -0.209943 0.969104 -0.96364 -0.979301 -0.0901314 -0.242319 -0.675939 -1 -0.378758 -1 -0.557851 -0.12732 -0.779479 
-0.233359 -1 -1 -1 0.457355 -0.778306 -1 -0.967885 -1 -0.713173 -1 -0.882657 -0.944075 -1 -0.835923 -1 1 -0.850666 -0.125454 -1 0.487745 -1 -1 0.190172 -0.911887 -1 -0.889899 -1 -0.980876 -1 -0.894684 0.39778 -0.844521 -0.0911297 -1 -1 0.0972597 -0.576574 -1 -1 -0.95815 -0.838535 -1 -1 -0.780433 -0.596909 -0.863171 -0.442081 -0.977153 -1 -1 -1 -1 -0.833304 -1 -0.898112 -1 -0.627466 -0.860978 -1 -0.925946 -1 -0.755154 -1 -0.252192 -0.392353 -1 -0.252213 -1 -0.0520585 -1 -1 -0.440351 -0.706869 -0.772273 -0.894324 -1 -0.969757 -0.923774 -1 -0.035756 -0.844548 -0.278651 0.286161 -1 -1 -0.879975 0.956253 -1 -1 -0.966684 -0.602303 -1 1 0.77972 -1 -0.883986 -0.804215 -0.775295 -0.756504 -0.61029 -0.861594 -0.704195 -1 -1 -1 
0.0707448 -1 -1 -0.920983 0.380499 -1 -0.993939 -0.938305 -1 -1 -0.927578 -0.79093 -1 -0.997431 -1 -1 0.757565 -1 -0.0694933 -0.731144 0.487745 -0.76818 -1 0.296341 -0.992584 -1 -1 -0.411743 -1 -0.812909 -1 0.486508 -0.844521 0.30592 -1 -1 0.223543 -0.658263 -0.664796 -1 -1 -0.401963 -1 -1 -0.95877 -0.3147 -1 0.0957202 -1 -1 -0.858337 -1 -0.840914 -1 -1 -0.832248 -0.983275 -0.968682 -1 -1 -1 -1 -0.350975 -1 0.116702 -0.607837 -1 -0.0106093 -1 0.363495 -0.87748 -0.999886 0.488035 -0.12174 -0.65123 -1 -1 -0.927129 -1 -0.912924 -0.0713056 -1 -0.239602 0.21795 -0.827927 -1 -1 1 -0.920774 -0.917776 -0.516496 -0.554142 -1 0.881488 0.657712 -1 -0.981937 -0.385302 -0.372819 -0.615796 -0.930687 -1 -0.692608 -0.856649 -0.711363 -1 
-0.278714 -1 -0.934135 -0.945127 0.632643 -0.716168 -1 -1 -1 -0.713173 -1 -0.882657 -1 -1 -0.985906 -1 1 -1 -0.0653328 -0.801693 0.487745 -0.76818 -1 -0.0171688 -1 -1 -1 -0.945148 -1 -1 -1 0.39778 -1 0.471823 -1 -1 -0.207529 -0.643013 -1 -1 -1 -1 -1 -0.885245 -1 -0.500617 -1 -0.237736 -0.894207 -0.8874 -1 -1 -1 -1 -0.853793 -1 -1 -0.627466 -0.885729 -1 -0.925946 -0.866651 -0.377173 -1 -0.821055 -0.632152 -1 -0.252213 -1 0.188615 -1 -1 -0.635016 -0.164549 -0.534388 -1 -1 -1 -1 -0.804375 -0.149127 -0.969658 -0.212145 0.196898 -0.992749 -1 -1 0.854057 -1 -1 -1 -0.465935 -1 1 0.198131 -1 -1 -1 -0.633401 -0.667683 -0.635879 -0.950693 -0.704195 -1 -1 -1 
0.0707448 -0.800137 -1 -0.920983 0.380499 -1 -1 -0.938305 -1 -1 -0.927578 -0.704778 -1 -0.997431 -1 -1 0.757565 -1 -0.0694933 -0.731144 0.487745 -0.76818 -1 0.296341 -0.958731 -1 -1 -0.411743 -1 -1 -1 0.486508 -0.844521 0.42323 -1 -1 0.187545 -0.658263 -0.664796 -1 -1 -0.401963 -1 -1 -0.95877 -0.271891 -1 0.134994 -1 -1 -0.853364 -0.924023 -0.840914 -1 -1 -0.832248 -0.983275 -0.968682 -1 -1 -1 -1 -0.472173 -0.907288 0.116702 -0.607837 -1 -0.0106093 -1 0.448333 -0.87748 -0.999886 0.488035 -0.12174 -0.705067 -1 -1 -0.927129 -1 -0.865374 -0.0713056 -1 -0.239602 0.21795 -0.889812 -1 -1 1 -0.920774 -0.917776 -0.516496 -0.554142 -0.953286 0.881488 0.657712 -1 -1 -0.385302 -0.372819 -0.615796 -0.930687 -1 -0.692608 -0.856649 -0.599122 -1 
-0.278714 -1 -1 -1 0.457355 -0.778306 -1 -1 -1 -0.713173 -1 -0.882657 -1 -1 -1 -1 1 -1 -0.199781 -0.731144 0.487745 -0.76818 -1 0.048894 -0.986706 -0.945046 -1 -0.412569 -1 -1 -1 0.25248 -0.844521 0.195913 -1 -1 0.0972597 -0.52622 -1 -1 -1 -1 -0.893844 -1 -0.774137 -0.38649 -0.958538 -0.324158 -1 -1 -1 -1 -1 -0.760921 -1 -1 -1 -0.579558 -1 -1 -0.925946 -1 -0.404178 -1 -0.364745 -0.408909 -1 -0.252213 -1 0.336255 -1 -1 -0.440351 -0.164549 -0.84244 -1 -1 -0.905482 -1 -1 0.0448373 -0.969658 -0.261286 0.295898 -0.992749 -1 -1 0.956253 -1 -1 -1 -0.514911 -1 0.821175 0.657712 -1 -0.883986 -0.804215 -0.712548 -0.679819 -0.61029 -1 -0.731942 -1 -1 -1 
-0.278714 -1 -1 -1 0.457355 -0.984303 -1 -0.984142 -1 -0.713173 -1 -0.882657 -1 -1 -1 -1 1 -1 -0.199781 -0.861175 0.487745 -0.76818 -1 0.048894 -0.986706 -0.945046 -1 -0.875459 -1 -0.974688 -1 0.39778 -0.844521 0.195913 -1 -1 0.0972597 -0.52622 -1 -1 -1 -1 -0.893844 -1 -0.774137 -0.38649 -0.958538 -0.324158 -1 -1 -1 -1 -0.809097 -0.760921 -1 -1 -1 -0.627466 -1 -1 -0.925946 -1 -0.404178 -1 -0.364745 -0.9942 -1 -0.252213 -1 -0.2342 -1 -1 -0.440351 -0.164549 -0.84244 -1 -1 -0.905482 -1 -1 0.0448373 -0.969658 -0.390377 0.295898 -0.992749 -1 -1 0.956253 -1 -1 -1 -0.514911 -1 0.908073 0.53365 -1 -0.883986 -0.804215 -0.712548 -0.824871 -0.61029 -0.965346 -0.704195 -1 -1 -1 
-0.233359 -1 -1 -1 0.457355 -0.778306 -1 -0.967885 -1 -0.713173 -1 -0.882657 -0.944075 -1 -0.835923 -1 1 -0.835576 -0.125454 -1 0.487745 -0.987483 -1 0.190172 -0.978466 -1 -0.889899 -1 -0.980634 -1 -0.828794 0.39778 -0.844521 0.157689 -1 -1 0.0972597 -0.576574 -1 -1 -0.949095 -0.838535 -1 -1 -0.759599 -0.596909 -0.994838 -0.442081 -0.821414 -1 -1 -1 -1 -0.833304 -1 -0.898112 -1 -0.627466 -1 -1 -0.925946 -1 -0.404178 -1 -0.252192 -0.392353 -1 -0.252213 -1 -0.0520585 -1 -1 -0.50459 -0.265544 -0.772273 -1 -1 -0.969757 -1 -1 -0.035756 -0.844548 -0.278651 0.286161 -1 -1 -0.879975 0.956253 -1 -1 -1 -0.602303 -1 1 0.77972 -1 -0.983161 -0.804215 -0.775295 -0.620687 -0.61029 -1 -0.704195 -1 -1 -1 
-0.714626 -0.804839 -1 -1 0.457355 -0.724172 -1 -0.986752 -1 -1 -1 -0.893582 -1 -0.977701 -0.985008 -1 0.921525 -1 -0.0653328 -0.689434 0.487745 -0.652367 -1 0.048894 -0.964429 -0.945046 -1 -0.412569 -1 -1 -1 0.245623 -0.96595 0.0126898 -1 -1 -0.621684 -0.52622 -1 -1 -1 -0.850057 -0.983563 -1 -0.774137 -0.48061 -1 -0.226503 -1 -1 -1 -1 -1 -0.760921 -1 -1 -0.952366 -1 -1 -1 -0.949661 -1 -0.771895 -1 -0.364745 -0.800517 -1 -0.252213 -1 0.336255 -1 -1 -1 -0.201069 -0.757717 -1 -1 -1 -1 -1 0.0448373 -1 -0.862518 0.307649 -0.992749 -1 -1 0.956253 -0.699458 -1 -1 -0.555132 -0.785245 1 0.657712 -0.916741 -1 -0.91954 -0.712548 -1 -0.61077 -1 -0.704195 -1 -1 -1 
-0.233359 -1 -1 -1 0.457355 -1 -1 -1 -1 -0.713173 -1 -1 -0.971937 -1 -0.835923 -1 1 -0.903699 -0.125454 -0.780692 0.487745 -0.980283 -1 0.150286 -0.978466 -1 -1 -1 -1 -1 -0.910407 0.39778 -0.844521 0.157689 -1 -1 -0.0368932 -0.849805 -1 -1 -0.949095 -1 -1 -1 -1 -0.596909 -0.958538 -0.442081 -0.821414 -1 -1 -1 -1 -0.833304 -1 -0.734519 -1 -0.68079 -1 -1 -0.993231 -1 -0.404178 -1 -0.252192 -0.408909 -1 -0.252213 -1 0.336255 -1 -1 -0.440351 -0.73369 -0.789393 -1 -0.922631 -1 -0.947847 -1 -0.035756 -0.844548 -0.278651 0.286161 -1 -1 -0.879975 0.956253 -1 -1 -1 -0.602303 -1 1 0.657712 -0.961953 -0.883986 -0.804215 -0.727117 -0.621847 -0.61029 -1 -0.704195 -1 -1 -1 
-0.278714 -1 -1 -1 0.457355 -0.778306 -1 -0.984142 -1 -0.922314 -1 -0.882657 -1 -0.852489 -1 -1 0.882244 -1 -0.281409 -0.731144 0.522645 -0.76818 -0.990571 0.048894 -0.986706 -0.996141 -1 -0.412569 -1 -1 -1 0.39778 -0.844521 0.13546 -1 -1 0.0972597 -0.550665 -1 -1 -0.902091 -1 -1 -1 -0.774137 -0.38649 -0.958538 -0.324158 -1 -1 -1 -1 -1 -0.754489 -1 -1 -1 -0.690632 -1 -1 -0.925946 -1 -0.547927 -1 -0.364745 -0.408909 -1 -0.623592 -0.971693 0.235641 -0.944269 -1 -0.440351 -0.164549 -0.73184 -1 -1 -0.905482 -1 -1 0.0448373 -0.969658 -0.261286 0.295898 -0.992749 -1 -1 0.897741 -1 -1 -1 -0.514911 -0.905699 0.908073 0.657712 -1 -0.883986 -1 -0.712548 -0.679819 -0.61029 -1 -0.61189 -0.839889 -1 -1 
-0.233359 -0.972882 -1 -1 0.457355 -0.778306 -1 -0.967885 -1 -0.713173 -1 -1 -1 -1 -0.835923 -1 1 -0.903699 -0.252096 -0.780692 0.487745 -0.980283 -1 0.150286 -0.978466 -1 -1 -1 -1 -1 -0.910407 0.39778 -0.972786 0.157689 -1 -1 0.0972597 -0.576574 -1 -1 -0.81262 -1 -1 -1 -0.877944 -0.596909 -1 -0.442081 -0.962785 -1 -1 -1 -1 -0.943903 -0.994671 -0.898112 -1 -0.719231 -0.810549 -1 -0.925946 -1 -0.404178 -1 -0.252192 -0.305427 -1 -0.252213 -1 -0.252877 -1 -1 -0.440351 -0.281231 -0.789393 -1 -1 -0.969757 -1 -1 -0.035756 -1 -0.278651 0.10735 -1 -1 -0.879975 0.913155 -1 -1 -1 -0.602303 -1 1 0.521174 -1 -0.841745 -0.804215 -0.727117 -0.884208 -0.61029 -1 -0.704195 -1 -1 -0.984022 
0.155709 0.317576 0.416368 0.486563 -0.74943 0.80987 -1 -0.198906 -0.989528 0.2656 -1 0.708719 -0.832207 0.541308 0.296565 -0.307824 -0.865156 0.194988 -0.236836 -0.0654038 -0.954042 -0.633871 -0.730355 0.707937 -1 -0.0942429 0.15589 -1 0.502389 -0.573092 -0.513303 0.693224 -1 -0.311759 0.441763 0.662355 0.874531 -0.167765 -0.320984 0.623064 -1 -0.861187 -0.624398 -0.512792 0.67733 0.163619 -0.285561 0.00348395 -0.399876 0.676753 -0.418942 0.589368 0.209872 -0.583848 -0.438587 -0.453675 0.473153 -0.806495 0.742313 -0.516521 0.279086 0.678859 0.401642 0.187396 -0.697864 -0.229222 -0.632684 0.209648 0.213018 0.668222 0.881451 0.402605 0.732943 -0.70043 0.0681525 0.162164 -0.124716 0.908668 0.560959 -0.132846 -0.916075 0.661065 -1 -0.873329 0.566073 0.585546 0.392973 1 -0.489239 0.631488 -1 -0.665197 -0.982045 -0.265556 -0.322681 -0.575104 -0.759181 -1 -0.814817 0.232698 0.105125 -0.742156 0.245071 -0.165152 0.264464 -0.245131 
-0.233359 -1 -1 -1 0.457355 -1 -1 -0.967885 -1 -0.713173 -1 -0.882657 -0.971937 -1 -0.835923 -1 1 -0.903699 -0.125454 -0.780692 0.487745 -0.980283 -1 0.150286 -0.978466 -1 -1 -1 -1 -1 -0.910407 0.39778 -0.844521 0.157689 -1 -1 -0.0368932 -1 -1 -1 -0.949095 -1 -1 -1 -0.759599 -0.596909 -0.958538 -0.442081 -0.821414 -1 -1 -1 -1 -0.833304 -1 -0.734519 -1 -0.68079 -0.930337 -1 -0.993231 -1 -0.404178 -1 -0.252192 -0.408909 -1 -0.252213 -1 0.336255 -1 -1 -0.440351 -0.281231 -0.789393 -0.895194 -0.922631 -0.969757 -0.947847 -1 -0.035756 -0.844548 -0.278651 0.286161 -1 -1 -0.879975 0.956253 -1 -1 -1 -0.602303 -1 0.998742 0.657712 -1 -0.883986 -0.804215 -0.727117 -0.620687 -0.61029 -1 -0.704195 -1 -1 -1 
-0.233359 -1 -1 -1 0.457355 -0.778306 -1 -0.967885 -1 -0.713173 -1 -1 -1 -1 -0.835923 -1 1 -0.903699 -0.293303 -0.780692 0.487745 -0.980283 -1 0.150286 -0.978466 -1 -1 -1 -1 -1 -0.910407 0.39778 -0.972786 0.157689 -1 -1 0.0972597 -0.576574 -1 -1 -0.81262 -1 -1 -1 -0.759599 -0.596909 -1 -0.442081 -0.962785 -1 -1 -1 -1 -0.963728 -0.994671 -0.898112 -1 -0.719231 -0.810549 -1 -0.925946 -1 -0.404178 -1 -0.252192 -0.305427 -1 -0.252213 -1 -0.252877 -1 -1 -0.440351 -0.281231 -0.789393 -1 -1 -0.969757 -1 -1 -0.035756 -1 -0.278651 0.10735 -1 -1 -0.879975 0.913155 -1 -1 -1 -0.602303 -1 1 0.521174 -1 -0.883986 -0.804215 -0.727117 -0.884208 -0.61029 -1 -0.704195 -1 -1 -0.984022 
0.0707448 -0.800137 -1 -1 0.380499 -1 -1 -0.938305 -1 -1 -1 -0.704778 -1 -0.997431 -1 -1 0.757565 -1 -0.0694933 -0.731144 0.487745 -0.76818 -1 0.296341 -0.958731 -1 -1 -0.411743 -1 -1 -1 0.486508 -0.844521 0.42323 -1 -1 0.223543 -0.658263 -0.664796 -1 -1 -0.401963 -1 -1 -0.95877 -0.271891 -1 0.185744 -1 -1 -0.853364 -0.924023 -0.840914 -1 -1 -0.832248 -0.983275 -0.968682 -1 -1 -1 -1 -0.350975 -0.907288 0.116702 -0.607837 -1 -0.0106093 -1 0.448333 -0.87748 -0.999886 0.330315 -0.12174 -0.664516 -1 -0.996636 -0.927129 -1 -0.865374 -0.0713056 -1 -0.148176 0.21795 -0.827927 -1 -1 1 -1 -0.917776 -0.721116 -0.554142 -1 0.874699 0.657712 -1 -1 -0.385302 -0.372819 -0.615796 -0.930687 -1 -0.692608 -0.856649 -0.599122 -1 
0.0707448 -1 -1 -0.920983 0.380499 -1 -0.993939 -0.938305 -1 -1 -0.927578 -0.79093 -1 -0.997431 -1 -1 0.757565 -1 0.0939108 -0.731144 0.487745 -1 -1 -0.187349 -1 -1 -1 -0.411743 -1 -0.812909 -1 0.494841 -0.939987 0.331036 -1 -1 0.0760573 -0.973851 -0.664796 -1 -1 -0.401963 -1 -1 -0.95877 -0.271891 -1 0.185744 -1 -1 -0.853364 -0.963981 -0.840914 -1 -1 -0.832248 -1 -0.968682 -1 -1 -1 -1 -0.350975 -1 0.116702 -0.607837 -1 -0.0106093 -1 0.219132 -0.87748 -0.999886 0.184676 -0.129965 -0.65123 -1 -1 -0.974969 -1 -1 -0.0713056 -1 -0.239602 0.21795 -0.827927 -1 -1 1 -0.920774 -0.917776 -0.925106 -0.554142 -1 0.881488 0.657712 -1 -0.981937 -0.385302 -0.372819 -0.599584 -0.949619 -1 -0.692608 -0.856649 -0.711363 -1 
-0.278714 -1 -1 -1 0.457355 -0.778306 -1 -0.984142 -1 -0.824022 -1 -0.882657 -0.967135 -0.852489 -1 -1 0.882244 -1 -0.281409 -0.73607 0.522645 -0.76818 -1 -0.0957172 -0.986706 -0.996141 -1 -0.412569 -1 -1 -1 0.405623 -0.844521 0.261265 -1 -0.810322 0.0972597 -0.550665 -0.803808 -1 -0.902091 -1 -1 -1 -0.774137 -0.38649 -0.958538 -0.324158 -1 -1 -1 -1 -1 -0.754489 -1 -1 -1 -0.627466 -1 -1 -0.925946 -1 -0.547927 -1 -0.364745 -0.408909 -1 -0.623592 -0.971693 0.235641 -0.944269 -1 -0.440351 -0.164549 -0.73184 -1 -1 -0.905482 -0.986117 -1 0.0448373 -0.969658 -0.261286 0.295898 -0.992749 -1 -1 0.956253 -1 -1 -1 -0.514911 -0.905699 0.841781 0.657712 -1 -0.883986 -1 -0.712548 -0.679819 -0.61029 -1 -0.61189 -0.839889 -1 -1 
-0.233359 -1 -1 -1 0.137821 -0.778306 -1 -0.967885 -1 -0.713173 -1 -0.882657 -0.944075 -1 -0.835923 -1 1 -0.835576 -0.6611 -1 0.487745 -0.987483 -1 0.190172 -0.978466 -1 -0.889899 -1 -0.980876 -1 -0.828794 0.167068 -0.844521 0.157689 -1 -1 0.0972597 -0.576574 -1 -1 -0.949095 -0.838535 -1 -1 -0.759599 -0.596909 -0.994838 -0.442081 -0.821414 -1 -1 -1 -1 -0.739221 -1 -0.898112 -1 -0.627466 -1 -1 -0.925946 -1 -0.404178 -1 -0.196526 -0.392353 -1 -0.252213 -1 -0.0520585 -0.857038 -1 -0.440351 -0.281231 -0.911007 -1 -1 -0.969757 -1 -1 -0.0287062 -0.844548 -0.278651 0.286161 -1 -1 -0.879975 0.956253 -1 -1 -1 -0.902669 -1 1 0.77972 -1 -0.883986 -0.804215 -0.775295 -0.620687 -0.61029 -1 -0.59526 -1 -1 -1 
-0.287081 -1 -1 -1 0.457355 -1 -1 -1 -1 -0.713173 -1 -1 -1 -1 -1 -1 1 -0.903699 -0.125454 -0.780692 0.00997859 -1 -1 0.150286 -0.978466 -1 -1 -1 -1 -1 -0.910407 0.39778 -0.844521 0.157689 -1 -1 -0.0368932 -0.849805 -1 -1 -0.949095 -1 -1 -1 -0.759599 -0.596909 -0.958538 -0.442081 -0.821414 -1 -1 -1 -1 -0.833304 -0.990577 -0.734519 -1 -0.68079 -1 -1 -0.993231 -1 -0.404178 -1 -0.252192 -0.408909 -1 -0.252213 -1 0.336255 -1 -1 -0.440351 -0.621547 -0.789393 -1 -0.922631 -0.969757 -0.947847 -1 -0.035756 -0.82097 -0.278651 0.286161 -1 -1 -0.879975 0.878672 -1 -1 -0.925961 -0.602303 -1 1 0.657712 -1 -0.883986 -0.804215 -0.727117 -0.620687 -0.61029 -1 -0.704195 -1 -1 -1 
-0.278714 -1 -0.934135 -1 0.379386 -0.716168 -1 -0.972888 -0.989392 -0.77757 -1 -0.758003 -0.968255 -1 -0.79964 -1 1 -1 -0.0653328 -0.731144 0.491325 -0.76818 -1 0.0441065 -1 -1 -1 -0.979408 -1 -1 -1 0.39778 -1 0.330034 -1 -1 -0.227245 -0.643013 -0.95048 -1 -1 -1 -0.893844 -1 -1 -0.38649 -0.958538 -0.259764 -1 -0.8874 -1 -1 -0.966075 -1 -1 -1 -1 -0.627466 -1 -1 -0.925946 -0.834716 -0.404178 -1 -0.733804 -0.632152 -1 -0.252213 -1 0.188615 -1 -1 -0.58835 -0.164549 -0.656266 -1 -1 -1 -1 -1 -0.259163 -0.969658 -0.298783 0.196898 -1 -1 -0.811998 0.854057 -1 -1 -1 -0.465935 -1 1 0.571149 -1 -0.843603 -0.979997 -0.417837 -0.667683 -0.635879 -0.950693 -0.704195 -1 -1 -1 
-0.278714 -1 -1 -1 0.457355 -0.778306 -1 -0.984142 -1 -0.824022 -1 -0.882657 -1 -0.852489 -1 -1 0.882244 -1 -0.281409 -0.731144 0.522645 -0.76818 -1 0.048894 -0.986706 -0.996141 -1 -0.412569 -1 -1 -1 0.405623 -0.844521 0.13546 -1 -1 0.0972597 -0.550665 -1 -1 -0.902091 -1 -1 -1 -0.774137 -0.38649 -0.958538 -0.324158 -1 -1 -1 -1 -1 -0.754489 -1 -1 -1 -0.627466 -1 -1 -0.925946 -1 -0.547927 -1 -0.364745 -0.408909 -1 -0.623592 -0.971693 0.235641 -0.944269 -1 -0.440351 -0.164549 -0.73184 -1 -1 -0.905482 -1 -1 0.0448373 -0.969658 -0.261286 0.295898 -0.992749 -1 -1 0.956253 -1 -1 -1 -0.514911 -0.905699 0.908073 0.657712 -1 -0.883986 -1 -0.712548 -0.679819 -0.61029 -1 -0.61189 -0.839889 -1 -1 
-0.233359 -1 -1 -1 0.457355 -1 -1 -0.967885 -1 -0.713173 -1 -0.882657 -0.971937 -1 -0.835923 -1 1 -0.903699 -0.125454 -0.780692 0.487745 -0.980283 -1 0.150286 -0.978466 -1 -1 -1 -1 -1 -0.910407 0.39778 -0.844521 0.157689 -1 -1 -0.0368932 -0.849805 -1 -1 -0.949095 -1 -1 -1 -0.759599 -0.596909 -0.958538 -0.442081 -0.821414 -1 -1 -1 -1 -0.833304 -1 -0.734519 -1 -0.68079 -1 -1 -0.993231 -1 -0.404178 -1 -0.252192 -0.408909 -1 -0.252213 -1 0.336255 -1 -1 -0.440351 -0.281231 -0.789393 -1 -0.922631 -0.969757 -0.947847 -1 -0.035756 -0.844548 -0.278651 0.286161 -1 -1 -0.969529 0.956253 -1 -1 -1 -0.602303 -1 1 0.657712 -1 -0.883986 -0.804215 -0.727117 -0.620687 -0.586752 -1 -0.704195 -1 -1 -1 
0.97596 -0.333406 -1 -1 0.907759 -0.959748 -0.883071 0.636754 -1 -1 -0.564356 -0.334839 -0.900532 -1 -1 -0.960197 0.813644 -1 0.279245 -0.729559 0.548304 -0.797925 -1 0.267181 -0.463616 -1 -1 -0.944548 -0.134855 -1 -0.937219 1 -0.559689 0.337211 -1 -1 0.0946591 -0.143643 -0.441527 -1 -0.964814 -0.180129 -1 -1 -0.207951 -0.824961 -1 0.325979 -1 -1 -0.394184 -0.142274 -0.763693 -0.722694 -0.849793 -1 -0.953689 -0.00388418 -0.457789 -0.583411 -0.599616 -1 -0.0648652 -0.604647 -0.227577 -0.580781 -0.817647 -0.435361 -1 0.545649 -1 -1 -0.719907 -0.829814 -0.0159155 -0.956864 -0.903964 0.633378 -0.882085 -0.79234 0.298404 -0.682835 -0.559274 -0.181778 -0.977704 -0.111441 -1 0.886202 -0.00960565 -0.687003 -1 0.0768563 -1 0.0893864 0.293023 -0.812105 -0.866023 -0.639097 -0.242319 -0.588884 -1 -0.492494 -1 -1 0.964524 -0.485741 
-0.233359 -1 -1 -1 0.457355 -0.778306 -1 -0.967885 -1 -0.713173 -1 -0.882657 -0.944075 -1 -0.835923 -1 1 -0.835576 -0.125454 -0.95529 0.487745 -0.987483 -1 0.190172 -0.978466 -1 -0.889899 -1 -0.980876 -1 -0.828794 0.39778 -0.844521 0.157689 -0.960841 -1 0.0972597 -0.576574 -1 -1 -0.949095 -0.838535 -1 -1 -0.759599 -0.596909 -0.994838 -0.442081 -0.821414 -1 -1 -1 -1 -0.833304 -1 -0.898112 -1 -0.627466 -1 -1 -0.925946 -1 -0.404178 -1 -0.252192 -0.392353 -1 -0.252213 -1 -0.0520585 -1 -1 -0.440351 -0.281231 -0.772273 -1 -1 -0.969757 -1 -1 -0.0287062 -0.844548 -0.278651 0.286161 -1 -1 -0.879975 0.956253 -1 -1 -1 -0.602303 -1 1 0.77972 -1 -0.883986 -0.804215 -0.775295 -0.620687 -0.61029 -1 -0.704195 -1 -1 -1 
0.834636 -0.299609 -1 -1 0.907759 -1 -1 0.636754 -1 -1 -0.564356 -0.75908 -1 -1 -0.845103 -1 0.813644 -1 0.279245 -1 0.0305243 -1 -1 0.267181 -1 -0.934868 -1 -0.811729 -0.580857 -0.860739 -0.869818 0.920214 -0.559689 0.337211 -1 -1 0.321825 -0.74833 -0.197359 -1 -0.964814 -0.436731 -1 -0.972029 0.366558 -0.32615 -1 0.325979 -1 -1 -0.335799 -0.190803 -0.763693 -0.722694 -1 -1 -1 -0.329404 -0.457789 -0.508863 -0.650084 -0.685134 -0.126226 -0.566576 -0.993385 -0.670955 -0.977878 -0.590198 -1 0.508779 -1 -0.941805 -0.0757333 -0.458111 -0.0159155 -0.984185 -0.903964 0.516664 -0.882085 -0.553398 0.292683 -1 -0.559274 -0.581095 -0.977704 -0.111441 -1 0.585377 0.342135 -0.935117 -1 0.224653 -1 -0.209943 0.969104 -0.96364 -0.979301 -0.0901314 -0.242319 -0.675939 -1 -0.378758 -1 -0.557851 -0.12732 -0.779479 
0.155709 0.317576 0.416368 0.486563 -0.74943 0.80987 -1 -0.198906 -0.989528 0.2656 -1 0.708719 -0.786523 0.541308 0.296565 -0.307824 -0.865156 0.194988 -0.236836 -0.0654038 -0.954042 -0.633871 -0.730355 0.707937 -1 -0.0942429 0.15589 -1 0.502389 -0.573092 -0.513303 0.693224 -1 -0.311759 0.441763 0.662355 0.874531 -0.167765 -0.320984 0.623064 -1 -0.861187 -0.624398 -0.512792 0.67733 0.163619 -0.285561 0.00348395 -0.399876 0.676753 -0.418942 0.589368 0.209872 -0.583848 -0.438587 -0.453675 0.473153 -0.806495 0.742313 -0.516521 0.279086 0.678859 0.401642 0.187396 -0.697864 -0.229222 -0.632684 0.209648 0.213018 0.668222 0.953127 0.402605 0.781844 -0.70043 0.0681525 0.162164 -0.0919044 0.908668 0.560959 -0.132846 -0.916075 0.661065 -1 -0.873329 0.566073 0.585546 0.392973 1 -0.489239 0.631488 -1 -0.522387 -0.982045 -0.265556 -0.322681 -0.575104 -0.759181 -1 -0.814817 0.232698 0.105125 -0.742156 0.245071 -0.165152 0.264464 -0.245131 
