-0.902195 1 0.177114 -0.386807 -1 -0.156222 -0.304278 1 -1 0.805834 -0.435557 -0.679227 -1 -0.560832 -1 -0.634865 -0.0207537 0.27372 -0.658067 -1 0.228547 0.0792245 0.844655 1 -1 -1 -0.554669 -1 -1 0.364892 0.571639 0.832386 -0.422269 0.80435 -1 -0.948087 -0.500035 -0.6919 0.0434676 0.2778 -0.818061 0.417761 -1 -1 -0.284125 -1 -1 -1 -1 0.424961 -1 0.0550704 -1 -1 -0.771643 -1 -1 -0.0497891 -0.610326 -1 -1 -0.532887 0.241936 -0.500355 -0.233173 0.94059 0.579314 0.100355 -1 -0.805656 -0.854071 -1 -1 -1 -1 0.491971 -0.685838 -0.793976 0.415345 -0.499457 -0.683958 -0.739834 -1 -0.619083 -1 -0.539952 -0.286299 -0.130454 -0.615131 -0.513474 -0.886511 -0.379786 0.0767976 -0.769034 -1 -1 -1 -0.845384 -0.305028 -1 0.514781 -0.884805 -1 -0.236296 0.652147 -0.201656 -1 0.0641228 -1 0.715728 -1 -0.460657 -1 1 1 0.664606 -0.240259 -1 -0.393093 -0.186069 -0.223815 -1 -1 -0.74229 -1 -1 0.89693 -0.0954864 0.409985 -0.233137 -1 -1 -0.668521 0.74994 0.382566 -0.881305 -1 -1 
-1 0.520664 0.737581 -0.320354 -1 -1 -0.304278 0.15652 -1 0.692531 -1 -0.679227 0.170186 -0.740333 -1 -0.60641 -0.543238 0.601255 -0.210476 -0.447419 0.420949 -0.0110354 0.595376 -0.16194 -0.205917 -0.709317 0.533405 -1 -1 -1 0.438826 0.322258 -0.845486 -0.0958195 -0.591354 -1 -0.0305507 -0.89645 -0.135732 -0.679508 -0.735806 -0.581331 -0.300621 -1 -0.682478 0.606259 -1 -0.00195351 -0.641832 0.658993 0.193105 -1 -1 -0.784303 -0.771643 -0.388863 -1 -0.472958 -0.0429716 -1 -1 -1 -0.0482216 -1 0.312289 0.211358 0.0671389 -0.148565 -1 0.0689049 -1 -0.835533 -0.963031 -1 -1 -1 -1 -0.0381495 0.415345 -0.444262 -0.683958 -1 -1 -1 0.271736 -0.308352 -0.271896 -0.228477 -0.159993 0.000938416 -1 0.67157 -0.642695 -1 -1 -0.377298 -0.752402 -1 -1 -1 -0.308006 -1 -1 0.200572 0.709647 -0.194798 -0.875031 -0.956685 -0.880995 0.715728 0.079709 -0.521251 -0.877989 -0.171303 0.875527 0.0399079 -0.0277821 -1 1 0.639795 -0.331766 -1 -0.419431 0.36761 -1 -1 0.73062 -0.812546 0.277078 -0.713823 -0.883443 -0.756505 -0.52628 0.955694 0.165082 0.245659 -0.621231 0.0461934 
-1 -1 0.929299 -1 -0.630421 -0.94194 -1 0.136642 -1 -1 -1 0.512474 -0.836634 -0.493762 0.507538 -1 -0.991087 0.506704 -1 0.426417 0.709114 -1 -0.531515 -1 0.0368165 -1 -0.792387 -0.058874 0.255241 0.110692 -0.639454 -1 -1 -0.283858 -1 -1 -0.964873 -1 0.249417 -1 -1 -0.349213 -1 -1 -0.934356 -0.291121 -0.704064 -1 -1 -0.868181 -1 -0.244942 0.141042 -1 -1 -1 -1 -0.650311 -1 -1 0.356486 -1 -0.723981 -1 -1 -1 -1 -1 -0.168739 -1 0.260186 0.483061 -0.767337 0.163034 -0.0903263 -1 -1 -0.254134 -0.881225 -0.205159 -0.730294 -1 -0.982664 -0.645264 -0.427614 -1 -0.773097 -0.630162 -0.636841 -1 -0.848476 -1 -0.657592 -0.686685 -1 -1 -0.217551 -1 -1 -1 -1 -1 -1 -0.992988 0.137926 0.00123161 -0.76014 -0.699507 -1 -1 -0.284888 -0.502009 -1 -1 -1 -0.630143 0.47982 -0.74732 -1 -1 -0.511534 -1 -0.907718 -0.914024 -1 -0.310029 0.720628 -1 -1 -0.324231 -1 0.0285458 -0.0864217 -0.356899 0.0876669 -1 -1 -0.551642 
-1 0.910961 0.737581 -0.49822 -1 -1 -0.304278 -0.798839 -1 0.692531 -1 -0.679227 0.679243 -1 -1 -0.993112 -0.0275778 0.601255 -0.210476 -0.65836 0.420949 -0.0110354 -0.720604 0.30279 -0.463574 -0.709317 0.261406 -1 -0.636346 0.0192109 0.438826 -0.293147 -0.726614 -0.224375 -0.591354 -1 -0.245204 -0.385929 0.315039 -0.0696938 -1 -0.0988117 -0.300621 -0.324349 -0.682478 0.0968817 -1 -0.00195351 -0.641832 0.490485 -0.045755 -1 -1 -1 -0.992075 -0.388863 -1 -1 -0.0429716 -0.746561 -0.52493 -1 -0.222602 -1 -0.609809 0.0884836 0.559063 -0.0237154 -1 -0.144006 -1 -0.835533 -0.963031 -1 -1 -1 -1 -0.287087 0.0284299 -0.444262 -0.408662 -1 -1 -1 -0.260191 -0.308352 -0.271896 0.145312 -1 0.000938416 -0.377646 0.393541 -0.642695 -1 -1 -0.82818 -1 -1 0.0840774 -0.189726 -0.689776 -1 -1 -0.0774019 0.59485 -0.194798 -1 -0.956685 -0.880995 0.931791 -0.941513 -1 -0.72797 0.960552 1 -0.870912 -0.0821912 -1 1 0.639795 -0.851945 -1 -0.565232 -0.555091 -0.799448 -1 0.426547 -0.000858665 0.152382 -1 -0.974552 -0.756505 -1 0.614577 0.165082 -0.298484 -1 0.0461934 
-1 -1 0.929299 -1 -0.0460062 -0.94194 -0.768161 -0.714881 -0.740151 -1 -1 0.512474 -0.583149 -0.493762 0.507538 -1 -1 0.506704 -0.693396 0.650187 0.709114 -1 -0.195086 -1 -0.331003 -1 -1 -0.058874 0.424843 0.518953 -0.616111 -1 -1 -0.283858 -1 -1 -1 -1 -0.235456 -1 -1 0.275184 -1 -1 -0.934356 0.592716 0.088197 -1 -1 -0.939685 -1 -1 0.141042 -0.72452 -1 -0.693275 -1 -1 -1 -1 -0.0316493 -1 0.537582 -1 -1 -1 -0.767656 -1 0.733091 -1 -0.402964 0.937567 -0.703024 0.391807 -0.675167 -1 -1 0.226741 -0.779896 -0.544491 -1 -1 -0.982664 -0.645264 -0.427614 -1 -0.773097 -0.630162 -1 -0.687799 -0.848476 -1 -1 0.0269599 -1 -1 -1 -1 -1 -0.847332 -0.662668 0.264801 -1 -0.666879 0.137926 -0.915697 -0.76014 -0.828738 -1 -1 -1 -0.600413 -1 -1 -0.941848 0.278613 -0.623042 -1 -0.970315 -0.498137 -1 -1 -0.907718 -0.932388 -1 -0.310029 0.438664 -1 -1 0.222987 -1 -0.313699 -0.572265 -1 -0.315261 -1 -1 -0.967625 
-1 1 0.839594 0.106282 -1 -0.905878 -0.656123 -0.860074 -0.942098 -1 -0.439388 -0.694545 -0.975718 -0.547391 0.592744 -0.0813023 -0.961211 0.5026 0.29188 -0.21802 -1 -0.575248 -0.548241 -0.901052 -0.329629 -1 0.680708 0.209352 1 0.955011 -1 -0.341461 -0.655406 0.297256 -0.132799 -0.916501 0.280064 -0.893146 -0.35538 -1 -1 -1 -0.622848 -1 -0.547429 -1 0.273902 0.928027 0.656777 0.678586 0.835874 -0.0142614 0.488642 -1 0.253233 0.451164 -0.558968 -1 -0.395169 -0.712025 0.364089 -0.794994 0.586328 0.699391 -1 0.334784 -0.217353 -0.655658 -1 0.18212 0.952755 -0.588332 -0.0435839 0.463406 -1 -0.764873 -1 -0.390224 -0.739805 0.978 -0.124728 -0.593153 0.615754 -0.292485 -1 0.347402 0.967735 -1 0.0193054 0.817592 -0.308857 0.225629 -0.836241 -0.0519542 0.00638747 -0.543609 -0.14103 -0.433145 -0.84288 0.582742 -1 -0.0311345 -1 -0.583683 -0.689582 0.115015 -1 -0.0743129 -0.5517 -0.758389 -0.294892 0.16129 0.085785 -0.410334 1 -0.842325 -0.194879 -1 0.720542 -0.281277 -0.826846 -1 -0.36144 -0.49766 -1 -0.608231 -1 -0.368303 -0.981746 -0.951875 -0.319383 0.58359 -0.516401 -0.670943 -1 -0.217985 -1 0.314304 
-1 0.910961 0.737581 -0.397579 -1 -1 -0.304278 0.15652 -1 0.692531 -1 -0.679227 0.767161 -0.740333 -1 -0.648625 0.130275 0.601255 -0.210476 -0.388699 0.420949 -0.0110354 0.595376 1 -0.205917 -0.709317 0.533405 -1 -1 -0.421692 0.438826 0.322258 -0.845486 -0.0958195 -0.591354 -1 -0.0305507 -0.175571 0.315039 -0.0696938 -0.735806 0.122169 -0.300621 -0.633936 -0.682478 0.606259 -1 -0.00195351 -0.641832 0.424961 -0.045755 -1 -1 -0.784303 -0.771643 -0.388863 -1 -0.472958 -0.0429716 -1 -1 -1 -0.0482216 -1 0.312289 0.211358 0.0152318 -0.206048 -1 0.0689049 -1 -0.835533 -0.963031 -1 -1 -0.459754 -1 -0.0381495 0.415345 -0.444262 -0.683958 -1 -1 -0.661651 0.271736 -0.308352 -0.271896 -0.228477 -0.159993 0.000938416 -0.963153 0.67157 -0.642695 -1 -1 0.676956 -0.752402 -0.985803 -0.749103 -0.406751 -0.308006 -1 -0.949708 0.200572 0.709647 -0.194798 -0.875031 -0.956685 -0.880995 0.715728 0.079709 -0.521251 -0.877989 -0.171303 0.875527 0.0399079 -0.0277821 -1 1 0.639795 -0.331766 -1 -0.419431 0.36761 -0.833478 -1 0.89693 -0.000858665 0.277078 -0.713823 -1 -0.756505 -0.52628 0.614577 0.165082 -0.0377851 -1 0.0461934 
-1 -0.52513 0.0518354 0.0685371 -0.502523 -0.894187 -0.955753 -1 -0.151713 -0.676284 -1 -0.842798 -1 -1 0.592744 0.322525 -0.377038 -0.165967 0.29188 -0.21802 -0.976505 -0.575248 -0.548241 -0.568426 -0.329629 -1 -0.0983038 0.788112 1 0.955011 -1 -0.322224 -1 0.138782 0.0298315 -0.824154 -0.48004 -0.538467 -1 -1 -0.0834232 -0.203511 -1 -0.173606 -0.713818 -1 0.0414757 0.928027 -0.031126 -0.166729 0.788092 -0.0142614 -0.226699 -0.4552 -0.649469 0.451164 -0.979518 -0.314891 0.466142 -0.619203 0.654209 -0.25144 -0.832875 0.699391 -0.775412 -0.734699 -1 0.0836697 -1 0.523564 -0.284193 -1 -0.0435839 0.463406 -0.0905241 -1 -0.899257 0.0727106 -0.570188 0.908036 -0.754523 -0.142515 0.615754 -0.335299 0.0114413 -0.235092 0.271278 -0.331955 0.716234 0.943831 -1 0.225629 0.992193 -0.743248 0.00638747 -1 -0.993771 -0.433145 0.191466 0.463202 -1 -0.581617 -1 -1 -1 0.115015 1 -0.0743129 -1 0.0725154 0.865114 0.737165 0.085785 0.20678 0.225989 -0.350177 0.0181059 -0.386018 0.720542 -0.460049 -1 -0.94756 -0.0808905 -0.4012 -0.536421 0.707885 -1 0.147784 -0.759611 -0.951875 -0.633834 0.895886 -1 -0.325693 0.250266 0.000916868 -0.892324 0.314304 
-0.813658 0.97823 -0.00905764 0.106282 -0.559543 -0.905878 -0.844364 0.270685 0.508368 -0.676284 -0.393518 0.1695 -0.250915 -0.547391 0.592744 -0.243135 -0.428244 0.2369 0.29188 -1 -0.976505 -1 -0.548241 -0.901052 -0.329629 -1 0.680708 0.92394 0.970624 0.0439953 -0.478328 -0.147978 -0.945954 0.297256 0.605228 -0.828876 0.786299 -0.443644 -1 -0.604602 -0.271026 -0.329272 -0.622848 0.123186 0.223723 -0.483465 0.133759 0.928027 0.221796 0.496692 0.788092 -0.805615 0.488642 -0.776191 0.253233 -0.127851 -0.939211 -0.412859 0.195528 -0.4404 -0.453894 0.0170404 -0.42907 0.699391 -0.530142 0.334784 -0.217353 0.0836697 -1 0.523564 0.778715 0.161558 -0.198537 0.463406 -0.917511 -0.892081 -1 -0.554626 -0.276356 0.807022 -0.754523 -0.217477 0.615754 -0.480133 0.0150873 0.88651 0.967735 -0.750734 -0.335772 -0.283612 -0.307561 0.225629 0.992193 -1 0.00638747 -0.351913 0.60973 -0.433145 0.491752 0.0658319 -0.93073 0.478646 -0.981806 -1 -0.689582 0.115015 0.528859 0.21613 0.0503584 0.589093 0.865114 0.737165 -1 -0.751526 0.984801 0.042148 0.951422 -0.659196 0.720542 0.00872505 -0.642029 0.365303 -0.0808905 -0.4012 -0.864617 0.707885 -1 -0.868478 -1 -0.951875 -0.394194 0.895886 -0.516401 0.295811 -0.469774 -0.82212 -1 0.17916 
-0.40592 -1 -1 -0.875486 -1 -0.617507 -0.63915 -0.520157 -1 -0.816227 -0.673996 0.3012 0.32695 -1 -0.905869 -1 -1 -1 -0.883252 -0.899434 0.429616 -0.450314 -1 -1 -1 -1 -1 -1 -0.474336 -1 -0.120458 -1 -0.80842 -1 -1 -0.559229 -0.719574 1 -0.828358 -0.952682 -1 0.665489 -1 -1 -0.72444 -1 -0.83959 -1 -1 -1 -0.207616 -0.811614 -0.938489 -0.0146286 -1 -0.852058 -1 -1 -0.719801 -1 -0.697597 -0.692976 -1 -1 -0.493341 -1 -1 -1 -1 -1 -1 -1 -1 -1 -1 -1 -0.714381 -1 -1 -1 -1 -0.65804 -1 -1 -1 -1 -1 -1 -1 -0.89808 -1 -1 -1 -1 -0.308231 -0.977225 -0.55737 -0.951493 -0.721373 -1 -1 -1 -0.974303 -1 -1 -1 -1 -0.665409 -0.384549 -1 -0.88124 -1 -1 -1 -0.935878 -1 0.167104 -1 0.236472 -1 -1 -1 -1 -1 -0.745292 -1 1 -0.83237 -0.920193 0.854665 -0.948318 -1 -1 -0.850082 -0.556564 -0.612015 -1 -1 
-1 0.712291 0.415542 -1 -0.451732 -1 -1 1 -0.487447 0.912406 -1 -1 -0.607973 -1 -1 -0.24478 -0.625924 0.539676 -0.210476 -1 -0.501418 -1 0.446376 1 0.31934 -1 0.649753 -1 -0.758556 -0.371906 -0.458596 0.137852 -1 0.290305 -1 -0.969 -0.0305507 -0.92038 -0.751105 -1 -1 0.774289 -0.114691 -1 -1 0.190671 -1 -0.606136 -1 -0.168384 -1 -1 -0.422616 -1 -1 -1 -1 -0.627323 -0.0429716 -1 -1 -0.532887 -0.118405 -1 0.641768 0.549157 1 -0.744212 -1 -0.0729064 -0.941117 -0.835533 -1 -0.886163 -1 -1 -0.565696 -1 0.256893 -1 -1 -1 -0.697862 -0.879545 -1 0.586595 -0.790946 -1 -0.159993 -1 -1 -0.295956 -0.700939 -0.509202 -0.861162 0.676956 -1 -0.878178 -1 -0.844974 -1 -1 -1 -0.0869414 -0.101301 -0.735935 -1 -0.45216 -0.544723 -0.338659 -0.0105676 -0.766783 -0.624447 -0.592846 0.00750959 -0.760813 -0.0672129 -1 0.883403 0.96287 -0.331766 -1 -0.579302 -0.603455 -0.643026 -0.762638 0.698945 -0.806494 0.641025 -0.857292 -1 -0.756505 -0.043363 0.0814425 0.0792109 -1 -1 0.0461934 
-1 1 0.839594 0.106282 -1 -0.905878 -0.656123 -1 0.141886 -1 -0.393518 -0.162385 -0.975718 -0.547391 -0.149863 -0.0813023 -0.961211 0.5026 0.29188 -0.21802 -1 -0.575248 -0.548241 -0.901052 -0.423245 -1 0.680708 1 1 0.955011 -0.478328 -1 -1 0.297256 -0.132799 -1 0.786299 -0.484993 -0.35538 -0.783609 -0.365236 -1 -0.622848 -1 -0.809437 -0.483465 0.0118574 0.928027 0.656777 0.678586 0.687089 -0.0142614 -0.639644 0.17934 0.253233 0.568511 -0.939211 -0.99612 0.195528 -0.619203 0.364089 -1 0.586328 0.699391 -1 0.334784 -0.217353 -0.655658 -1 0.785189 0.952755 -0.588332 -0.0435839 0.490045 -0.72277 -1 -0.894274 -0.839493 -0.739805 0.908036 -0.124728 -1 0.615754 -0.480133 -0.170585 -0.535118 0.967735 -0.34331 0.633969 0.817592 -0.308857 0.225629 0.214366 -0.268686 0.00638747 -0.543609 0.60973 -0.433145 -0.00743085 0.505235 -0.93073 -0.0311345 -0.727003 -0.9049 -0.689582 0.115015 0.927599 -0.0743129 0.0503584 -0.399478 -0.294892 0.16129 0.085785 -0.410334 1 0.042148 -0.194879 -1 0.720542 -0.281277 -0.572007 -1 -0.0808905 -0.107424 -0.864617 -0.130578 -0.951893 0.147784 -0.981746 -0.951875 -0.319383 0.58359 -0.516401 0.0854423 -0.925915 -0.320905 -1 0.314304 
-1 -0.509973 1 -1 -1 -1 -0.942449 0.15652 -1 0.739187 -1 -0.679227 0.767161 -0.823923 -1 -0.648625 0.130275 0.601255 -0.210476 -0.388699 0.694022 -0.0110354 0.595376 1 -0.205917 -0.709317 0.533405 -1 -1 -0.245011 0.438826 0.322258 -0.845486 0.246545 -0.591354 -1 -0.0305507 -0.397641 0.315039 -0.0696938 -0.735806 0.409524 -0.300621 -0.880756 -0.8137 0.676195 -1 -0.00195351 -0.302175 0.424961 -0.045755 -1 -1 -0.656514 -0.771643 -0.388863 -1 -0.472958 -0.703202 -1 -1 -1 0.0582122 -1 0.49361 0.211358 -0.706076 -0.939231 -1 0.0689049 -1 -0.835533 -0.963031 -0.75768 -1 -0.459754 -1 -0.612434 0.810518 -0.536184 -0.683958 -1 -1 -0.661651 0.271736 -0.308352 -0.271896 -0.729011 -0.0156179 -0.472107 -0.963153 0.67157 -0.642695 -1 -1 0.251917 -1 -0.985803 -0.749103 -0.406751 -0.932978 -1 -0.711491 0.200572 0.709647 -0.194798 -0.875031 -0.956685 -1 0.616076 0.354975 -0.521251 -0.877989 -1 0.21342 0.0399079 -0.468844 -1 1 0.639795 -0.331766 -1 -0.419431 0.36761 -1 -1 0.89693 -0.000858665 -0.551249 -0.713823 -0.906435 -0.756505 -0.52628 0.614577 0.165082 -0.0377851 -1 -1 
-1 1 0.486637 -1 -1 -0.156222 -0.717561 0.0166991 -1 0.805834 -0.685279 -0.679227 -1 -0.821591 -0.629334 -0.634865 0.280755 0.122529 -0.658067 -1 0.228547 -1 1 1 -1 -1 0.533405 -1 -0.787745 -0.502043 0.183812 0.015674 -0.422269 0.80435 -1 -1 -0.971612 -1 0.0434676 0.328759 -1 -0.0485521 -1 -1 -0.314276 -1 -1 -1 -1 0.424961 -1 0.0550704 -0.870905 -1 -0.459528 -1 -1 -1 -0.610326 -1 -0.79053 -1 0.241936 -0.695136 -0.283262 0.94059 0.290727 0.622714 -1 -0.805656 -1 -1 -1 -1 -1 0.491971 -1 -0.280382 -0.0156453 0.336987 -0.683958 -1 -0.813477 -1 -0.503164 -0.471254 -0.286299 -0.130454 -1 -0.345788 -1 -0.379786 -0.655968 -0.769034 -1 -0.203875 -1 -0.845384 0.8229 -1 -0.325573 -0.368581 -1 0.232573 0.652147 -0.556753 -0.689982 0.328125 -1 0.715728 -0.963581 -0.331474 -0.877989 0.384528 0.981144 -0.260959 -0.16386 -1 -0.393093 -0.276887 -0.201634 -1 -1 -0.74229 -1 -1 0.89693 -1 -0.526257 -0.233137 -1 -1 -1 0.732645 0.382566 -0.817291 -1 -0.422393 
-1 0.104238 -1 -1 -0.728722 -0.258008 -0.730847 0.892315 -1 0.488237 -0.685279 -0.605944 -0.515531 -0.560832 -1 -0.698138 -0.531909 0.0906813 -1 -1 0.594963 -1 0.844655 1 -1 -0.824131 -0.790028 -1 -0.827329 -1 0.869263 0.179748 -1 -0.282064 -0.67471 -0.861118 -0.0305507 -0.944381 -0.484245 -0.600907 -0.400559 -0.307023 -0.0473988 -1 -0.772424 -0.988583 -1 -1 -1 0.446191 0.186672 -0.699152 -0.0794658 -0.745556 -0.524741 -0.776955 -1 -0.0656697 -1 -0.566589 -1 -0.951093 -0.22443 -1 -0.747451 0.249226 -0.964831 0.52205 -1 -0.868884 -1 -0.9857 -1 -1 -1 -0.174415 -1 -0.308943 0.651181 0.336987 -1 -1 -1 -1 -1 -0.469726 -0.778768 -0.280281 -0.989915 -1 -1 -1 -0.277587 -0.436016 -1 0.676956 -1 -1 0.792966 -0.466443 -0.661023 -0.883299 -1 0.171968 -0.136376 -0.202507 -0.864722 -0.394192 -0.808673 0.446661 -1 -0.891657 -0.737752 1 1 -0.393086 0.0640948 -1 0.596832 -0.94073 -1 -1 -0.963395 -1 -0.868919 -1 -0.10115 -1 0.724204 -1 -0.632824 -1 -1 -1 0.0547528 -0.964997 -1 0.0461934 
-0.902195 -0.88278 0.177114 -0.386807 -1 -1 -0.621923 1 -0.878954 -0.311071 -1 -1 -0.667414 -0.560832 -1 -1 0.457885 0.122529 -0.965561 -1 0.228547 0.0792245 0.570847 0.257978 -1 -1 0.817983 -1 -1 -0.349675 0.571639 -0.816285 -0.422269 -0.235059 -1 -1 -0.7837 -0.379795 -0.941988 -0.649275 -1 0.417761 -1 -1 -0.284125 -1 -0.807827 -1 -1 0.424961 -1 0.0550704 -1 -0.622037 -0.506663 -1 -1 -0.135974 -1 -1 -1 -1 0.241936 -0.500355 -1 0.94059 0.579314 0.622714 -1 -1 -1 -1 -1 -1 -1 -0.373014 -1 -1 0.415345 0.336987 -0.683958 -0.671111 -0.808936 -1 -0.503164 -0.472725 -0.286299 -0.130454 -0.991342 -0.513474 -1 -1 -0.578916 -0.769034 -1 -0.203875 -1 -1 0.8229 -1 0.185172 -0.368581 -1 -0.660493 0.521223 -1 -0.844956 -0.362898 -1 1 -1 -1 -0.744277 0.992279 0.981144 0.141688 -1 -1 -0.393093 0.0365484 -0.32224 -1 -0.771437 -1 -1 -1 0.89693 -0.248715 0.409985 -1 -1 -1 -0.564218 0.732645 -0.247934 -1 -1 -0.422393 
-0.734646 0.910961 0.737581 -0.397579 -1 -1 -0.846345 -1 -1 0.692531 -1 -0.679227 -0.385216 -0.856591 -0.769317 -1 -0.329551 -0.259995 -0.656111 -0.388699 0.420949 -0.196827 0.735617 1 -1 -0.709317 0.533405 -1 -1 0.0192109 0.438826 -0.319221 -1 -0.224375 -1 -1 -0.0305507 -0.017651 0.315039 -1 -1 -0.472653 -0.923129 -0.858373 -1 0.606259 -1 -0.890631 -1 0.613407 -0.158357 -1 -1 -1 -0.992075 -0.343002 -1 -1 0.0441969 -1 -1 -1 -1 -1 -1 -0.841945 0.559063 -0.94499 -1 0.0689049 -1 -0.914068 -1 -1 -1 -1 -1 -0.0748607 0.451774 -0.444262 -0.683958 -1 -1 -0.921662 -0.405272 -0.308352 -0.437331 0.145312 -1 0.000938416 -1 0.703579 -0.795959 -1 -0.76567 0.676956 -0.695592 -0.591303 -1 -0.999925 -1 -1 -1 0.200572 0.416114 -0.194798 -1 -1 -0.880995 -0.367797 -1 -1 -1 -0.0753444 0.875527 -0.861384 -0.0821912 -1 0.292987 -0.202879 -0.573594 -1 -1 0.36761 -1 -0.940425 0.0931151 0.0243538 0.277078 -0.713823 -1 -0.756505 -0.654583 0.614577 -1 -1 -1 -0.424507 
-1 0.106946 0.177114 -0.386807 -1 -0.806084 -1 1 -1 0.82946 -0.685279 -0.679227 -1 -0.560832 -1 -0.35953 -0.442585 -0.304547 -1 -1 0.228547 0.0792245 0.844655 1 -1 -1 0.533405 -1 -1 0.0192109 0.305022 0.832386 -1 0.447764 -1 -1 -0.500035 -0.907012 0.0434676 -0.3862 -1 0.417761 -1 -1 -0.284125 -1 -1 -1 -1 0.424961 -1 0.0550704 -1 -1 -0.771643 -1 -1 0.143021 -0.610326 -1 -0.731012 -1 -1 -0.500355 -0.357126 0.812008 0.579314 0.117774 -0.730045 -0.805656 -0.767865 -0.747103 -1 -1 -1 0.491971 -1 0.172027 0.415345 0.336987 -0.683958 -0.739834 -0.813477 -1 -1 -0.940451 -1 -0.130454 -0.615131 -0.513474 -0.886511 -0.379786 0.0767976 -0.769034 -1 -0.374388 -0.600652 -0.845384 0.8229 -1 -0.290217 -0.368581 -1 0.171968 0.578616 -0.201656 -1 -0.0676188 -1 0.715728 -0.963581 -1 -0.877989 0.992279 0.981144 0.664606 -0.758014 -1 -1 0.0122428 -0.223815 -1 -1 -0.74229 -1 -1 0.89693 -0.0954864 -0.521997 -1 -1 -1 -0.73113 0.732645 0.382566 -0.817291 -1 -0.422393 
0.217964 -1 0.0600161 -0.582541 -1 -0.0980697 -0.00790828 -0.635118 -1 -0.824533 -1 1 0.69714 -1 -1 -1 -0.65336 -0.533767 -1 -0.469225 0.429616 -0.450314 -1 -1 0.108561 -0.789782 -1 -0.452763 0.0157975 -1 0.708146 -1 -0.676188 -0.614964 -1 -0.854242 -0.719574 1 -0.851662 -1 -1 0.305071 -0.227526 -1 -0.72444 -1 -0.811794 -1 -1 -1 -1 -0.6334 -0.751864 0.339069 -1 -1 -1 -1 -0.719801 -1 -0.460409 -1 -1 -1 -1 -1 -1 -1 -0.976642 -1 -1 -1 -1 -1 -1 -0.728203 -1 -1 -1 -1 -1 0.441709 -1 -1 -1 -1 -1 -1 -0.555603 -1 -1 -1 -1 -1 -0.0275 -1 -0.612867 -1 -1 -1 -0.819653 -1 -0.979446 -0.915774 -1 -1 -1 -1 -0.636449 -1 -1 -0.492085 -1 -1 -1 -0.4972 0.167104 -1 0.236472 -1 -1 -1 -1 -1 0.152294 -0.811176 1 -0.83237 -1 0.159634 -1 -0.692473 -1 -0.741787 -0.433297 -0.796719 -1 -1 
-0.813658 1 -0.0788515 0.106282 -1 -0.905878 -0.656123 -0.607661 0.508368 -1 -0.393518 -0.0758168 -0.975718 -0.547391 0.592744 -0.243135 -0.961211 0.0360904 0.29188 -0.21802 -1 -1 -0.548241 -0.901052 -0.329629 -1 0.680708 0.675724 -0.0752256 0.955011 -0.478328 0.161651 -0.737688 -0.770288 -0.499974 -1 0.786299 -0.586034 -0.35538 -1 -0.365236 -0.902457 -1 -0.461972 -0.809437 -0.888448 0.273902 0.928027 0.656777 0.678586 -0.396325 -0.0142614 0.488642 -0.503292 0.253233 0.183434 -0.939211 -0.6293 -0.748426 -0.619203 0.364089 -0.25144 0.586328 0.699391 -1 0.334784 -1 0.0836697 -1 0.785189 0.952755 -0.209745 -0.0435839 0.463406 -1 -0.764873 -0.899257 -0.0726286 0.626359 1 -0.405776 -0.217477 0.615754 -0.480133 -0.170585 0.88651 1 0.300416 0.716234 0.817592 -0.672567 -0.742397 -0.137775 -0.650246 -0.168723 -0.543609 -0.183862 -1 -0.254232 -0.368339 -0.93073 -1 -1 -0.9049 -0.689582 -0.486968 0.927599 -0.0743129 -0.221 -1 0.351403 0.16129 -0.0978922 -0.0610555 1 0.042148 -0.194879 -0.643198 -1 0.903285 -0.941821 -1 -0.213338 -0.49766 -0.864617 -0.233116 -1 0.147784 -0.981746 -0.951875 -0.319383 -0.306644 -0.713059 -0.244888 -0.490961 -0.217985 -1 0.314304 
-0.813658 1 -0.0788515 -0.681539 -1 -0.905878 -0.656123 -0.607661 0.508368 -1 -0.393518 -0.0758168 -0.975718 -0.547391 0.592744 -0.243135 -0.961211 0.0360904 0.29188 -0.21802 -0.847695 -0.575248 -1 -0.901052 -0.329629 -1 0.680708 0.675724 1 0.955011 -0.478328 0.161651 -1 -1 -1 -1 0.2119 -0.586034 -0.35538 -0.783609 -0.365236 -0.902457 -0.622848 -0.173606 -0.617438 -0.888448 -0.898435 0.928027 0.656777 0.678586 0.00872469 -0.0142614 0.488642 -0.442607 0.253233 0.451164 -0.939211 -0.6293 0.195528 -0.676936 0.364089 -0.25144 0.586328 0.699391 -1 -0.445471 -1 0.0836697 -1 0.785189 0.952755 -0.209745 -0.780482 0.463406 -0.0905241 -0.764873 -0.586327 -0.033009 0.234341 1 -0.405776 -0.320126 0.615754 -0.480133 -0.170585 0.699094 -0.0256346 0.300416 0.836517 0.817592 -0.672567 -0.742397 -0.137775 -0.341347 -0.168723 -0.543609 0.084709 -0.600484 -0.254232 -0.368339 -0.93073 -0.0311345 -0.863926 -0.9049 -0.689582 -0.486968 0.927599 -0.672818 -0.221 -0.187675 0.351403 0.319992 0.224067 -0.0610555 1 0.042148 -0.194879 -0.643198 -0.410801 0.903285 -1 -1 -0.213338 -0.49766 -1 -0.233116 -1 0.147784 -0.981746 -0.951875 -0.954764 0.542726 -0.516401 -0.244888 -0.490961 -0.217985 -1 0.681359 
-1 -0.564361 0.870279 -0.882744 0.162541 -1 -0.615866 -1 -1 -0.831261 -0.913442 -0.0241814 -0.563497 -1 -0.950485 -1 -0.878497 -1 -0.601902 -0.30077 0.526986 -1 -1 -1 -0.696238 -0.716443 -1 -1 -1 -0.674543 -1 -0.733462 -1 -0.888292 -0.668668 -0.745336 -0.280353 -0.732107 0.616318 -0.841969 -1 0.983224 -0.936804 -0.666863 -1 -1 -0.363845 -0.718316 -1 -0.954143 -0.719505 -1 -0.104315 -1 -1 -1 -1 -0.550306 -1 -0.786533 1 -0.988424 -1 -0.733319 -1 -1 -1 -1 -1 -0.678177 -0.735912 0.867193 -0.871659 -1 -1 -1 -0.704704 -0.936059 -1 -0.598034 -0.649509 -0.700081 -1 -1 -1 -1 -0.780402 -1 -0.916555 -1 -1 -1 -0.712953 -1 -1 -1 -0.966997 -0.976056 -1 -1 -1 -0.903158 -1 -0.0596803 -0.687112 -0.641376 1 -0.725163 -1 -1 -0.464529 -0.0761898 -1 -1 -0.612202 -1 0.686443 -1 -1 -0.904426 -0.698613 -0.905637 -1 -1 0.124771 -1 0.480535 -0.752651 -0.699074 -0.306005 -0.857826 -0.698178 -0.976229 -1 0.084468 -0.69416 -1 -1 
-0.628466 -1 1 -1 -0.955341 -0.94194 -1 -1 -1 -1 -0.62772 -0.688995 0.244997 -0.849144 -1 -1 -1 -0.19146 -1 -0.69258 -0.299132 -1 -1 -0.857492 -1 -0.716443 -1 -1 -0.579607 -0.674543 -0.865633 -1 -1 -1 -0.668668 -0.717051 -0.280353 -0.732107 -0.396195 -0.841969 -0.933026 0.853562 -1 -1 -0.677645 0.666018 -0.363845 -0.498558 0.0234789 -0.812159 -1 -0.720363 0.864451 -1 -0.985237 -1 -1 -0.497515 -1 -0.786533 0.817556 -1 -1 -0.659046 -1 -1 -1 -1 -0.130716 -1 0.453407 0.867193 -0.871659 -0.464521 -1 -0.444242 -0.704704 -0.842828 -1 0.624687 -1 -1 -0.678629 -1 0.202553 -1 -1 -0.473729 -1 -0.750799 -1 -1 -0.712953 -1 -1 -1 -1 -0.976056 -1 -1 -1 -0.903158 -0.597448 -0.615146 -1 -0.711708 -0.121143 -0.725163 -1 -1 -0.295665 -1 -0.860012 -0.821901 -0.908946 -0.648193 0.686443 -0.866369 -1 -0.690611 -0.740335 -0.905637 -1 -1 0.310065 -1 0.372362 -0.752651 -0.699074 0.165749 -1 0.401748 -0.976229 -1 0.120694 -0.324625 -1 -1 
-1 1 -0.0774585 -0.407058 -1 -1 -0.304278 -1 -1 -0.484451 -1 -0.679227 -0.0845922 -0.801877 -1 -1 -1 0.601255 -0.210476 -0.388699 -0.122304 -0.0110354 0.383166 1 -0.360853 -1 0.261406 -0.720156 -0.636346 0.0192109 0.438826 0.322258 -0.845486 -0.310153 -1 -1 0.0387386 -0.998765 0.070879 -0.592156 -1 -0.0988117 -0.300621 -0.324349 -0.682478 0.0968817 -1 -0.00195351 -1 0.490485 -0.045755 -1 -1 -0.73901 -1 -0.265032 -1 -0.999527 -0.0429716 -1 -0.784056 -1 -1 -1 0.0396348 0.0884836 0.559063 -0.206048 -1 -0.144006 -1 -1 -1 -1 -1 -0.95291 -0.84698 -0.287087 -0.111191 -0.444262 -0.560251 -1 -0.6308 -1 -0.260191 -0.534144 -0.271896 0.145312 -0.788436 0.000938416 -0.377646 0.0246936 -1 -0.786549 -1 -0.095646 -1 -0.985803 0.0840774 -0.189726 -0.228942 -1 -1 0.200572 -0.584748 -0.194798 -1 -0.956685 -0.880995 0.931791 0.079709 -0.781644 -0.72797 -0.527679 1 -0.870912 -0.0821912 -1 1 -1 -0.851945 -1 -1 -1 -0.799448 -1 -0.0933585 0.330224 -1 -1 -1 -1 -1 0.614577 0.165082 -0.925492 -1 0.0461934 
-0.603604 0.560168 0.415542 -0.250286 -1 -1 -0.476473 -0.660011 -0.854054 0.254633 -1 -0.679227 0.913479 -1 -0.371102 -1 -0.0743871 0.539676 -0.49379 -1 -0.0359795 0.325854 0.282855 0.0175869 -0.282326 -0.709317 0.776917 -0.981761 -0.758556 -0.68199 0.359116 0.260108 -1 1 -1 -1 -0.566789 -0.709242 0.521999 -1 -1 0.69378 0.409547 -0.486277 -0.882718 -0.183271 -1 0.0733529 -0.720841 -0.626534 -0.916961 -1 -0.88652 -1 -1 -0.680154 -0.775477 -1 -1 -0.45914 -1 -1 -0.50707 -0.851516 -0.160647 0.405636 0.579314 -0.442604 -1 -0.102405 -1 -1 -1 -0.886163 -1 -1 -0.700873 -1 0.793255 -1 -1 -1 -0.97148 -0.661651 0.0934155 0.00892824 -0.595683 -0.120262 -0.650482 0.000938416 -1 -1 0.104648 0.154139 -0.866928 -0.349989 -0.836656 -0.407974 1 -0.995454 -0.917361 -0.605556 -0.949708 -0.936337 0.0443127 -0.642187 -1 -0.414284 -0.6684 -0.180673 -0.319565 -0.60389 -1 0.0592166 1 0.741174 -0.0277821 -0.515653 0.16599 -1 -0.820035 -1 -1 -0.366155 -1 -1 0.347095 -0.529976 0.0797844 -1 -1 -1 -0.303558 0.614577 -0.0121588 -0.219515 -1 0.0461934 
-1 -1 0.234882 -0.950174 -1 -1 -1 -1 -0.706778 -0.75338 -1 0.411414 0.615079 -0.677607 -1 -1 0.488065 -1 -0.775914 -1 0.902999 -0.736377 -1 -1 -0.725805 -0.74824 -1 -0.705424 -0.921371 -1 -0.740241 -1 -0.664954 -1 -1 -1 -1 0.0305182 -1 -1 -1 0.758064 -0.969366 -1 0.284472 -1 -0.773499 -0.700778 -1 -0.545904 -0.816901 -1 -0.642596 0.038289 -0.118532 -0.900509 -1 -0.713207 -1 -0.967886 -1 -0.767433 -1 -1 -1 -0.669044 -1 -1 -1 -0.48253 -1 -0.920995 -1 0.393617 -1 -1 -1 -0.708759 -1 -1 -1 0.669742 -0.809043 -1 -1 0.541113 -0.98938 -1 -1 -1 -1 -0.722936 -0.904115 -0.599436 0.297481 -0.758522 -1 -1 -1 -1 -0.963384 -0.845482 -1 -0.680316 -1 -1 -1 -1 -1 -0.613765 -0.99263 -0.989355 -0.979525 -1 -1 -1 0.280152 -0.920609 -0.445611 -1 -1 -1 -1 -0.643947 -0.816888 -1 0.601014 -1 -1 0.939447 -1 -1 -1 -1 -0.527736 -0.737085 -0.955588 -0.470925 
-1 0.910961 0.737581 -1 -1 -1 -0.304278 -0.798839 -1 -0.00658584 -0.805545 -0.679227 0.767161 -1 -1 -0.310025 -1 0.601255 -0.933817 -0.633568 0.321044 -0.0110354 0.595376 1 -0.463574 -1 0.0165107 -1 -0.792431 -0.0826839 0.438826 0.322258 -1 -0.224375 -0.251967 -1 0.00873864 -1 0.315039 -0.0696938 -1 -0.0988117 -0.300621 -0.348686 -0.682478 0.606259 -0.831762 -0.00195351 -1 -0.399767 -0.045755 -1 -1 -1 -0.79742 -0.388863 -1 -0.836182 -1 -0.746561 -1 -1 -0.222602 -1 -0.414705 0.0884836 0.582278 -1 -0.788369 0.0689049 -1 -1 -1 -1 -0.885279 -1 -1 -0.287087 0.415345 -1 -0.683958 -1 -1 -1 0.0269209 -0.946417 -0.4294 0.145312 -0.711433 0.000938416 -1 0.393541 -0.616079 -1 -1 0.676956 -0.91479 -0.985803 -0.0861924 -0.189726 -0.308006 -1 -0.872178 -0.283596 -0.595763 -1 -1 -1 -0.927272 0.715728 0.421239 -1 -0.72797 -0.92419 0.422412 -0.348822 -0.727869 -0.583608 0.650784 0.639795 -0.702922 -1 -0.565232 0.742139 -0.993882 -0.958636 -0.608302 -1 -0.459697 -0.713823 -1 -0.70805 -1 0.358788 0.165082 -0.0377851 -0.956653 -0.825339 
-1 0.381178 -0.793094 -1 -1 -1 -1 -0.635267 -1 0.419783 -1 -0.657665 -1 -0.598137 -0.716014 -1 -0.0207537 -0.298835 -0.343341 -1 0.228547 -0.544224 1 0.463013 -0.761629 -1 0.533405 -1 -1 0.0192109 -0.384103 -0.817075 -0.753743 0.630194 -1 -1 -0.500035 -1 0.135776 -0.262487 -1 0.502788 -1 -0.975553 -0.284125 -1 -1 -1 -1 0.424961 -0.751068 0.078896 -0.672486 -1 -0.386058 -1 -1 -1 -0.952801 -1 -0.853176 -0.532887 -0.400854 -1 -0.528128 0.94059 -0.335677 0.92607 -1 -1 -1 -1 -1 -1 -1 0.73653 -1 0.172027 0.137504 -0.830031 -0.422861 -0.63839 -0.804987 -0.722292 -1 -0.809763 -0.332014 -0.130454 -0.990402 -0.513474 -1 -1 0.0767976 -1 -1 -0.203875 -1 -0.845384 0.0580698 -1 0.0972254 -0.726054 -1 0.010451 0.820709 -0.201656 -1 -1 -1 0.715728 -0.963581 -1 -0.877989 0.992279 0.981144 -0.427178 -0.606894 -1 -0.393093 -0.768074 -0.223815 -1 -1 -1 -1 -0.673117 0.225766 -0.0954864 0.409985 -0.678113 -1 -1 -0.303558 0.732645 0.382566 -1 -1 -0.586215 
-0.989669 0.910961 0.737581 -0.407058 -1 -0.628554 -0.820785 -1 -1 0.692531 -1 -0.679227 0.767161 -1 -1 -0.648625 -0.0275778 -0.359587 -0.210476 -0.388699 0.420949 -0.0110354 0.299823 1 -1 -0.709317 0.261406 -0.720156 -0.636346 0.0192109 0.438826 -0.68432 -0.845486 -0.224375 -1 -1 0.0387386 -0.385929 0.315039 -0.592156 -1 -0.0988117 -0.300621 -0.324349 -0.682478 0.0968817 -1 -0.00195351 -0.641832 0.490485 -0.045755 -1 -1 -1 -0.992075 -0.330182 -1 -0.999527 -0.0429716 -0.746561 -0.784056 -1 -0.222602 -1 0.0396348 0.0884836 0.559063 -0.917522 -1 -1 -1 -1 -1 -1 -1 -0.95291 -0.706368 -1 -0.111191 -0.444262 -1 -1 -1 -1 -0.151235 -0.534144 -1 0.145312 -0.788436 0.000938416 -0.377646 -0.232775 -1 -1 -1 -0.095646 -1 -0.985803 0.0840774 -1 -1 -1 -1 0.200572 0.59485 -0.194798 -1 -1 -0.880995 0.931791 0.079709 -0.781644 -0.389676 -0.263008 1 -0.870912 -0.0821912 -1 1 0.319096 -0.851945 -1 -0.850926 -0.555091 -0.799448 -1 0.462326 0.35483 -0.730847 -1 -1 -0.756505 -1 0.614577 0.165082 -0.0377851 -1 0.0461934 
-1 0.104238 -1 -1 -0.728722 -0.258008 -0.730847 0.892315 -1 0.488237 -0.685279 -0.734118 -0.515531 -0.560832 -1 -0.698138 -0.531909 0.0906813 -1 -1 0.751023 -1 0.844655 -0.0640252 -1 -0.824131 -0.790028 -1 -0.827329 -1 0.869263 0.179748 -0.675083 -0.282064 -1 -1 -0.0305507 -0.944381 -0.484245 -0.600907 -0.400559 -0.307023 -0.0473988 -1 -1 -0.743685 -1 -1 -0.904392 0.446191 -0.935678 -0.699152 -0.20417 -0.745556 -0.524741 -0.776955 -1 -0.0656697 -1 -0.566589 -1 -0.951093 -0.22443 -1 -0.747451 0.249226 -0.964831 -0.452418 -1 -0.868884 -1 -1 -1 -1 -1 -0.174415 -1 -0.308943 0.651181 0.336987 -1 -1 -1 -1 -1 -0.469726 -0.778768 -0.280281 -0.989915 -1 -0.928645 -1 -0.277587 -0.436016 -1 0.676956 -1 -1 0.792966 -0.466443 -0.661023 -0.883299 -1 0.171968 -0.136376 -0.202507 -0.864722 -0.394192 -0.808673 0.446661 -1 -1 -0.737752 0.595241 -0.0703977 -0.746381 0.0640948 -1 0.596832 -0.94073 -1 -1 -0.963395 -1 -0.868919 -1 0.259995 -1 0.724204 -1 -0.632824 -1 -1 -1 0.0547528 -0.964997 -1 0.0461934 
-0.628466 -0.564361 1 -1 0.162541 -1 -0.615866 -1 -1 -1 -0.913442 -0.0241814 -0.00939801 -0.284163 -0.562936 -1 -0.859364 -0.19146 -0.911027 0.165571 0.526986 -1 -1 -1 -1 -0.716443 -1 -1 -1 -0.674543 -1 -1 -1 -0.824928 -0.668668 -0.745336 -0.280353 -0.732107 0.749715 -0.862134 -0.933026 1 -1 -1 -1 -0.170514 -0.363845 -0.718316 -0.441438 -0.812159 -1 -1 0.864451 -1 -1 -1 -1 -0.556043 -1 -0.786533 1 -1 -1 -1 -1 -1 -0.944595 -0.823923 0.13986 -1 0.815419 0.867193 -0.628214 -1 -1 -0.0974911 -0.704704 -1 -1 -0.114601 -0.84593 -0.700081 -1 -1 0.405158 -1 -0.780402 -0.988936 -0.916555 -1 -1 -1 -0.712953 -1 -1 -0.83846 -1 -0.976056 -1 -1 -1 -0.903158 -0.840359 -0.309752 -1 -0.641376 1 -0.725163 -1 -1 -0.464529 -0.150038 -1 -1 -1 -0.901863 0.686443 -1 -1 -0.904426 -0.786742 -0.660567 -1 -1 0.124771 -1 0.480535 -0.752651 -0.699074 -0.306005 -1 -0.698178 -0.976229 -1 -0.751923 -0.324625 -0.986049 -1 
-0.24595 -1 0.423878 -1 0.162541 -0.94194 -0.162436 -0.688172 -1 -1 -0.913442 -0.18168 -0.148868 -1 -0.0287646 -1 -0.763984 -1 -0.686719 -0.0113427 0.709114 -1 -1 -1 -1 -0.716443 -1 -1 -0.579607 -0.674543 -0.865633 -1 -1 -1 -0.668668 -0.745336 -0.280353 -1 -1 -0.55616 -0.933026 0.853562 -1 -1 -1 0.878133 -0.363845 -0.633565 -0.874157 -1 -0.91009 -0.726108 -0.00490311 -1 -1 -1 -0.729152 -0.342656 -1 -1 -0.204681 -0.77384 -1 -0.622827 -1 -0.789545 -1 -1 -0.130716 -1 0.453407 0.867193 -1 -1 -1 -1 -0.704704 -0.892389 -0.64171 0.471293 -0.84593 -1 -1 -0.962346 0.202553 -0.971149 -1 -0.794296 -1 -0.750799 -0.712671 -1 -0.712953 -1 -0.607855 -1 -0.980163 -0.976056 -1 -1 -0.542201 -1 -0.840359 -0.784175 -0.876576 -0.820527 1 -1 -0.870916 -1 -0.295665 -0.150038 -1 -1 -1 -0.648193 0.720918 -1 -1 -0.690611 -0.761476 -1 -0.801572 -1 -0.330567 -1 0.480535 -0.752651 -0.699074 0.165749 -1 0.401748 -1 -1 -1 -0.324625 -1 -1 
-0.902195 -0.88278 0.177114 -0.386807 -1 -1 -1 1 -1 -0.365587 -1 -1 -0.667414 -0.560832 -1 -1 0.457885 0.122529 -0.965561 -1 0.228547 0.0792245 0.570847 0.257978 -1 -1 0.817983 -1 -1 -0.349675 0.571639 -0.816285 -0.422269 -0.235059 -1 -1 -0.7837 -0.379795 -0.941988 -0.649275 -1 0.417761 -1 -1 -0.284125 -1 -0.807827 -1 -1 0.424961 -0.771767 0.0550704 -1 -0.622037 -0.506663 -1 -1 -1 -0.707069 -0.947552 -1 -1 0.241936 -0.520336 -1 0.94059 0.579314 0.622714 -1 -1 -1 -1 -1 -1 -1 -0.373014 -1 -1 0.415345 0.336987 -0.683958 -0.996177 -1 -1 -1 -0.784619 -0.286299 -0.130454 -0.991342 -0.513474 -1 -1 -0.578916 -0.769034 -1 -0.203875 -1 -1 0.8229 -1 0.185172 -0.368581 -1 -0.660493 0.521223 -1 -0.844956 -0.362898 -1 1 -1 -1 -0.744277 0.709289 0.981144 0.141688 -0.831998 -1 -0.393093 -0.275221 -0.32224 -1 -0.771437 -1 -1 -1 0.89693 -0.248715 0.409985 -1 -1 -1 -0.564218 0.732645 -0.247934 -1 -1 -0.422393 
-0.628466 -0.564361 1 -1 -0.910316 -1 -0.615866 -1 -1 -1 -0.913442 -0.0241814 -0.00939801 -0.284163 -0.562936 -1 -0.859364 -0.19146 -0.911027 0.193078 0.526986 -1 -1 -1 -1 -0.716443 -1 -1 -1 -0.674543 -1 -1 -1 -0.824928 -0.668668 -0.745336 -0.109875 -0.848445 0.749715 -0.862134 -0.933026 1 -1 -1 -1 -1 -0.363845 -0.718316 -1 -0.812159 -1 -1 -0.0171297 -1 -1 -1 -1 -0.556043 -1 -0.786533 1 -1 -1 -1 -1 -1 -0.944595 -0.823923 0.13986 -1 0.815419 0.867193 -0.485994 -1 -1 -0.0974911 -0.704704 -1 -1 -0.114601 -0.84593 -0.700081 -1 -1 0.405158 -1 -0.780402 -0.988936 -0.916555 -1 -1 -1 -0.712953 -1 -1 -0.83846 -1 -1 -1 -1 -1 -0.903158 -0.840359 -0.0205067 -1 -0.641376 0.937781 -0.725163 -1 -1 -0.464529 -0.150038 -0.897055 -1 -1 -0.901863 0.686443 -1 -1 -0.904426 -0.786742 -0.660567 -0.833072 -1 0.124771 -1 0.480535 -0.752651 -0.699074 -0.306005 -1 -0.698178 -0.976229 -0.946754 -0.751923 -0.324625 -1 -1 
0.217964 -1 0.909079 -0.582541 -1 -0.0980697 -0.00790828 -0.520157 -1 -0.816227 -1 1 0.473794 -1 -1 -1 -0.65336 -0.230185 -1 -0.469225 0.511558 -1 -1 -1 0.225258 -0.789782 -1 -0.452763 -0.100455 -1 0.858379 -1 -1 -0.520016 -1 -0.854242 -0.719574 0.058718 -1 -1 -1 0.305071 -0.223782 -0.678877 -0.683061 -1 -1 -0.699723 -1 -1 -0.474342 -0.6334 -0.751864 0.339069 -0.614781 -1 -1 -1 -1 -1 -0.460409 -0.0691935 -1 -1 -1 -1 -1 -0.592502 -0.976642 -1 -0.768357 -1 -1 -1 -1 -1 -1 -1 -0.964848 -0.799572 -1 -0.437008 -1 -0.756465 -1 -1 -1 -1 -0.555603 -1 -1 -1 -1 -1 -1 -0.612785 -1 -1 -1 -1 -1 -0.863438 -0.979446 -0.915774 -1 -1 -1 -0.26581 -1 -1 -0.741223 -0.492085 -1 -1 -0.810233 -0.4972 0.167104 -1 0.368312 -1 -1 -1 -1 -0.550345 0.152294 -0.689119 1 -0.83237 -1 0.644811 -1 -0.692473 -1 -1 -1 -0.599091 -1 -1 
-0.813658 1 0.839594 -0.886058 -1 -0.750169 -0.656123 -0.607661 0.508368 -1 -1 -0.523293 -0.975718 -0.547391 0.592744 -0.243135 -0.961211 -0.597299 0.29188 -0.21802 -1 -0.575248 -0.548241 -0.901052 -1 -0.768011 0.680708 0.675724 1 0.955011 -0.478328 0.161651 -1 -0.715233 -0.132799 -1 -0.291659 -0.241414 -1 -1 -0.365236 -1 -0.622848 -0.173606 -0.809437 -0.483465 0.273902 0.928027 0.656777 0.328945 0.0619818 -0.0142614 0.488642 0.17934 0.253233 0.451164 -0.939211 -0.6293 0.195528 -0.619203 -0.336592 -0.0677397 0.586328 1 -0.769543 0.334784 -1 -0.697725 -1 0.875523 0.457002 -0.701699 -0.0435839 0.0691545 -0.0905241 -0.764873 -1 -0.390224 0.234341 1 -0.405776 -0.217477 0.578362 -0.480133 -0.170585 0.596841 0.967735 0.300416 0.822329 0.0574369 -1 -0.239186 0.226296 -0.268686 -1 -0.543609 0.60973 -0.433145 -0.00743085 0.582742 -0.93073 -0.0311345 -1 -0.906054 -0.689582 0.115015 -0.129786 -0.0743129 -1 -0.399478 0.865114 -0.970225 -0.982134 -0.248364 1 0.042148 -0.194879 -0.643198 0.720542 0.903285 -0.313158 -1 -0.178978 -0.553491 -0.864617 0.418619 -0.951893 0.147784 -0.981746 -0.951875 -0.468415 0.933969 -0.516401 -0.244888 -1 0.043707 -1 0.314304 
-1 0.104238 -1 -0.597766 -1 -0.718274 -1 0.635408 -0.705451 1 -0.685279 -0.605944 -0.669211 -0.933657 -1 -0.928626 0.130275 0.0906813 -1 -0.75496 0.594963 -1 0.844655 0.115323 -1 0.362916 -1 -1 -0.827329 -1 0.869263 0.356258 -1 -0.282064 -0.860955 -0.86164 -0.871628 -1 -0.484245 -0.192588 -0.548338 0.376163 -0.0473988 -1 -1 -0.877077 -1 -0.198311 -1 0.667821 -0.656214 -0.853627 -1 -0.784615 -0.524741 -0.776955 -1 -0.805675 -1 -1 -1 -0.96864 -0.548218 -1 -0.747451 0.654457 -1 0.52205 -1 -1 -1 -0.456081 -1 -1 -1 0.461556 -1 -0.308943 0.651181 -0.42697 -0.992863 -0.975537 -1 -1 -1 -0.0704662 -0.778768 -0.280281 -0.613583 -1 -1 -1 0.107357 0.264797 -1 0.597675 -0.727314 -1 0.125933 0.217573 -0.0624376 -1 -1 0.171968 -1 -0.202507 -1 -0.667695 -1 1 -1 -1 -1 1 -0.097697 -0.284937 0.0640948 -1 0.596832 -1 -0.694461 -0.997058 -1 -1 -0.868919 -1 0.201925 -0.0954864 1 -1 -0.809969 -1 -1 -1 0.0492769 -1 -1 -1 
-0.813658 1 -0.0788515 0.106282 -1 -0.905878 -0.656123 -0.607661 0.508368 -1 -0.393518 -0.0758168 -0.975718 -0.547391 0.592744 -0.243135 -0.961211 0.0360904 0.29188 -0.21802 -1 -0.575248 -0.548241 -0.901052 -0.329629 -1 0.680708 0.675724 1 0.955011 -0.478328 0.161651 -1 -0.770288 -0.132799 -1 0.786299 -0.586034 -0.35538 -0.783609 -0.365236 -0.902457 -0.622848 -0.173606 -0.809437 -0.888448 0.273902 0.928027 0.656777 0.678586 0.629528 -0.0142614 0.488642 0.17934 0.253233 0.451164 -0.939211 -0.6293 0.195528 -0.619203 0.364089 -0.25144 0.586328 0.699391 -1 0.334784 -1 0.0836697 -1 0.785189 0.952755 -0.209745 -0.0435839 0.463406 -0.0905241 -0.764873 -0.899257 -0.0726286 0.234341 1 -0.405776 -0.217477 0.615754 -0.480133 -0.170585 0.88651 1 0.300416 0.716234 0.817592 -0.672567 -0.742397 -0.137775 -0.268686 -0.168723 -0.543609 0.084709 -1 -0.254232 -0.368339 -0.93073 -0.0311345 -1 -0.9049 -0.689582 -0.486968 0.927599 -0.0743129 -0.221 -0.522834 0.351403 0.16129 0.224067 -0.0610555 1 0.042148 -0.194879 -0.643198 -0.410801 0.903285 -0.941821 -1 -0.213338 -0.49766 -0.864617 -0.233116 -1 0.147784 -0.981746 -0.951875 -0.319383 0.542726 -0.516401 -0.244888 -0.490961 -0.217985 -1 0.314304 
-1 0.6801 -0.177121 -0.397579 -1 -1 -1 -0.985568 -1 0.975855 -1 -0.679227 0.348147 -0.669736 -1 -0.648625 -0.0275778 0.0691361 -1 -0.388699 -0.502968 -0.177195 -0.521452 1 -0.503493 -0.457521 -0.616421 -1 -1 -1 0.671861 0.322258 -1 -0.89729 -0.712896 -1 -1 -0.385929 0.315039 -0.0696938 -1 -0.480102 0.015267 -0.623794 -1 0.684755 -1 -0.890631 -1 -0.226813 -1 -1 -1 -1 -0.992075 -1 -1 -0.925473 -0.0820912 -1 -1 -1 -0.222602 -0.898582 0.353348 -0.535532 0.571939 -0.72778 -1 -0.0627963 -1 -1 -1 -1 -1 -1 -1 -0.0748607 0.415345 -0.777906 -1 -1 -1 -0.81146 0.0269209 -0.899854 -0.458315 -0.501939 -0.745794 0.000938416 -1 0.393541 -1 -1 -0.76567 0.676956 -1 -1 -0.968598 -0.189726 -0.153126 -1 -1 0.580039 0.119065 -0.678799 -1 -0.956685 -1 -0.207171 -0.00631732 -1 -1 0.0673709 0.875527 -1 -0.0821912 -1 0.886057 0.317947 -1 -1 -0.766899 0.36761 -0.939763 -1 0.47698 -0.228468 0.771351 -1 -1 -1 -1 0.614577 -0.482546 -0.764919 -0.828408 -0.622852 
0.217964 -1 -0.59302 -0.582541 -1 -1 -0.00790828 -1 -0.768672 -0.816227 -0.888509 0.964272 0.473794 -1 -0.957669 -1 -0.65336 -1 -1 -0.469225 0.429616 -0.335241 -1 -1 0.195039 -0.789782 -1 -0.792546 -0.799294 -1 0.495997 -1 -0.676188 -0.641875 -1 -0.854242 -0.719574 0.713278 -1 -1 -1 0.305071 -0.227526 -1 -1 -1 -1 -1 -1 -1 -0.474342 -0.952937 -0.751864 0.0086726 -1 -1 -1 -1 -0.719801 -1 -0.460409 -1 -1 -1 -1 -1 -1 -1 -1 -1 -1 -1 -1 -1 -1 -0.728203 -1 -1 -1 -1 -1 0.669742 -1 -1 -1 -1 -1 -0.964446 -0.555603 -1 -1 -1 -1 -1 0.166489 -1 -0.612867 -1 -0.755035 -1 -1 -1 -0.979446 -0.915774 -0.793624 -1 -1 -0.26581 -0.636449 -1 -1 -0.492085 -1 -1 -1 -0.4972 -0.620175 -1 0.236472 -1 -1 -1 -1 -1 0.152294 -0.522781 1 -0.83237 -1 0.644811 -1 -0.303759 -1 -0.741787 -1 -0.796719 -0.89731 -1 
-0.999346 0.259225 0.737581 -0.397579 -1 -1 -0.876907 -0.798839 -1 0.692531 -1 -0.679227 0.240031 -1 -1 -0.648625 -0.0275778 0.601255 -0.210476 -1 0.420949 -0.0110354 -0.173331 1 -0.463574 -0.709317 0.334867 -1 -1 0.0192109 0.438826 0.322258 -0.845486 0.0802411 -0.591354 -1 -0.0305507 -0.385929 -0.394933 -0.0696938 -1 -0.0988117 -0.0959339 -0.923556 -0.682478 0.606259 -1 -0.0991701 -0.641832 0.490485 -0.045755 -1 -1 -1 -0.992075 -0.388863 -1 -0.836182 -0.634721 -1 -1 -1 -0.222602 -1 0.312289 0.0884836 0.559063 -0.206048 -1 0.593955 -1 -1 -0.963031 -1 -1 -0.95291 -1 -0.153754 0.468327 -0.444262 -1 -1 -1 -1 0.366582 -0.614805 -0.271896 -0.541273 -0.788436 0.281353 -0.377646 0.393541 -1 -1 -1 0.676956 -1 -0.985803 -0.995186 -0.189726 0.0783241 -1 -1 -1 0.493755 -0.194798 -0.895969 -0.956685 -0.880995 0.738192 0.079709 -1 -1 0.678625 0.875527 0.0399079 -0.127192 -1 1 0.293746 -0.851945 -1 -0.565232 0.36761 -0.799448 -1 -0.0593213 -0.000858665 0.277078 -0.713823 -1 -0.756505 -1 -0.280801 0.165082 0.00707868 -1 0.0461934 
-1 0.0498806 -1 -0.597766 -1 -0.718274 -0.94278 0.635408 -1 1 -0.685279 -0.360754 -0.515531 -0.917293 -1 -1 0.130275 -0.414577 -1 -0.75496 0.594963 -1 0.844655 -0.0519931 -1 0.596905 -1 -1 -1 -1 0.869263 0.700412 -1 -0.282064 -0.67471 -0.86164 -0.0305507 -1 -0.484245 -0.192588 -0.548338 0.376163 -0.0473988 -1 -1 -0.877077 -1 -0.198311 -1 -0.141988 -0.656214 -0.853627 -1 -0.745556 -0.524741 -0.776955 -1 -0.805675 -1 -0.4962 -1 -0.96864 -0.548218 -0.677751 -0.747451 0.654457 -1 0.52205 -1 -1 -1 -0.456081 -0.638732 -1 -1 0.461556 -1 -0.308943 0.651181 -0.0688 -0.992863 -1 -1 -1 -1 -0.0704662 -0.778768 -0.280281 -0.613583 -1 -1 -1 0.107357 0.264797 -1 0.676956 -1 -1 0.125933 0.217573 -0.0624376 -1 -1 0.171968 -0.804116 -0.423758 -0.820662 -0.304473 -1 1 -1 -1 -1 1 -0.097697 -0.328124 0.0640948 -1 0.596832 -1 -0.694461 -0.731736 -1 -1 -0.868919 -1 0.238204 -0.0954864 1 -1 -0.809969 -0.776786 -1 -1 0.695499 -1 -1 -1 
-1 0.0766082 0.112092 -0.397579 -0.744007 -1 -0.304278 -1 -1 -1 -1 -1 0.767161 -1 -1 -0.648625 -0.0275778 0.145978 -1 -0.63962 -0.657379 -0.025961 0.558671 -0.0887834 -1 -1 0.533405 -1 -0.429433 -1 0.020445 -0.054555 -0.845486 -0.425379 -0.385351 -1 0.0865647 -1 0.315039 -0.293467 -1 0.127297 -0.300621 -1 -0.682478 -0.185596 -1 -0.00195351 -1 0.490485 -0.045755 -1 -1 -1 -1 -0.388863 -0.713806 -0.836182 -0.0429716 -0.746561 -1 -1 -0.560227 -0.923053 -0.735729 -0.848095 -0.051831 -0.510301 -1 -0.968745 -1 -0.515491 -1 -1 -0.983665 -1 -1 -0.505476 0.0167734 -1 -0.968128 -1 -0.700975 -0.81146 -0.748396 -0.308352 -0.271896 -0.655034 -0.684645 0.0710872 -1 -0.18464 -0.642695 -1 -0.904515 0.676956 -1 -1 -1 -0.755031 -0.308006 -0.940338 -1 0.276341 0.43124 -0.194798 -1 -0.833992 -1 -0.107521 0.079709 -0.819479 -1 0.678625 0.13576 0.0399079 -0.792543 -1 -0.114848 0.179145 -0.653758 -1 -1 -1 -0.799448 -0.726896 0.426547 -0.000858665 -0.115643 -1 -1 -0.756505 -1 0.614577 -0.670699 -1 -1 -0.025553 
-1 -0.564361 -0.196504 -1 0.162541 -1 -1 -1 -0.954853 -1 -0.913442 -0.18168 -0.00939801 -1 -0.860273 -0.66416 -1 -0.19146 -1 0.165571 0.771246 -1 -1 -1 -1 -0.716443 -0.981313 -0.510898 -1 -0.869928 -1 -1 -1 -1 -0.668668 -1 -0.280353 -0.732107 0.400441 -0.779065 -1 0.829438 -1 -0.805427 -1 0.666018 -0.363845 -1 0.0234789 -0.812159 -1 -0.720363 -0.135984 -0.837354 -1 -1 -1 -1 -1 -0.786533 1 -1 -0.717216 -0.813286 -1 -0.779766 -1 -0.468172 0.13986 -1 0.453407 0.867193 -1 -0.735515 -1 -0.1768 -0.900188 -1 -1 -0.209072 -0.760177 -0.700081 -1 -0.727924 0.202553 -0.694772 -1 -1 -1 -0.612493 -1 -1 -0.896403 -1 -1 -1 -0.990299 -1 -1 -1 -0.93699 -1 -0.840359 0.176145 -1 -0.856391 1 -1 -1 -1 -0.472086 -1 -1 -1 -0.908946 -0.870381 0.333805 -1 -1 -1 -0.404767 -1 -1 -1 0.124771 -1 0.536196 -0.752651 -0.699074 0.165749 -1 0.401748 -0.630093 -0.843456 -0.133901 -0.738969 -0.956783 -0.795141 
0.217964 -1 0.558174 -0.582541 -1 -0.501253 -0.00790828 -0.520157 -0.664699 -0.816227 -1 1 0.473794 -1 -1 -1 -1 -0.230185 -1 -1 0.511558 -0.450314 -1 -1 0.225258 -0.789782 -1 -0.269938 -0.100455 -1 0.858379 -1 -1 -1 -0.824387 -0.854242 -0.719574 1 -1 -1 -1 0.305071 -0.223782 -0.678877 -0.683061 -1 -1 -0.699723 -1 -1 -0.474342 -1 -0.751864 0.339069 -0.614781 -1 -1 -1 -0.676788 -1 -0.460409 -0.0691935 -1 -1 -1 -1 -1 -0.592502 -0.976642 -1 -0.768357 -1 -1 -1 -1 -0.728203 -1 -1 -0.964848 -0.743051 -1 0.101295 -0.788433 -0.67673 -1 -1 -1 -1 -0.555603 -1 -1 -0.911983 -1 -1 -1 -1 -1 -1 -1 -1 -1 -0.863438 -0.979446 -0.915774 -1 -1 -1 -0.26581 -1 -0.754159 -0.741223 -0.492085 -1 -0.786423 -0.810233 -0.4972 0.167104 -1 -0.543592 -1 -1 -1 -1 -0.550345 0.152294 -0.689119 1 -0.83237 -1 0.644811 -1 -0.692473 -1 -1 -1 -1 -1 -1 
-0.660263 1 -0.495128 -1 -1 0.203508 -0.788778 0.518804 -1 0.699854 -0.977941 -0.679227 -1 -0.862418 -0.629334 -1 -0.693069 -0.822469 -0.947423 -1 0.376625 -0.590582 0.805304 1 -1 -1 0.518194 -1 -1 0.110424 -0.931128 0.832386 -1 0.208432 -0.851643 -1 -0.500035 -0.435445 0.0434676 0.2778 -0.762347 -1 -1 -1 -0.160763 -0.845039 -1 -1 -0.728496 -0.636496 -1 -0.646204 -0.460438 -1 -0.536892 -0.965923 -1 0.170858 -0.644184 -1 -1 -0.532887 -0.767536 -0.500355 -1 0.94059 0.579314 0.622714 -1 -1 -1 -0.835533 -1 -1 -1 0.447896 -1 0.172027 0.513156 -0.410899 -0.898711 -1 -0.813477 -1 -1 -0.580767 -1 -0.807266 -0.677944 -1 -1 -0.111499 0.0767976 -0.490864 -1 -0.475048 -1 -0.845384 0.8229 -1 0.180915 -0.837326 -1 0.171968 0.652147 -0.83429 -1 -1 -1 -0.417105 -1 -0.460657 -0.877989 0.86325 0.981144 -1 -0.240259 -0.656062 -0.393093 -0.186069 -1 -0.910628 -1 -1 -1 -1 0.89693 -0.0323556 -0.289993 -0.380607 -1 -1 -1 1 0.382566 -1 -1 -1 
-1 -1 -0.106812 -0.40947 -1 -0.743955 -0.842705 0.433637 -1 -0.237924 -1 -0.535052 -1 -1 -0.346364 -0.522559 -1 0.000682071 -0.751217 -1 -0.141991 -0.61825 0.990845 -0.487706 -1 -1 -0.339518 -0.718596 -1 -0.573514 0.593742 -1 -0.500099 -0.544804 -1 -1 -0.325951 -1 -0.434692 -0.00169516 -0.548338 0.69378 -0.970655 -1 -1 -0.884834 -1 -0.135556 -1 0.245093 -1 -1 -0.0794658 -0.770249 -0.921015 -0.841665 -1 -0.676437 -1 -0.978672 -1 -0.994785 -0.310008 -1 -0.66834 -0.402268 0.319479 0.330469 -1 -0.819677 -1 -1 -1 -1 -1 0.642415 -1 -0.954109 -0.90358 -1 -1 -0.690622 -1 -0.844289 -0.63785 0.455061 -0.513747 -1 -0.924421 -1 -1 -0.634153 0.383659 -0.475631 -0.805033 -0.236939 -1 -1 -0.388588 -1 0.185172 -0.759736 -0.81516 -0.210652 -0.0441713 -0.289129 -1 0.0941903 -1 -0.851371 -1 -1 -1 -0.257503 -1 -0.800939 -0.696638 -1 1 -0.0311578 -0.654455 -1 -0.71815 -1 -1 -1 0.89693 -1 -0.0536216 -1 -0.639466 -1 -1 0.557468 -0.154394 -1 -1 0.0461934 
-0.716888 -1 0.519613 -1 -1 -1 0.303102 -0.684365 -1 -0.34384 -1 -0.436604 -0.118334 -0.926813 -1 -1 0.414689 -1 -0.418698 -1 -1 -0.366214 -1 -1 -0.867023 -0.950175 -1 -0.94964 -0.834694 -1 0.636323 -1 -1 -1 -0.849355 -1 -0.837636 0.433154 -0.658668 -0.894129 -0.358865 -0.101372 -0.785371 -0.679994 0.485738 -1 -1 -1 -1 -1 -1 -0.203972 -0.194828 -1 0.693087 -0.798064 -1 -1 -1 -0.619653 -0.594734 -1 -0.875734 -0.792326 -1 -0.347511 -0.243561 -1 -0.944548 -0.316155 -1 -1 -1 -1 -1 -1 -0.96099 -1 -1 -1 -1 0.254926 -0.601552 -1 -0.90559 -0.177198 -1 -1 -1 -1 -0.937754 -1 -1 -1 -1 -1 -1 -1 -1 -0.765214 -0.868991 -1 -1 -1 -1 -0.87956 -1 0.67742 -1 -0.862273 -1 -1 -0.774439 -1 -1 -1 -0.473351 -1 0.0820837 -0.976862 -1 -1 -0.783868 -1 0.333953 -1 0.812151 -0.571162 -1 0.644811 -0.0179046 -1 -0.791466 -0.776287 -1 0.0733897 -1 -0.98349 
-0.974881 0.910961 0.737581 -0.407058 -1 -0.628554 -1 -1 -1 1 -1 -0.679227 0.767161 -1 -1 -1 -0.951791 -0.359587 -0.537748 -0.126195 0.163511 -0.0110354 0.299823 1 -1 -0.709317 0.261406 -0.720156 -1 0.0192109 0.438826 -1 -0.845486 -0.224375 -1 -1 0.0387386 -0.385929 0.315039 -0.592156 -1 -0.0988117 -0.999692 -0.324349 -0.682478 0.485831 -1 -0.00195351 -0.641832 -0.610726 -0.045755 -1 -1 -1 -0.992075 -0.330182 -1 -0.999527 -0.0429716 -0.746561 -0.784056 -1 -0.222602 -1 0.0396348 0.0884836 0.559063 -0.692599 -1 -1 -1 -1 -1 -1 -1 -0.95291 -0.706368 -1 -0.111191 -0.444262 -1 -1 -1 -1 -0.151235 -0.534144 -1 0.145312 -0.788436 0.000938416 -0.377646 -0.232775 -1 -1 -1 -0.095646 -1 -1 0.0840774 -1 -1 -1 -1 0.200572 0.59485 -0.398613 -1 -1 -0.880995 1 0.079709 -1 -0.389676 -0.263008 1 -1 -1 -1 1 0.319096 -0.851945 -1 -0.850926 -0.555091 -0.799448 -1 0.462326 -0.0323478 -0.730847 -1 -1 -0.756505 -1 0.614577 0.165082 -0.0377851 -1 0.0461934 
-0.628466 -0.564361 -0.0404452 -1 -1 -0.94194 -0.615866 -1 -1 -1 -1 -0.18168 -0.474612 -0.284163 -0.0287646 -1 -1 -0.52256 -0.847023 0.245662 0.709114 -1 -1 -1 -1 -0.716443 -1 -1 -0.579607 -0.709811 -1 -1 -1 -1 -1 -0.998178 -0.280353 -0.538951 0.551821 -0.841969 -0.933026 0.853562 -1 -0.759589 -1 0.666018 -1 -0.87616 0.0234789 -0.772884 -1 -1 0.864451 -1 -1 -1 -1 -1 -0.737129 -1 0.469021 -1 -1 -0.813286 -0.941355 -1 -1 -0.232521 -0.36424 -1 0.453407 0.659761 -0.871659 -1 -1 -1 -0.704704 -1 -1 0.4094 -0.866809 -1 -1 -1 -0.358927 -1 -0.853527 -1 -0.546468 -0.750799 -1 -1 -0.686404 -1 -0.995735 -1 -1 -0.689223 -1 -1 -0.93699 -1 -0.840359 0.176145 -1 0.0488071 1 -0.725163 -1 -1 -0.295665 -0.150038 -1 -1 -0.908946 -1 0.624236 -1 -1 -1 -1 -1 -1 -1 0.291907 -1 0.480535 -1 -0.699074 -1 -1 0.401748 -0.976229 -1 -0.133901 -1 -0.986049 -0.652017 
