-0.7715 -0.389105 -1 0.956148 0.469496 -1 -0.510348 -1 -1 0.298036 -0.0718251 -0.968218 0.0193411 0.1567 -0.250791 -1 -0.332381 -1 -0.792223 -1 -0.5857 -0.710333 0.210307 -0.395408 -1 -1 0.907157 1 -1 -0.0723259 -0.606581 -0.729375 0.170954 -1 -0.304388 -0.806991 -1 0.333005 -0.839156 -0.204406 0.0482527 -1 -0.229218 -0.677656 -0.320492 -1 -0.512903 0.0813046 -0.935098 -0.263307 -0.117391 0.956547 0.23356 0.874451 -1 -1 -0.206532 -1 -1 -0.903315 -1 -0.662062 -1 0.294213 -1 -0.676351 -0.270482 -0.40848 0.210703 -0.501015 -1 -1 -0.846937 -0.816164 -1 -0.998184 0.528065 -0.778646 -1 0.328126 -1 0.137367 -0.285387 -0.293157 0.194302 0.494505 -1 0.276111 0.45826 0.939784 -0.413303 -0.733054 -1 -0.629225 0.224311 -0.912987 -0.477896 -1 -0.721961 -0.277137 -1 -0.19513 0.491799 0.160887 -0.657089 -1 -0.372351 -1 -1 -1 -0.0558856 0.976281 -1 -0.766225 -0.333484 -0.582394 -0.559641 -1 0.706267 -1 -1 -0.991133 
-0.954117 -1 -0.133967 0.240485 0.709425 -0.706125 -0.0170786 -0.157196 -0.113736 -1 0.464995 -1 -1 -0.770008 -1 0.883717 -1 -0.709383 -0.163858 -0.148612 -0.427593 -0.188063 0.289576 -0.777318 -0.487807 -0.41001 0.375515 -1 -0.320667 -0.845702 -0.276937 -0.279892 -0.66514 0.16379 -0.0629802 -1 -1 0.168027 -1 -0.617828 -0.588258 -1 -0.505842 -1 0.251106 -0.228743 -1 -0.683838 -0.410162 -1 -0.69749 -0.208191 -0.522347 -0.0772746 -1 -0.00789616 0.21141 0.651008 -0.17508 0.286518 -1 0.294561 0.389162 -1 -0.126689 -0.767271 0.715511 -1 -0.360091 0.000388145 -0.772895 0.219502 -0.716815 -0.165917 0.303671 -1 0.884825 -1 -0.877895 0.055868 -1 0.618694 -0.812065 -0.618143 0.324642 -1 0.399295 -0.205923 0.449684 -0.578716 -1 -1 -0.191408 -0.800314 0.158712 0.0103282 -0.190769 -0.379283 0.134156 0.593217 -0.417945 -0.37897 0.548318 -0.980947 -0.87414 0.401362 0.921704 -0.234628 0.366649 -0.359184 0.695896 -0.340339 -0.595471 -1 -1 -0.208068 -1 -0.118172 0.779523 -0.965343 0.0501001 -1 
-0.47411 -1 -0.133967 0.240485 0.709425 -0.879477 -0.0170786 -0.072207 -0.253219 -1 0.653009 -1 -1 -0.770008 -1 0.883717 -0.131403 -0.709383 1 -0.148612 -1 -0.188063 0.289576 0.00359856 -0.487807 0.758054 0.00550786 -0.677968 -0.320667 -0.845702 -0.276937 -0.279892 -0.619046 0.16379 -0.0629802 -0.925148 -1 0.168027 -1 -0.617828 -0.588258 -1 -0.505842 -1 0.251106 0.885083 -1 -0.683838 -0.410162 -1 -1 -0.208191 -0.522347 -0.601067 -0.743229 -0.00789616 0.0551342 -0.542514 0.353622 0.286518 -1 0.294561 0.389162 -1 0.0118754 -0.767271 0.715511 -0.552852 -0.360091 0.000388145 -0.772895 0.237107 -0.716815 -0.165917 0.303671 -1 0.831767 -1 -0.877895 0.055868 -1 0.215244 -0.812065 -1 0.324642 -1 0.636113 -0.270637 0.449684 -0.578716 -0.725282 -1 -0.191408 -0.800314 -0.280746 0.0103282 -0.190769 -0.379283 0.134156 0.593217 0.0686626 0.0313551 0.548318 0.025756 -0.87414 0.128792 0.921704 -1 -0.216689 -0.359184 0.695896 -0.340339 -0.595471 -0.486912 -1 -0.208068 -0.631917 0.0509231 0.779523 -0.965343 1 -1 
-1 -0.166067 -0.866534 -1 -0.614619 -0.857782 -0.0170786 -0.072207 -1 -1 0.25544 -1 -1 -0.651799 -1 -0.396858 0.12659 0.359956 1 -1 -0.711552 0.188363 0.289576 -0.35769 0.573999 0.676337 0.142206 -0.866054 0.00234497 -0.539759 -0.680278 0.0652542 -0.118637 0.288011 -0.0385609 -0.260873 -0.904132 -1 -0.55564 -1 -0.588258 -1 -0.11288 -1 0.226378 0.103719 -0.823142 -1 -0.586024 -1 -1 -1 -1 -1 -0.743229 -0.15318 -1 -0.545482 -0.913931 -0.835824 -1 0.304511 -0.13875 -0.179308 -1 -1 -0.15961 -1 -1 -0.598877 -0.772895 0.219502 -1 -0.747035 0.222543 -0.65291 0.230979 -1 -1 0.0651278 -1 -1 -1 0.51173 0.0461414 -0.124761 0.636113 -1 0.306099 -1 -0.262068 -1 -0.629386 -1 -0.118655 -0.925484 -0.190769 0.547221 0.134156 -0.51959 0.321137 -1 -0.63769 1 -1 0.401362 -0.390468 -0.234628 -1 -1 0.794364 -1 -0.329594 -0.486912 -1 -0.615148 -1 0.4315 0.779523 -1 0.61309 -0.845453 
-0.644812 -0.335484 -0.231253 0.413581 -0.179916 -0.614852 -0.47811 0.147948 0.601367 -0.985101 0.039631 0.100827 -0.966408 -0.272565 -0.359205 -0.792042 -0.354425 0.095099 0.340665 0.12262 0.469538 0.616804 0.611724 -0.3912 -0.734988 0.137132 -0.965225 -0.797698 -0.275674 0.203122 -0.0157842 -0.746988 0.933875 0.691178 0.286251 -0.196784 0.67319 0.62874 -1 -0.651052 1 0.771759 -0.491775 0.694231 -0.941473 0.89932 0.292827 0.724997 -1 0.114333 0.397832 -0.327437 0.367555 -0.503411 0.466343 -0.814978 0.463829 0.505348 0.973465 0.50711 -0.878066 -0.0280443 0.446479 -1 -0.83547 0.794762 -0.657637 0.110883 -0.218 -0.633915 -0.718062 0.893868 0.454673 0.416261 0.147893 -0.574016 -0.00242603 -1 0.244917 -0.492879 0.140333 -0.242443 -0.509748 0.560481 0.143035 0.142355 0.478382 -0.121031 0.620867 0.404834 -0.0513869 -1 -0.71518 -0.194662 0.53748 0.718251 -0.928973 -0.726437 -0.226995 -0.790611 -0.276125 0.693513 -0.116051 0.932025 -1 0.0187418 -0.693056 -0.852028 0.383955 1 -0.123636 0.284829 0.639772 -0.952696 -1 0.499033 0.524047 0.986442 0.256408 0.530929 0.705838 -0.433829 
-1 -1 -0.655983 -0.0264867 -0.170397 -1 -0.0170786 -0.623375 -1 -1 0.743711 -1 -1 -0.603018 -1 0.310669 -0.591538 -1 1 -0.614544 -0.841815 -0.793125 0.289576 0.328802 -0.374483 0.859939 -1 -0.386158 -1 -0.741101 -0.0642315 -1 -0.401033 -0.0112395 -0.189392 -1 -1 0.168027 -1 -1 -0.923997 -1 -0.495938 -1 -1 0.905268 -1 -0.683838 -1 -1 -1 -0.169441 -0.522347 -0.474322 -0.743229 -0.00789616 0.0551342 -0.729811 -0.678703 -1 -1 0.18948 -1 -1 0.0118754 -1 0.298284 -0.42824 -1 0.000388145 -0.772895 -0.215817 -0.716815 -0.165917 0.303671 -1 0.164702 -1 -1 0.055868 -1 -0.0731424 -1 -1 0.324642 -1 0.386049 0.015264 0.449684 -0.578716 -1 -1 -0.191408 -0.800314 0.158712 -0.746095 -0.896183 -1 0.134156 1 0.0686626 0.0313551 -1 0.227651 -1 0.401362 0.578072 -0.86526 -0.553997 -0.395829 -0.0310361 -0.340339 -1 -1 -1 -1 -1 -0.118172 0.779523 -1 0.101262 -1 
-0.644812 -0.612686 -0.231253 0.42537 -0.179916 -0.614852 -0.47811 0.147948 0.423932 -0.985101 0.286747 0.100827 -0.966408 -0.272565 -0.42782 -0.792042 -0.741089 0.135037 0.340665 0.12262 0.581865 0.616804 0.611724 -0.3912 -0.734988 0.137132 -0.965225 -0.628064 -0.275674 0.217821 0.135889 -0.80156 0.933875 0.691178 0.831286 -0.196784 0.67319 0.544295 -1 -0.705777 1 0.771759 -0.491775 0.383408 -0.941473 0.89932 0.324989 0.801427 -1 0.114333 0.397832 -0.327437 0.367555 -0.828021 0.466343 -0.814978 0.463829 0.176698 0.973465 0.562149 -0.878066 -0.00217992 0.696812 -0.208897 -0.636366 0.8319 -0.657637 0.110883 -0.218 -0.633915 -1 0.798829 0.454673 0.416261 0.147893 -0.60089 0.040157 -1 0.244917 -0.492879 0.226051 -0.242443 0.0461462 0.560481 0.0923085 0.151657 0.478382 -0.121031 0.620867 0.404834 -0.0513869 -1 -0.71518 -0.194662 0.53748 0.718251 -0.0658249 -0.792495 -0.226995 -0.536414 -0.506282 0.693513 -0.116051 0.932025 -1 0.27444 -0.581792 -0.852028 0.383955 0.740461 -0.181797 0.224667 0.639772 -1 -0.274533 0.499033 0.512436 0.986442 0.256408 0.572083 0.705838 -0.433829 
-0.47411 -1 -0.133967 -0.0264867 0.709425 -0.857782 -0.0170786 -0.072207 -0.253219 -1 0.464995 -1 -1 -0.770008 -1 0.310669 -0.131403 -0.709383 1 0.176544 -0.282534 -0.188063 0.289576 0.00359856 -0.487807 0.758054 -0.391672 -0.677968 -0.320667 -0.845702 -0.276937 -0.279892 -0.619046 0.16379 -0.0629802 -0.925148 -1 0.168027 -1 -1 -1 -1 -0.505842 -1 -0.207734 0.885083 -1 -0.683838 -0.410162 -1 -1 -0.208191 -0.522347 -0.0772746 -0.743229 -0.00789616 0.0551342 0.651008 0.223768 0.286518 -1 0.294561 0.389162 -1 0.0118754 -1 0.298284 -0.552852 -1 0.000388145 -0.772895 0.219502 -0.716815 -0.165917 0.303671 -1 0.884825 -1 -0.877895 0.055868 -1 0.618694 -0.749 -1 0.324642 -1 0.636113 0.015264 0.449684 -0.578716 -0.725282 -1 -0.191408 -0.800314 0.158712 -0.746095 -0.190769 -0.379283 0.134156 0.593217 0.0686626 0.0313551 -0.512997 0.025756 -0.87414 0.401362 0.921704 -1 -0.488316 -0.359184 0.695896 -0.340339 -0.595471 -0.486912 -0.614281 -0.208068 -1 -0.118172 0.779523 -0.965343 1 -1 
-0.852287 -0.705585 -0.082829 -0.0186362 0.630455 -0.203871 -0.697003 -0.250361 0.000883222 -0.282405 0.148152 -0.42861 0.354417 0.0945101 -0.664096 -0.275275 0.0750116 -0.341914 0.403439 -0.999643 0.71176 -0.338301 -0.866819 0.147555 0.24407 0.499567 0.480386 -0.0700651 -0.985115 0.856636 -0.299411 0.40235 -0.180933 -0.701476 -0.887712 0.657397 0.515705 -0.0987461 -0.983237 0.896928 -0.633056 -0.427064 -0.458836 0.0209782 -0.284974 0.367182 -0.853055 -0.182337 -0.866024 -0.0553904 -0.614867 -0.558248 -0.531222 0.299622 -0.25267 -0.0510738 0.632943 0.983816 0.93972 0.0732836 0.316835 0.0802507 -0.800226 0.358359 0.491205 -0.163071 -0.892078 0.738659 0.486072 -0.281957 0.021726 -0.689282 0.602508 0.55516 -0.0953887 -0.138707 0.428678 -0.0478254 -0.456738 -0.421298 0.855057 0.492597 -0.84768 -0.438543 0.928179 0.834507 -0.885744 0.197834 0.118431 0.19532 -0.73852 0.167773 -0.357854 0.172891 -0.958121 0.001315 0.306971 -0.0839003 -0.108975 0.0427289 -0.473184 -0.909993 0.533898 0.186857 0.314179 0.381525 0.454551 0.528104 0.642502 -0.46317 -0.761398 0.124015 0.415294 -0.225559 0.49666 0.75935 -0.876684 -0.528269 0.11515 -0.743917 0.125686 0.31592 
-0.559868 -0.893325 -1 0.956148 0.469496 -1 -0.510348 -1 -0.934306 0.764511 -0.443408 -0.85279 0.0193411 0.22842 -0.209835 -0.569869 -0.603319 -1 -1 -1 -0.594251 -1 0.210307 -0.395408 -1 -1 0.628134 1 -1 -0.810039 -0.606581 -0.465805 0.0961185 -1 -0.508848 -1 -1 0.333005 -0.279538 0.118876 0.0482527 -1 -0.229218 -0.677656 0.258878 -1 -1 0.519832 -1 -0.405949 1 0.873934 0.23356 0.797987 -1 -1 0.731128 -1 -1 -1 -1 -0.921696 -1 0.896387 -0.604605 0.0370958 -0.324643 -0.40848 1 -0.501015 -1 -0.904119 -0.299669 -0.653155 -1 -1 0.528065 -1 -0.267744 0.317188 -0.678409 -0.419117 -0.796764 -0.125597 0.226776 0.951264 -1 0.276111 0.949061 0.939784 -0.413303 -0.888197 -0.703881 -0.629225 0.224311 0.245772 -0.477896 -0.218096 -0.951228 -0.277137 -1 -0.19513 0.11146 -0.0294529 -1 -0.513925 -0.372351 -1 -1 -1 0.00156322 0.265636 -0.721657 -0.766225 -0.392668 -0.684177 1 -1 0.341112 -0.58212 -1 -0.311009 
-1 -0.389105 -0.852773 -0.17019 0.469496 -1 -1 -1 -0.945183 0.780352 -0.443408 -1 -1 -0.598858 -1 -0.526156 -0.740352 -1 -1 -1 -0.288595 -0.426841 -0.62605 -0.109601 -1 -0.703572 0.628134 1 -1 -1 -1 -1 0.0197607 -1 -0.640637 -1 -0.940714 -0.289387 -0.604675 -0.204406 0.0482527 -1 -0.743955 -1 0.258878 -1 -0.948314 -0.669624 -0.306393 0.790972 1 0.914986 0.23356 0.797987 -1 -1 0.41821 -0.889394 -1 -1 -0.675953 -0.843415 -1 1 -0.544311 0.0867403 0.0164604 -1 0.762172 -0.501015 -0.646714 -1 -0.488415 -0.653155 -1 -0.998184 0.528065 -1 -1 -0.541865 -1 0.137367 -0.285387 -0.125597 -0.336177 -0.241019 -1 0.685638 0.0163676 0.078752 -1 -0.888197 -1 -0.629225 -0.0691346 0.245772 -1 -0.413596 -0.721961 -0.868252 -0.801099 -0.64572 -0.104944 0.48954 -1 -0.513925 -0.372351 -0.907887 -0.846683 -1 -0.0558856 0.627937 -0.721657 -0.766225 -0.0820809 -1 1 -0.625878 0.143389 -0.58212 -1 -1 
-0.612062 -1 -0.133967 -0.0264867 0.709425 -0.857782 -0.0170786 -0.072207 -0.253219 -1 0.464995 -1 -1 -0.770008 -1 0.310669 -0.131403 -0.709383 1 0.176544 -0.841815 -0.188063 0.289576 0.00359856 -0.374483 0.758054 -0.391672 -0.677968 -0.320667 -0.845702 -0.276937 -0.279892 -0.619046 0.16379 -0.0629802 -0.925148 -1 0.168027 -1 -1 -1 -1 -0.505842 -1 -0.207734 0.905268 -1 -0.683838 -0.410162 -1 -1 -0.169441 -0.522347 -0.0772746 -0.743229 -0.00789616 0.0551342 0.320642 0.223768 0.286518 -1 0.294561 -0.497056 -1 0.0118754 -1 0.298284 -0.42824 -1 0.000388145 -0.772895 -0.176929 -0.716815 -0.165917 0.303671 -1 0.884825 -1 -0.877895 0.055868 -1 0.618694 -0.749 -1 0.324642 -1 0.636113 0.015264 0.449684 -0.578716 -0.733649 -1 -0.191408 -0.800314 0.158712 -0.746095 -0.82611 -0.602614 0.134156 0.593217 0.0686626 0.0313551 -1 0.025756 -0.87414 0.401362 0.921704 -1 -0.488316 -0.359184 0.695896 -0.340339 -0.595471 -0.486912 -1 -1 -1 -0.118172 0.779523 -0.965343 1 -1 
-0.7715 -0.155339 -1 1 0.469496 -0.744827 -0.510348 -1 -0.945183 0.764511 -1 -1 -1 0.305798 -0.981105 -0.526156 -1 -1 -1 -1 -0.5857 -0.793703 -0.62605 -0.36683 -1 -1 0.628134 0.39795 -1 -1 -1 -1 -0.966602 -0.831183 -0.302994 -1 -0.940714 0.229622 -0.581625 -0.843909 -0.681884 -1 -0.268941 -0.973798 0.258878 -1 -0.948314 0.519832 -0.193329 -0.246679 1 -0.278665 -0.725386 0.797987 -1 -1 0.41821 -0.839199 -1 -1 -0.675953 -0.717555 -1 0.582639 -0.604605 0.0370958 0.0164604 -1 0.762172 -0.501015 -0.646714 -1 -0.680174 -0.653155 -1 -0.998184 0.528065 -1 -1 -0.568133 -1 0.137367 -0.285387 -0.688622 0.339943 -0.241019 -1 0.597392 0.0163676 0.078752 -0.588149 -0.888197 -1 -0.629225 -0.535263 0.245772 -1 -0.467603 -0.820066 -1 -0.801099 -0.0693173 0.11146 0.48954 -0.625869 -0.513925 -0.372351 -0.907887 -1 -1 -0.0558856 0.976281 -0.721657 -0.766225 -0.0820809 -0.895446 1 -0.244911 0.0890087 -1 -1 -1 
-0.7715 -0.389105 -1 0.956148 0.469496 -1 -0.510348 -1 -1 0.764511 -0.443408 -0.85279 0.0193411 0.177581 -0.250791 -0.526156 -0.332381 -1 -1 -1 -0.5857 -1 0.210307 -0.395408 -1 -1 0.628134 1 -1 0.0184994 -0.606581 -0.465805 0.0961185 -1 -0.304388 -1 -1 0.333005 -0.279538 -0.204406 0.0482527 -1 -0.229218 -0.677656 0.258878 -1 -0.867979 0.519832 -0.334304 0.584619 0.869495 0.873934 0.23356 0.797987 -1 -1 0.41821 -0.642971 -1 -0.903315 -1 -0.942345 -1 0.896387 -0.604605 0.0370958 -0.270482 -0.40848 0.762172 -0.501015 -1 -0.904119 -0.299669 -0.653155 -1 -0.998184 0.528065 -0.778646 -0.267744 0.317188 -0.678409 0.137367 -0.285387 -0.125597 -0.0290236 0.90252 -1 0.276111 0.957626 0.939784 -0.413303 -0.888197 -0.703881 -0.629225 0.224311 0.245772 -0.477896 -0.413596 -0.721961 -0.277137 -1 -0.19513 0.11146 0.160887 -0.982201 -0.513925 -0.372351 -0.907887 -1 -1 -0.0558856 0.976281 -0.721657 -0.766225 -0.430027 -0.684177 1 -1 0.341112 -0.58212 -1 -0.311009 
-1 -0.612686 -0.369607 -0.772066 -0.179916 -0.614852 -0.47811 0.147948 0.423932 -0.985101 0.286747 -0.70218 -1 -0.272565 -0.42782 -0.792042 -1 0.135037 0.340665 -1 0.581865 -0.340612 0.611724 -0.3912 -0.734988 0.137132 -0.9327 -0.628064 -0.275674 0.217821 0.135889 -0.80156 0.933875 0.691178 0.831286 -0.196784 -0.505562 0.544295 -1 -0.576305 1 0.771759 -0.491775 0.383408 -1 0.89932 0.324989 0.801427 -1 0.114333 0.397832 -0.327437 0.367555 -0.985831 0.466343 -0.814978 0.463829 -0.526711 0.973465 0.562149 -0.878066 -0.00217992 0.87604 -0.208897 -0.636366 0.8319 -0.657637 0.110883 -0.218 -0.633915 -1 0.798829 0.454673 0.416261 0.147893 -0.60089 0.040157 -1 0.244917 -0.492879 0.226051 -0.242443 -0.597519 0.736629 -0.0946234 0.151657 0.478382 -1 0.620867 0.404834 -0.0513869 -1 -1 -0.194662 0.53748 0.718251 -0.0658249 -0.792495 -0.226995 -0.536414 -0.506282 0.693513 0.277036 0.732436 -1 -0.472202 -0.581792 -0.852028 0.383955 0.740461 -0.181797 0.224667 0.639772 -1 -0.11331 0.499033 0.512436 0.986442 0.256408 0.572083 -0.00855529 -0.433829 
-0.47411 -1 -0.133967 0.240485 0.709425 -0.857782 -0.0170786 -0.072207 -0.253219 -1 0.464995 -1 -1 -0.770008 -1 0.883717 -0.131403 -0.709383 1 -0.148612 -0.427593 -0.188063 0.289576 0.00359856 -0.487807 0.758054 0.375515 -0.677968 -0.320667 -0.845702 -0.276937 -0.279892 -0.619046 0.16379 -0.0629802 -0.925148 -1 0.168027 -1 -0.617828 -0.588258 -1 -0.505842 -1 0.251106 0.885083 -1 -0.683838 -0.410162 -1 -1 -0.208191 -0.522347 -0.0772746 -0.743229 -0.00789616 0.0551342 0.651008 0.0260595 0.286518 -1 0.294561 0.389162 -1 0.0118754 -0.767271 0.715511 -0.552852 -0.360091 0.000388145 -0.772895 0.219502 -0.716815 -0.165917 0.303671 -1 0.884825 -1 -0.877895 0.055868 -1 0.618694 -0.812065 -1 0.324642 -1 0.636113 -0.205923 0.449684 -0.578716 -0.725282 -1 -0.191408 -0.800314 0.158712 0.0103282 -0.190769 -0.379283 0.134156 0.593217 0.0686626 0.0313551 0.548318 0.025756 -0.87414 0.401362 0.921704 -0.234628 0.366649 -0.359184 0.695896 -0.340339 -0.595471 -0.486912 -0.614281 -0.208068 -1 -0.118172 0.779523 -0.965343 1 -1 
-1 0.109786 -0.866534 -1 -0.614619 -0.857782 -0.0170786 -0.072207 -1 -1 0.25544 -1 -1 -0.651799 -1 -0.396858 -0.0596973 0.298322 1 -1 -0.711552 0.188363 0.289576 -1 -0.458831 0.676337 0.142206 -0.722347 0.00234497 -0.539759 -0.680278 0.0652542 -0.401339 -0.73928 -0.0385609 -0.260873 -0.904132 -1 -1 -1 -0.588258 -1 -0.11288 -1 -0.231241 0.103719 -0.823142 -1 -0.586024 -1 -1 -1 -1 -1 -0.743229 -0.15318 -1 -0.545482 -0.913931 -0.835824 -1 0.466524 -0.13875 -0.179308 -0.960941 -1 -0.15961 -1 -1 -0.598877 -0.772895 -0.560208 -1 -0.747035 0.222543 -0.65291 -0.593363 -1 -1 0.0651278 -1 -1 -1 0.51173 0.0461414 -0.124761 1 -1 0.306099 -1 -0.262068 -1 -0.629386 -1 -0.118655 -0.925484 -0.190769 0.547221 0.134156 -0.693561 0.321137 -1 -0.741135 1 -1 0.401362 -0.390468 -0.234628 -1 -1 0.794364 -1 -0.329594 -0.486912 -1 -0.615148 -1 0.593503 0.779523 -1 0.61309 -0.845453 
-1 0.0732956 -1 -1 -0.761801 -0.857782 -0.0170786 -0.189987 -1 -1 0.25544 -1 -1 -0.651799 -1 -0.396858 -0.0596973 0.298322 1 -1 -0.711552 0.188363 0.289576 -1 -0.458831 -0.45953 0.142206 -0.722347 0.00234497 -0.539759 -0.680278 0.0652542 -0.401339 -0.73928 -0.772892 -0.581239 -0.904132 -1 -1 -1 -0.588258 -1 -0.11288 -1 -0.965054 0.103719 -1 -1 -0.586024 -1 -1 -1 -1 -1 -0.743229 -0.15318 -1 -0.545482 -0.913931 -0.835824 -1 0.466524 -0.13875 -0.179308 -0.960941 -1 -0.265643 -1 -1 -0.598877 -0.772895 -0.560208 -1 -0.908183 0.222543 -0.65291 -0.593363 -1 -1 0.0651278 -1 -1 -1 0.474466 0.324474 -0.124761 1 -1 0.306099 -1 -0.262068 -1 -0.629386 -1 -0.118655 -0.925484 -0.190769 0.547221 0.134156 -0.693561 0.321137 -1 -0.741135 1 -1 0.401362 -0.390468 -0.234628 -1 -1 0.794364 -1 -0.329594 -0.486912 -1 -0.615148 -1 0.425982 0.779523 -1 0.61309 -0.845453 
-1 -1 -0.133967 -0.0264867 0.709425 -0.844202 -0.0170786 -0.072207 -0.253219 -1 0.464995 -1 -1 -0.770008 -1 0.310669 -0.131403 -0.709383 1 0.176544 -0.282534 -0.385825 0.439687 0.00359856 -1 0.758054 -0.179918 -0.677968 -0.320667 -0.845702 -1 -0.279892 -0.891608 0.16379 -0.0629802 -0.925148 -1 0.168027 -1 -1 -1 -1 -0.505842 -1 -0.207734 0.885083 -1 -0.683838 -0.410162 -1 -1 -0.208191 -0.522347 -0.0772746 -0.743229 -0.217829 0.0551342 0.651008 0.223768 0.286518 -1 0.294561 0.389162 -1 0.0118754 -1 0.392081 -0.552852 -1 0.000388145 -0.772895 0.219502 -1 -0.165917 0.303671 -1 0.502348 -1 -1 0.055868 -1 -0.312501 -0.749 -1 0.324642 -1 0.636113 -0.578898 0.449684 -0.578716 -0.725282 -1 -0.191408 -1 0.158712 -0.746095 -0.190769 -0.379283 0.134156 0.593217 0.0686626 -0.806634 -0.512997 -0.350953 -1 -0.421494 -0.049184 -1 -0.488316 -0.823273 0.695896 -0.340339 -0.595471 -0.486912 -0.614281 -0.334453 -0.654182 -0.118172 0.779523 -1 1 -1 
0.354752 -0.825981 -0.348845 0.175344 0.699192 0.711833 -0.50995 0.671797 0.33267 -0.786483 -0.175438 0.209086 0.897873 -0.843255 0.354553 -0.99561 0.274101 -1 -0.656503 0.619758 0.0709994 -0.264283 0.551885 -0.565037 0.335006 0.00394404 0.574776 0.210994 -0.73355 0.652395 -0.473096 0.528179 -1 -1 0.474814 0.298024 -0.900228 0.138857 -0.825062 0.315025 0.805889 -0.310921 -0.398305 -0.158676 0.781403 0.104173 -0.261187 -0.252853 -0.928893 0.791672 0.770216 0.383087 0.0460807 -0.346279 -1 -0.907681 -0.640504 -0.481068 -0.466736 0.377042 0.00615826 -0.546606 0.306711 0.517076 -0.678929 -0.178715 0.390638 -0.235752 0.149331 -0.315525 -0.107642 -0.350971 -0.200493 0.682525 -1 -0.981703 -0.11175 -0.766608 -0.16107 -0.585372 0.951784 -0.971309 0.488242 -0.114838 0.0383004 0.286605 0.221051 -0.270331 -0.576555 0.374744 0.23348 -0.238098 -0.151373 -0.0538374 -0.788374 0.971173 0.624179 0.776699 0.570649 -0.854752 0.758709 0.907737 0.888744 -0.143115 -0.688468 -0.170802 0.0103391 0.615472 0.856201 -0.165385 0.733867 0.600883 0.518771 -0.269132 0.765629 0.376604 -0.652748 -0.428194 -0.962627 0.776914 -0.503219 -0.0984058 
-1 0.109786 -0.866534 -0.947892 -0.614619 -0.857782 -0.0170786 -0.072207 -1 -1 0.25544 -1 -1 -0.651799 -1 -1 -0.0596973 0.298322 1 -0.924198 -0.663197 0.188363 0.289576 -1 -0.458831 0.676337 0.142206 -0.722347 0.00234497 -0.539759 -1 0.0652542 -0.401339 -1 -0.0385609 -0.443412 -0.752509 -1 -1 -1 -0.588258 -1 -0.11288 -1 -0.231241 0.103719 -0.823142 -0.779418 -0.586024 -1 -1 -1 -1 -1 -0.743229 -1 -1 -0.545482 -1 -0.835824 -1 0.466524 -0.13875 -0.179308 -0.960941 -1 -0.15961 -1 -1 -0.598877 -0.772895 -0.560208 -1 -0.747035 0.222543 -1 -0.553616 -1 -1 -0.541373 -1 -1 -1 0.51173 0.0461414 -0.124761 1 -1 0.306099 -1 -0.371065 -1 -0.629386 -1 0.107246 -0.925484 -0.190769 -0.546721 0.134156 -0.642692 0.321137 -1 -0.42351 1 -1 0.401362 -0.390468 -0.234628 -1 -1 0.794364 -1 -0.329594 -0.486912 -1 -0.589805 -1 0.593503 0.779523 -1 0.61309 -0.845453 
-0.612062 -1 -0.133967 -0.722192 0.709425 -0.857782 -0.764207 -0.072207 -0.253219 -1 0.464995 -1 -1 -0.770008 -1 0.310669 -0.131403 -0.49247 1 0.176544 -1 -0.122987 -0.51384 0.00337349 -0.866395 0.758054 -0.391672 -0.677968 -0.366535 -1 -0.276937 -0.279892 -0.422201 0.16379 -0.745915 -1 -1 -0.533145 -1 -1 -1 -1 -0.505842 -1 -1 0.905268 -1 -0.683838 -0.410162 -1 -0.633272 -0.169441 -0.522347 -0.208434 -0.743229 -0.00789616 0.199967 0.320642 -0.809953 0.286518 -1 0.466184 -0.497056 -0.624199 0.0118754 -0.77757 0.308963 -1 -1 0.000388145 -0.772895 -1 -1 -0.165917 -0.55033 -1 0.746011 -1 -0.877895 0.055868 -1 -0.20137 -1 -1 0.132422 -1 0.186673 0.015264 0.449684 -0.578716 -0.784929 -1 -0.191408 -0.800314 0.158712 -0.746095 -0.82611 -0.602614 0.134156 0.593217 -0.921011 0.0313551 -1 0.025756 -0.87414 0.401362 -0.33448 -1 -0.488316 -0.359184 -0.0308932 -0.138528 -0.595471 -0.486912 -1 -1 -1 0.000232607 0.779523 -0.965343 1 -0.951959 
-0.7715 -0.389105 -1 0.956148 0.469496 -0.946238 -0.510348 -1 -0.945183 0.764511 -0.443408 -1 -1 0.305798 -1 -0.526156 -0.332381 -1 -1 -1 -0.5857 -0.793703 -0.62605 -0.395408 -1 -1 0.628134 1 -1 -1 -1 -1 0.0197607 -1 -0.304388 -1 -0.940714 0.337952 -0.604675 -0.204406 0.0482527 -1 -0.229218 -0.677656 0.258878 -1 -0.948314 0.519832 -0.193329 0.584619 1 0.914986 0.23356 0.797987 -1 -1 0.41821 -0.354621 -1 -0.903315 -0.675953 -0.819137 -1 0.582639 -0.604605 0.0370958 0.0164604 -1 0.762172 -0.501015 -0.646714 -1 -0.680174 -0.653155 -1 -0.998184 0.528065 -1 -0.97945 -0.568133 -1 0.137367 -0.285387 -0.125597 0.339943 -0.241019 -1 0.276111 0.0163676 0.078752 -0.588149 -0.888197 -1 -0.629225 -0.0691346 0.245772 -1 -0.413596 -0.721961 -0.868252 -0.801099 -0.19513 0.11146 0.48954 -0.625869 -0.513925 -0.372351 -0.907887 -1 -1 -0.0558856 0.976281 -0.721657 -0.766225 -0.0820809 -0.684177 1 -0.625878 0.0890087 -0.58212 -1 -1 
0.354752 -0.825981 -0.348845 0.175344 0.699192 0.711833 -0.50995 0.671797 0.33267 -0.786483 -0.175438 0.209086 0.578214 -0.843255 0.610459 -0.99561 0.274101 -1 -0.656503 0.619758 0.233036 -1 0.551885 -0.565037 0.335006 -1 0.574776 0.210994 -0.73355 0.652395 -0.473096 -0.203587 -1 -1 0.474814 0.298024 -0.900228 -0.803368 -0.825062 0.315025 0.805889 -0.310921 -0.398305 -0.158676 0.781403 0.104173 -0.261187 -0.252853 -0.928893 0.791672 0.770216 0.383087 0.0460807 -0.346279 -1 -0.907681 -0.640504 -0.481068 -0.466736 0.377042 0.00615826 -0.546606 -0.142109 0.517076 -1 -0.178715 0.390638 -0.235752 0.149331 -0.315525 -0.107642 -0.350971 -0.200493 0.682525 -1 -0.981703 -0.11175 -0.766608 -0.16107 -0.585372 0.951784 -0.971309 0.488242 -0.499696 0.184242 0.286605 0.221051 -0.270331 -0.576555 0.374744 0.23348 -0.238098 -0.151373 -0.145025 -0.478409 0.971173 0.624179 0.776699 0.570649 -0.854752 0.758709 0.907737 0.693497 -0.143115 -0.688468 -0.170802 0.0103391 0.615472 0.856201 -0.165385 0.207338 -0.519388 0.518771 -0.496616 0.765629 0.376604 -0.652748 -0.428194 -0.962627 0.776914 -0.503219 -0.233419 
-1 -0.166067 -0.866534 -1 -0.614619 -0.857782 -0.0170786 -0.072207 -1 -1 0.25544 -1 -1 -0.651799 -1 -0.396858 0.12659 0.359956 1 -1 -0.711552 0.362051 0.289576 -0.35769 0.573999 0.676337 0.142206 -0.866054 0.00234497 -0.539759 -0.680278 0.0652542 -0.118637 0.288011 -0.0385609 -0.260873 -0.904132 -1 -0.55564 -1 -0.588258 -1 -0.216099 -1 0.226378 0.103719 -0.823142 -1 -0.586024 -1 -1 -1 -1 -1 -0.743229 -0.15318 -1 -1 -0.913931 -0.835824 -1 0.304511 -0.13875 -1 -1 -1 -0.15961 -1 -1 -0.598877 -0.772895 0.219502 -1 -0.747035 0.222543 -0.65291 0.230979 -1 -1 0.299756 -1 -1 -1 0.51173 0.0461414 -0.124761 0.636113 -1 0.306099 -1 -0.262068 -1 -0.629386 -1 -0.118655 -0.925484 -0.190769 0.547221 0.134156 -0.671412 0.321137 -1 -0.63769 1 -1 0.401362 -0.390468 -0.234628 -1 -0.670799 0.794364 -1 -0.329594 -0.486912 -1 -0.615148 -1 0.4315 0.779523 -1 0.687016 -0.845453 
-0.612062 -1 -0.133967 -0.722192 0.709425 -0.857782 -0.764207 -0.072207 -0.253219 -1 0.464995 -1 -1 -0.770008 -1 0.310669 -0.131403 -0.49247 1 0.176544 -1 -0.122987 -0.51384 0.00359856 -0.374483 0.758054 -0.391672 -0.677968 -0.320667 -0.845702 -0.276937 -0.279892 -0.422201 0.16379 -0.745915 -1 -1 0.168027 -1 -1 -1 -1 -0.505842 -1 -0.207734 0.905268 -1 -0.683838 -0.410162 -1 -1 -0.169441 -0.522347 -0.0772746 -0.743229 -0.00789616 0.36373 0.320642 -0.809953 0.286518 -1 0.294561 -0.497056 -0.624199 0.0118754 -1 0.298284 -1 -1 0.000388145 -0.772895 -0.176929 -1 -0.165917 -0.55033 -1 0.884825 -1 -0.877895 0.055868 -1 -0.20137 -1 -1 0.324642 -1 0.636113 0.015264 0.449684 -0.578716 -0.784929 -1 -0.191408 -0.800314 0.158712 -0.746095 -0.82611 -0.602614 0.134156 0.593217 0.0686626 0.0313551 -1 0.025756 -0.87414 0.401362 0.804216 -1 -0.488316 -0.359184 -0.0308932 -0.359716 -0.595471 -0.486912 -1 -1 -1 0.000232607 0.779523 -0.965343 1 -1 
-0.425632 -0.825981 -0.331078 0.450754 0.324905 0.711833 -0.50995 0.974138 0.452037 -1 -0.387617 0.536344 0.897873 -0.459307 -0.37802 -0.99561 0.529746 -0.979443 -0.656503 0.637091 0.432547 -0.264283 -0.374275 -0.856065 0.206025 -0.207398 0.574776 0.210994 -0.789016 0.652395 -0.951244 0.528179 -0.932222 -0.657261 0.474814 0.373264 -1 -0.315947 -0.825062 -0.735153 0.751463 -1 -0.398305 -1 0.222161 0.104173 -1 -0.252853 -0.73532 0.791672 0.77237 0.383087 0.0460807 -0.346279 -0.784421 -0.562924 -1 -0.481068 -1 -0.233771 0.00615826 -0.319794 0.522055 0.517076 -1 -0.178715 -0.802221 -0.0208567 0.149331 0.0387416 -0.107642 -0.971063 0.0805283 0.906779 -0.782558 -1 -1 -1 0.0532091 -0.491195 0.951784 -0.971309 0.172828 -0.114838 0.0383004 0.216391 0.142611 -0.397705 -0.27166 0.521262 0.23348 -1 -0.151373 -0.422992 -0.803923 0.971173 0.624179 0.776699 1 -0.69581 0.758709 0.907737 0.888744 -0.143115 -1 -0.0826267 0.0103391 0.166079 0.101008 -0.334064 0.694075 0.600883 0.518771 -1 0.765629 0.376604 -1 -0.428194 -1 0.552047 -0.608258 -1 
-0.7715 -0.155339 -1 1 0.469496 -0.946238 -0.510348 -1 -0.945183 0.764511 -1 -1 -1 0.305798 -0.981105 -0.526156 -1 -1 -1 -1 -0.5857 -1 -0.62605 -0.395408 -1 -1 0.628134 0.39795 -1 -1 -1 -1 -0.966602 -0.831183 -0.304388 -1 -0.940714 0.337952 -0.581625 -1 -0.681884 -1 -1 -1 0.258878 -1 -0.948314 0.519832 -0.193329 0.330611 1 0.536048 -0.991863 0.0435323 -1 -1 -0.243771 -0.354621 -1 -1 -0.675953 -1 -1 0.582639 -0.604605 0.0370958 -1 -1 0.762172 -0.501015 -0.646714 -1 -0.680174 -0.653155 -0.652725 -1 0.528065 -1 -1 -0.568133 -1 0.137367 -0.285387 -0.980643 0.339943 -0.241019 -1 0.597392 0.0163676 0.078752 -0.588149 -1 -1 -0.629225 -0.0691346 0.245772 -1 -0.567038 -0.721961 -0.868252 -0.801099 -0.0693173 -1 0.48954 -1 -0.513925 -0.372351 -0.907887 -1 -1 -0.0558856 0.976281 -0.721657 -0.766225 -0.0820809 -0.895446 1 -0.625878 0.0890087 -0.58212 -1 -1 
-0.47411 -1 -0.133967 -0.0264867 0.709425 -0.857782 -0.0170786 -0.072207 -0.253219 -0.682027 0.464995 -1 -1 -0.770008 -1 0.310669 -0.761947 -0.709383 1 0.164581 -0.225104 -0.188063 0.289576 0.00359856 -0.487807 0.758054 -0.391672 -1 -0.320667 -0.845702 -0.276937 -0.0965326 -0.619046 0.0226916 -0.728289 -0.925148 -0.727519 0.168027 -1 -1 -1 -1 -0.505842 -1 -0.261361 0.885083 -1 -0.683838 -0.410162 -1 -0.868381 -0.208191 -0.522347 -1 -0.743229 -0.00789616 -0.719814 0.696449 -0.502361 0.286518 -1 0.294561 0.743972 -1 0.185357 -1 0.155505 -0.331494 -1 0.000388145 -0.772895 0.219502 -0.841275 -0.165917 0.303671 -1 0.884825 -0.67586 -1 0.055868 -1 0.618694 -0.749 -1 0.324642 -1 0.636113 -0.25677 0.449684 -0.578716 -1 -1 -0.191408 -1 0.158712 -0.746095 -1 -0.828422 0.291892 0.593217 0.0686626 -0.299139 -0.512997 0.025756 -0.87414 0.429285 0.57391 -0.925382 -0.488316 -0.359184 0.695896 -0.340339 -0.595471 -0.486912 -0.614281 -0.208068 -0.759481 -0.443066 0.779523 -1 1 -1 
-0.612062 -1 -0.515027 -0.0473017 0.709425 -0.857782 -0.0170786 -0.072207 -0.253219 -1 0.464995 -1 -1 -0.770008 -1 0.310669 -0.131403 -0.709383 1 0.176544 -0.763876 -0.188063 0.289576 0.00359856 -0.374483 0.758054 -0.391672 -0.677968 -0.320667 -0.845702 -0.0152245 -0.279892 -1 0.16379 -0.0629802 -0.925148 -1 0.168027 -1 -1 -1 -1 -1 -1 0.191855 0.123492 -1 -0.683838 -0.224493 -1 -1 -0.169441 -0.522347 -0.0772746 -1 -0.00789616 0.0551342 -0.204319 -0.257017 0.286518 -1 0.294561 -0.497056 -1 0.0118754 -1 0.298284 -0.42824 -1 0.000388145 -0.772895 -0.472911 -0.716815 -0.165917 0.303671 -1 0.36657 -1 -1 -1 -1 0.618694 -0.749 -1 0.324642 -1 0.636113 0.015264 0.449684 -1 -0.733649 -1 -0.191408 -0.800314 0.158712 -0.746095 -0.82611 -0.602614 -0.550139 0.987735 0.0686626 0.0313551 -1 0.025756 -0.87414 0.401362 0.921704 -1 -0.488316 -0.359184 0.695896 -0.340339 -0.595471 -0.486912 -1 -1 -1 -0.118172 0.779523 -0.965343 1 -1 
-1 -1 -0.133967 -0.614646 0.709425 -0.844202 -0.0170786 -0.072207 -0.253219 -1 0.464995 -1 -1 -1 -1 0.310669 -0.131403 -0.709383 1 0.176544 -0.282534 -0.385825 0.439687 -0.392195 -1 0.758054 -0.5964 -0.677968 -0.320667 -0.845702 -1 -0.804001 -0.891608 0.16379 -0.0629802 -1 -1 0.168027 -1 -1 -1 -1 -0.505842 -1 -0.207734 0.615805 -1 -1 -0.410162 -1 -0.798221 -0.208191 -0.522347 -0.0772746 -0.7233 -0.217829 -0.476473 0.651008 0.223768 0.286518 -1 0.294561 0.389162 -1 0.0118754 -1 0.601794 -0.552852 -1 0.000388145 -0.772895 0.219502 -1 -1 0.303671 -1 -0.578039 -1 -1 0.055868 -1 -0.312501 -0.749 -1 0.324642 -1 0.636113 -0.578898 0.251173 -0.578716 -0.39737 -1 -1 -1 0.158712 -0.746095 -0.190769 -0.379283 0.134156 0.593217 0.0686626 -0.806634 -0.512997 -0.350953 -1 -1 -0.049184 -1 -0.488316 -0.885589 0.695896 -0.340339 -0.595471 -0.486912 -0.405549 -0.334453 -0.654182 -0.118172 0.779523 -1 1 -1 
-0.644812 -0.335484 -0.231253 0.413581 -0.179916 -0.614852 -1 -0.778701 0.601367 -1 0.039631 0.100827 -0.966408 -0.272565 -0.424295 -0.792042 -0.354425 -0.941561 0.340665 -0.0992507 0.469538 0.616804 0.611724 -0.3912 -0.734988 0.137132 -0.965225 -0.797698 -0.275674 -0.0912986 -0.0157842 -0.746988 0.484221 0.691178 0.286251 -0.0391099 0.451241 0.62874 -1 -1 1 0.771759 -0.491775 0.694231 -0.941473 -0.291921 0.292827 0.724997 -1 0.114333 0.397832 -0.327437 0.367555 -0.503411 0.466343 -0.814978 0.463829 0.733112 0.211462 0.50711 -0.604047 -0.0280443 0.446479 -1 -0.83547 0.794762 -0.657637 0.110883 -0.218 -1 -0.718062 -0.112364 0.454673 0.416261 0.147893 -1 -0.00242603 -1 -0.0462298 -0.492879 0.140333 -0.822965 -0.509748 -0.355357 0.143035 0.142355 0.780185 -0.921729 0.620867 0.404834 -0.204488 -1 -0.71518 -0.194662 0.53748 0.718251 -0.928973 -0.726437 -0.226995 -1 -0.276125 0.751235 -0.116051 1 -1 -1 -0.693056 -1 0.383955 1 -0.123636 0.284829 0.639772 -1 -1 0.499033 0.524047 0.986442 0.256408 0.530929 0.705838 -1 
-0.0274128 -1 -0.331078 0.450754 -0.585381 0.711833 -1 0.730746 -0.448874 -1 -0.326432 0.536344 -0.0667747 -0.459307 -0.132987 -0.99561 0.529746 -0.979443 -0.656503 0.637091 0.432547 -0.264283 -0.374275 -0.856065 0.0731917 -0.00789127 0.574776 -0.615968 -0.789016 -0.123262 -0.951244 0.528179 -0.819129 -0.657261 0.474814 0.373264 -1 -0.315947 -0.454519 -1 0.751463 -1 -1 -1 -0.921971 0.0414157 -0.795281 -0.252853 -0.73532 0.791672 0.77237 0.383087 0.0460807 -0.346279 -1 -0.562924 -1 -0.717947 -1 -0.574303 0.00615826 -0.319794 0.244882 0.100199 -1 -0.178715 -0.802221 -0.0208567 -0.836352 -0.603581 -0.481801 -0.671695 0.0805283 1 -1 -1 -1 -1 0.0532091 -0.491195 0.951784 -0.796096 -1 -0.114838 -0.0314812 -0.269335 -0.852078 -1 -1 0.811083 0.23348 -1 -0.151373 -0.422992 -1 0.971173 0.151111 0.776699 1 -0.69581 0.758709 0.907737 0.345004 -1 -1 -0.0826267 0.194989 -0.102833 0.0466092 -0.901745 0.694075 0.221332 0.518771 -1 0.765629 0.376604 -1 -0.428194 -1 0.552047 -0.608258 -1 
-0.625844 -0.389105 -1 0.956148 0.448308 -1 -0.510348 -1 -1 0.764511 -0.443408 -0.85279 -0.640078 0.177581 -0.250791 -0.526156 -0.815393 -1 -1 -1 -0.94497 -1 -0.827603 -1 -1 -1 0.628134 1 -1 0.0184994 -0.606581 -0.576278 0.0961185 -1 -0.320912 -1 -1 0.333005 -0.279538 -0.204406 0.0482527 -1 -0.778059 -0.677656 0.258878 -1 -0.867979 0.519832 -0.426469 0.054105 1 0.256776 0.23356 0.337827 -1 -1 0.41821 -0.642971 -1 -1 -1 -0.942345 -1 0.896387 -0.604605 0.0370958 -0.0145059 -0.40848 0.128559 -0.501015 -1 -0.904119 -0.299669 -0.653155 -1 -0.998184 -0.0901304 -0.852441 -0.267744 0.317188 -0.678409 0.137367 -1 -0.125597 -0.744284 0.90252 -1 0.276111 1 0.939784 -0.413303 -0.888197 -0.703881 -0.629225 0.224311 0.245772 -0.477896 -0.413596 -1 -0.0201367 -1 -0.19513 0.11146 0.362827 -0.982201 -0.513925 -0.372351 -1 -1 -1 -0.384647 0.976281 -0.721657 -0.766225 -0.299745 -0.684177 1 -1 0.341112 -0.58212 -1 -1 
0.920945 -0.341355 0.0692241 -0.135328 -0.182332 0.779493 0.0470278 0.04977 -0.859529 -0.858423 -0.503894 0.396765 -0.309665 -0.55824 0.778198 0.306564 0.654586 -0.395274 0.0432067 -0.28134 -0.636146 -0.286243 0.767097 0.758474 -0.709878 0.955718 0.00250277 -0.763737 0.561065 0.675076 -1 -0.555328 -0.474442 0.256041 0.271714 0.158643 0.821765 -1 -0.701036 0.943652 0.0411587 1 -0.452096 -1 0.0896591 -0.899896 -0.0830883 0.189981 0.382084 -0.346615 0.439658 -0.898145 0.739396 0.431009 0.272005 -1 0.110537 -0.246354 0.82352 -0.709924 -0.403087 -0.208764 0.408394 -0.654554 0.802611 -0.131778 0.416586 0.0838151 -0.804906 -0.582654 0.482229 -0.892629 -0.740506 0.303903 -0.00515473 0.307146 -0.768582 -0.841176 -0.378824 -1 0.698734 0.0789788 -0.300763 0.252103 0.392191 -0.317357 0.987328 -0.0433851 0.719938 -0.546591 -0.576177 -0.709133 -0.534068 0.212835 0.752136 -0.296201 0.0359261 0.443251 0.338687 -0.276917 0.717009 -0.750901 -0.227287 -0.433696 -0.414145 -0.672075 0.96282 0.546351 0.645885 0.436387 -0.947812 -0.33324 0.699101 -0.0537108 -0.27248 -0.190575 -0.636546 -0.883464 -1 0.271091 -0.768477 -0.0112564 
-1 -0.00858799 -1 0.956148 0.469496 -1 -0.308635 -0.937292 -0.9709 0.467891 -0.443408 -0.690451 0.0193411 -0.253158 -0.250791 -0.48464 -0.332381 -1 -1 -1 -0.5857 -1 0.210307 -0.452873 -1 -0.928248 0.628134 1 -1 0.0184994 -0.880823 -1 0.167668 -0.715165 -1 -1 -1 -0.107986 -1 -0.204406 0.0482527 -1 -0.303668 -1 0.063386 -1 -1 1 -0.311248 -0.836274 0.463325 -0.559169 -0.14736 0.927177 -1 -1 0.0043155 -0.642971 -1 -1 -0.809094 -1 -1 0.895347 -0.94573 -0.960685 -0.690028 -0.40848 0.307509 -1 -1 -0.904119 -0.977141 -0.653155 -1 -0.998184 0.175629 -0.778646 -0.493633 -0.681736 -0.895991 -1 -0.565163 -0.799395 -0.322434 0.695788 -1 0.449233 0.551471 -0.538448 -0.413303 -1 -0.923854 -0.629225 -0.299604 0.2292 -0.650328 -0.113927 -0.916869 -1 -1 -0.313557 0.11146 -0.0630253 -1 -0.903784 -0.372351 -0.740703 -1 -1 -1 0.976281 -1 -1 -0.430027 -0.962284 0.948208 -1 0.595215 -0.58212 -0.824317 -1 
-1 -0.166067 -1 -1 -0.614619 -0.857782 -0.510112 -0.072207 -1 -1 -0.0196334 -0.818052 -1 -1 -1 -0.396858 0.12659 0.359956 1 -1 -0.418758 0.188363 0.289576 -0.35769 0.785464 0.317829 0.142206 -0.866054 0.00234497 -0.539759 -0.680278 0.0652542 -1 -0.393329 -0.0385609 -0.260873 -0.768514 -1 -0.719959 -1 -0.588258 -1 -0.11288 -1 0.226378 0.103719 -1 -1 -1 -1 -0.94362 -0.811241 -1 -1 -0.743229 -0.536173 -1 -0.545482 -0.913931 -0.683663 -1 0.0482684 -0.556393 -0.179308 -0.922149 -1 -0.15961 -1 -1 -0.598877 -0.772895 0.219502 -1 -0.747035 0.222543 -0.65291 0.230979 -1 -1 0.0651278 -1 -1 -1 0.51173 -1 -0.641286 0.255198 -1 0.306099 -1 -0.695107 -1 -0.629386 -1 -0.122012 -1 -1 -0.642889 0.134156 -0.51959 0.0827176 -1 -0.63769 1 -1 -0.632419 -0.390468 -1 -1 -0.737778 0.408526 -1 -0.329594 -0.486912 -1 -0.615148 -1 -0.130924 0.779523 -1 0.130675 -0.845453 
-0.638896 -0.705585 -0.082829 -0.0186362 0.630455 -1 -0.697003 -0.250361 0.000883222 -0.282405 0.032365 -1 -0.00583076 0.0945101 -0.664096 -0.878566 0.0750116 -0.317479 0.619196 -0.999643 0.186789 -0.338301 -0.866819 -0.208362 0.24407 0.499567 -0.101328 -0.333912 -0.985115 0.856636 -0.299411 0.40235 -0.180933 -1 -1 0.378266 0.515705 -0.0987461 -0.983237 0.149844 -0.633056 -0.427064 -0.458836 0.394884 -1 0.367182 -1 -0.182337 -0.866024 -0.0553904 -0.614867 -0.558248 -0.531222 0.299622 -0.25267 -0.0510738 -0.369917 -0.258622 0.93972 0.397828 0.316835 0.0802507 -1 0.358359 0.664549 -0.163071 -0.662319 0.738659 0.688959 -0.281957 0.235762 -1 -0.385177 0.708497 -0.0953887 -0.211973 0.422003 -0.0478254 -0.456738 -1 0.855057 0.561919 -0.779665 -0.438543 0.756341 0.834507 -0.885744 0.197834 0.118431 -0.787735 -0.73852 0.0404915 -0.357854 0.381351 -0.820272 0.001315 0.306971 -1 -0.108975 0.0427289 -0.473184 -0.909993 0.533898 0.186857 0.314179 -0.180673 0.718091 0.528104 0.642502 -0.46317 -0.761398 -0.0627635 0.415294 -0.225559 0.593895 0.75935 -0.876684 -0.528269 0.13203 -0.743917 0.125686 0.31592 
-1 -0.389105 -1 0.956148 0.469496 -1 -0.293812 -1 -1 1 -0.443408 -0.908078 0.0193411 -0.316399 -0.250791 -0.526156 -0.332381 -1 -1 -1 -0.5857 -1 0.210307 -0.452873 -1 -0.928248 0.628134 1 -1 0.0184994 -0.833117 -0.77243 0.167668 -1 -1 -1 -1 -0.107986 -0.72372 -0.204406 0.0482527 -1 -0.229218 -1 0.258878 -1 -1 0.841118 -0.311248 -0.600136 0.869495 0.503693 0.23356 0.797987 -1 -1 0.41821 -0.642971 -1 -0.903315 -1 -0.942345 -1 1 -0.604605 -0.960685 -0.270482 -0.40848 0.44796 -0.969333 -1 -0.904119 -0.299669 -0.653155 -1 -0.998184 0.747978 -0.778646 -0.267744 -0.681736 -0.678409 -1 -0.285387 -0.125597 -0.0290236 0.90252 -1 0.449233 0.206789 -0.538448 -0.413303 -0.888197 -0.471801 -0.629225 0.224311 0.2292 -0.650328 -0.413596 -1 -0.580589 -1 -0.465691 0.11146 0.160887 -1 -0.527735 -0.372351 -0.907887 -1 -1 -0.0558856 0.976281 -1 -1 -0.430027 -0.962284 1 -1 0.216202 -0.58212 -1 -1 
-0.751541 -0.812228 -1 -1 -0.614619 -0.857782 -0.510112 -0.072207 -1 -1 -0.834505 -0.818052 -1 -1 -1 -0.396858 0.412279 0.359956 0.547631 -1 -0.418758 0.188363 0.289576 -0.35769 -0.0340811 0.317829 0.142206 -0.866054 0.00234497 -0.539759 -0.680278 -0.765143 -1 -0.393329 -0.0385609 -0.260873 -0.768514 -1 -0.719959 -1 -1 -0.976154 -0.11288 -1 -0.37863 -0.584933 -1 -1 -1 -1 -0.94362 -1 -1 -1 -0.743229 -0.536173 -1 -0.545482 -1 -0.683663 -1 0.0482684 -0.556393 -0.179308 -1 -1 -1 -1 -1 -0.598877 -0.772895 0.219502 -1 -0.747035 0.222543 -0.65291 0.230979 -1 -1 0.0651278 -0.765626 -1 -1 0.348175 -0.975245 -1 0.255198 -1 0.306099 -1 -0.695107 -1 -0.629386 -1 -0.122012 -1 -1 -0.642889 0.169814 -1 0.0827176 -1 -0.63769 0.668447 -0.8642 -0.632419 -0.390468 -1 -1 -0.737778 0.408526 -1 -0.329594 -0.173838 -1 -0.615148 -0.672055 -0.130924 0.779523 -1 0.130675 -0.845453 
-0.644812 -0.641546 -0.237005 0.671184 -0.179916 -0.614852 -0.47811 -0.656056 0.423932 -0.985101 0.286747 -0.0930791 -0.966408 -0.592889 -0.399316 -1 -0.424457 0.133306 -0.518885 -1 0.581865 0.324477 0.611724 -0.3912 -0.734988 0.137132 -0.965225 -0.690204 -0.275674 -0.561251 0.135889 -0.80156 0.933875 0.313322 1 -1 0.210823 0.62874 -1 -0.705777 1 0.771759 -0.491775 0.383408 -1 0.89932 0.408991 0.801427 -1 -0.714514 0.397832 -0.0484866 -0.208387 -1 -0.300911 -1 0.463829 0.505348 1 0.50711 -1 -0.0280443 -0.0752968 -0.208897 -0.636366 0.794762 -0.657637 -0.593235 -0.218 -0.388368 -1 0.0574765 0.454673 0.416261 0.147893 -0.60089 -0.00242603 -1 0.244917 -0.492879 0.140333 -0.242443 -0.387783 0.560481 0.105282 -0.678252 0.249885 -0.121031 0.981718 0.404834 -0.0513869 -1 -0.71518 -0.194662 0.53748 0.412907 -0.0658249 -0.721708 -0.226995 -0.536414 -0.537782 0.594323 -0.116051 -0.392169 -1 0.27444 -0.25895 -0.852028 0.348951 0.900623 -0.123636 0.224667 0.639772 -0.952696 -0.274533 0.0458328 0.524047 0.986442 -0.650457 0.572083 0.119801 -0.249524 
-0.47411 -1 -0.133967 -0.0264867 0.709425 -1 -0.0170786 -0.072207 -0.253219 -0.682027 0.464995 -1 -1 -0.770008 -1 0.310669 -0.922971 -0.709383 0.750467 0.164581 -0.225104 -0.188063 0.289576 0.00359856 -0.651136 0.758054 -0.391672 -1 -0.320667 -0.845702 -0.870297 -0.0965326 -0.619046 -1 -0.728289 -0.925148 -0.727519 0.168027 -1 -0.806116 -1 -1 -0.505842 -1 -0.261361 0.885083 -1 -0.683838 -0.410162 -1 -0.868381 -0.208191 -0.522347 -1 -0.743229 -0.00789616 -0.719814 0.696449 -0.502361 -0.0379931 -1 -0.348171 0.743972 -1 0.185357 -1 0.155505 -0.274124 -1 0.000388145 -0.772895 0.219502 -1 -0.165917 0.303671 -1 0.884825 -0.67586 -1 0.055868 -1 0.618694 -0.749 -1 0.324642 -1 0.306042 -0.25677 0.449684 -0.578716 -1 -1 0.161407 -1 0.158712 -0.746095 -1 -0.828422 0.291892 0.190466 -1 -0.299139 -1 -0.934149 -0.87414 0.429285 0.57391 -0.925382 -1 -1 0.695896 -0.340339 -0.595471 -1 -1 -0.208068 -0.759481 -0.354515 0.712419 -1 1 -1 
-1 -0.166067 -0.866534 -1 -0.614619 -0.857782 -0.0170786 -0.072207 -1 -1 -0.0196334 -1 -1 -1 -1 -0.396858 0.12659 0.359956 1 -1 -0.711552 0.188363 0.289576 -0.35769 0.785464 0.676337 0.142206 -0.866054 0.00234497 -0.539759 -0.680278 0.0652542 -0.118637 -0.110656 -0.0385609 -0.260873 -0.904132 -1 -0.55564 -1 -0.588258 -1 -0.11288 -1 0.226378 0.103719 -1 -1 -0.586024 -1 -1 -0.811241 -1 -1 -0.743229 -0.15318 -1 -0.545482 -0.913931 -0.683663 -1 0.304511 -0.556393 -0.179308 -1 -1 -0.15961 -1 -1 -0.598877 -0.772895 0.219502 -1 -0.747035 0.222543 -0.65291 0.230979 -1 -1 0.0651278 -1 -1 -1 0.51173 0.0461414 0.130977 0.255198 -1 0.306099 -1 -0.262068 -1 -0.629386 -1 -0.118655 -0.925484 -1 -0.642889 0.134156 -0.51959 0.321137 -1 -0.63769 1 -1 -0.632419 -0.390468 -0.234628 -1 -1 0.408526 -1 -0.329594 -0.486912 -1 -0.615148 -1 -0.130924 0.779523 -1 0.130675 -0.845453 
-1 -0.166067 -0.866534 -1 -0.614619 -0.857782 -0.0170786 -0.072207 -1 -1 0.25544 -1 -1 -0.651799 -1 -0.396858 0.12659 0.359956 1 -1 -0.711552 0.188363 0.0883866 -0.591847 0.573999 0.676337 0.375515 -0.866054 0.00234497 -0.539759 -0.680278 0.0652542 -0.118637 0.288011 -0.0385609 -0.260873 -0.942994 -1 -0.55564 -1 -0.588258 -1 -0.11288 -1 0.226378 0.103719 -1 -1 -0.586024 -1 -1 -1 -1 -1 -0.658241 -0.15318 -1 -0.545482 -0.805751 -0.835824 -1 0.304511 -0.13875 -0.179308 -1 -1 -0.15961 -1 -1 -0.598877 -0.772895 0.219502 -1 -0.747035 0.222543 -0.65291 0.270651 -1 -1 -0.211977 -1 -1 -1 0.51173 0.0461414 -0.124761 0.636113 -1 0.306099 -1 -0.262068 -1 -0.629386 -1 -0.118655 -1 -0.190769 0.547221 0.134156 -0.51959 0.321137 -1 -0.63769 1 -1 0.401362 -0.390468 -0.234628 -1 -1 0.794364 -1 -0.329594 -0.486912 -1 -0.615148 -1 0.4315 0.620424 -1 0.61309 -0.845453 
-0.612062 -1 -0.133967 -0.961729 0.709425 -0.958457 -0.0170786 -0.072207 -0.253219 -1 0.464995 -1 -1 -0.770008 -1 0.310669 -0.131403 -0.709383 0.655846 0.176544 -0.841815 -1 0.289576 0.00359856 -0.374483 0.758054 -0.391672 -0.677968 -0.320667 -0.845702 -0.276937 -0.279892 -0.619046 0.16379 -0.0629802 -0.925148 -1 0.168027 -1 -1 -1 -1 -0.505842 -1 -0.207734 0.905268 -1 -0.683838 -0.410162 -1 -1 -0.169441 -0.522347 -0.0772746 -1 -0.00789616 0.0551342 0.320642 0.223768 0.286518 -1 0.294561 -0.497056 -1 0.0118754 -1 0.298284 -0.42824 -1 0.000388145 -0.772895 -0.176929 -0.716815 -0.165917 0.303671 -1 0.884825 -1 -1 0.055868 -1 0.618694 -0.749 -1 0.324642 -1 -0.0279319 0.015264 0.449684 -0.578716 -0.733649 -1 -0.191408 -0.800314 0.158712 -0.600296 -0.499796 -0.602614 -0.81969 0.593217 0.0686626 0.0313551 -1 0.025756 -0.87414 0.401362 0.921704 -1 -1 -0.359184 0.375189 -0.340339 -0.595471 -0.222238 -1 -0.833353 -1 -0.118172 0.779523 -0.91072 0.186432 -1 
-1 -1 -0.866534 -1 -0.614619 -0.857782 -0.0170786 -0.195555 -1 -1 0.25544 -1 -1 -0.651799 -1 -1 0.12659 0.359956 0.733434 -1 -0.45826 -0.922764 0.289576 -0.35769 0.573999 0.676337 0.142206 -0.866054 0.00234497 -0.539759 -0.680278 0.0652542 -0.118637 0.288011 -0.0385609 -0.260873 -1 -1 -0.55564 -1 -0.588258 -1 -0.11288 -1 0.226378 0.103719 -0.823142 -1 -0.586024 -1 -1 -0.65004 -1 -1 -0.743229 -0.15318 -1 -0.545482 -0.913931 -1 -1 0.0952364 -0.13875 -0.179308 -1 -0.883686 -0.15961 -1 -1 -0.598877 -0.772895 0.219502 -1 -0.747035 0.222543 -0.65291 0.230979 -1 -1 0.0651278 -1 -0.606423 -1 0.51173 0.0461414 -0.124761 0.636113 -1 0.306099 -1 -0.262068 -1 -0.750096 -1 -0.86786 -1 -0.190769 0.0661781 0.134156 -0.51959 0.321137 -1 -0.63769 1 -1 0.401362 -0.390468 0.114266 -1 -1 0.794364 -0.811195 -0.329594 -0.486912 -1 -0.615148 -1 -0.0774904 0.779523 -1 0.61309 -0.845453 
-0.7715 -0.389105 -0.889006 0.956148 0.469496 -1 -0.510348 -1 -1 0.298036 -0.324498 -1 0.0193411 0.177581 -0.250791 -1 -0.332381 -1 -1 -1 -0.5857 -1 0.210307 -0.395408 -1 -1 0.907157 1 -1 -0.0723259 -0.606581 -0.756484 0.170954 -1 -0.304388 -1 -1 0.333005 -1 -0.204406 0.0482527 -1 -0.229218 -0.677656 -0.320492 -1 -0.63358 0.519832 -0.51913 0.584619 -0.117391 0.956547 0.23356 0.521993 -1 -1 -0.206532 -1 -1 -0.903315 -1 -1 -1 0.294213 -0.604605 0.0370958 -0.270482 -0.40848 0.762172 -0.501015 -1 -1 -0.299669 -0.816164 -1 -0.998184 0.528065 -0.778646 -1 0.328126 -0.678409 0.137367 -0.285387 0.00698188 -0.0290236 0.494505 -1 0.276111 0.957626 0.939784 -0.413303 -1 -1 -0.629225 0.224311 -0.912987 -0.477896 -1 -0.721961 -0.277137 -1 -0.19513 0.11146 0.160887 -1 -1 -0.372351 -1 -1 -1 -0.0558856 0.976281 -0.767391 -0.766225 -0.333484 -0.582394 0.485524 -1 0.385205 -0.58212 -1 -0.991133 
-1 -0.0663204 -0.866534 -1 -0.614619 -0.857782 -0.663065 -0.072207 -1 -1 0.357445 -1 -1 -0.651799 -1 -0.396858 0.12659 0.359956 1 -1 -0.711552 0.362051 0.289576 -0.35769 0.573999 0.676337 0.142206 -0.866054 0.00234497 -0.539759 -0.680278 0.0652542 -0.99687 0.288011 -0.0385609 -0.260873 -0.904132 -1 -0.55564 -1 -0.588258 -1 -0.216099 -1 0.226378 0.103719 -0.823142 -1 -0.586024 -1 -1 -1 -1 -1 -0.568174 -0.15318 -1 -1 -0.913931 -1 -1 0.304511 -0.13875 -1 -1 -1 -0.15961 -1 -1 -0.598877 -0.772895 0.219502 -1 -0.747035 0.26252 -0.65291 0.230979 -1 -1 -0.489783 -1 -0.876692 -1 0.51173 0.0461414 -0.124761 0.636113 -1 0.306099 -1 -0.262068 -1 -0.259573 -1 -0.118655 -1 -0.304859 0.547221 0.134156 -0.671412 0.321137 -1 -0.63769 1 -1 0.544625 -0.390468 -0.234628 -1 -0.362923 -0.0113556 -1 -0.329594 -0.486912 -1 -0.40726 -1 0.4315 0.779523 -1 0.687016 -0.845453 
-0.7715 -0.389105 -1 0.956148 0.252526 -1 -0.510348 -1 -1 0.764511 -0.443408 -0.763822 0.0193411 0.177581 -0.250791 -0.526156 -0.332381 -1 -1 -1 -0.5857 -1 0.210307 -0.395408 -1 -1 0.628134 1 -1 0.0184994 -0.606581 -0.465805 0.0961185 -1 -0.304388 -1 -1 0.333005 -0.279538 -0.204406 0.0482527 -1 -0.229218 -0.677656 0.258878 -1 -0.867979 0.519832 -0.334304 0.584619 0.869495 0.873934 0.148353 0.797987 -1 -1 0.41821 -0.642971 -1 -0.903315 -1 -0.982514 -1 0.896387 -0.604605 0.0370958 -0.270482 -0.40848 0.762172 -0.501015 -1 -0.904119 -0.299669 -0.653155 -1 -0.998184 0.528065 -0.778646 -0.267744 0.317188 -0.678409 0.137367 -0.285387 -0.202065 -0.217014 0.90252 -1 0.276111 0.957626 0.939784 -0.413303 -0.888197 -0.703881 -0.629225 0.224311 0.245772 -0.477896 -0.413596 -0.721961 -0.224089 -1 -0.19513 0.11146 0.160887 -0.982201 -0.513925 -0.372351 -0.907887 -1 -1 -0.0558856 0.976281 -0.721657 -0.766225 -0.380773 -0.684295 1 -1 0.341112 -0.58212 -1 -0.311009 
-1 -0.998912 -0.821129 -0.0264867 -0.170397 -1 -0.0170786 -0.623375 -1 -1 0.743711 -1 -1 -0.603018 -1 0.310669 -0.591538 -1 0.986558 -0.614544 -0.841815 -0.909769 0.289576 0.328615 -1 0.859939 -1 -1 -1 -0.741101 -0.0642315 -1 -0.401033 0.342577 -0.189392 -1 -1 0.168027 -1 -1 -0.923997 -1 -0.495938 -1 -1 0.905268 -1 -0.683838 -1 -1 -1 -0.169441 -0.522347 -0.474322 -0.743229 -0.00789616 0.0551342 -0.823468 -0.678703 -1 -1 -0.318406 -1 -1 0.0081141 -1 0.298284 -0.42824 -1 0.000388145 -0.772895 -0.215817 -1 -0.165917 0.303671 -1 0.164702 -1 -1 0.055868 -1 -0.0731424 -1 -1 0.453736 -1 0.386049 0.015264 0.449684 -0.578716 -1 -1 -0.191408 -0.800314 -0.16864 -0.746095 -0.896183 -1 0.134156 1 0.0686626 0.0313551 -1 0.227651 -1 0.401362 0.467022 -0.86526 -0.553997 -0.395829 -0.0310361 -0.340339 -1 -1 -1 -1 -1 0.250087 0.265858 -1 0.101262 -1 
