-1 1 0.415542 -0.397579 -1 -0.258008 -0.304278 1 -1 0.805834 -1 -0.679227 0.913479 -0.560832 -0.839436 -0.634865 0.130275 0.539676 -0.210476 -0.210644 0.420949 0.325854 0.844655 1 0.273763 -0.709317 0.533405 -0.946582 -0.758556 0.0192109 0.359116 0.96653 -0.422269 0.80435 -0.591354 -1 -0.0305507 -0.6919 0.315039 0.2778 -0.548338 0.69378 0.585242 -0.633936 -0.682478 0.606259 -1 -0.0908163 -0.720841 0.424961 -0.144555 0.0550704 -0.0794658 -1 -0.771643 0.0361133 -1 -0.0656697 -0.0429716 -0.45914 -1 -0.532887 0.0873836 -1 0.312289 0.549157 0.579314 0.622714 -1 0.0689049 -1 -0.835533 -1 -0.886163 -0.377812 0.491971 -0.646562 -0.308943 0.415345 0.336987 -0.683958 -1 -0.813477 -0.661651 0.0269209 0.492711 -0.271896 0.56382 -0.159993 0.011796 -0.377646 0.198724 0.16854 0.154139 -1 0.676956 -0.836656 -0.537891 0.810879 -0.189726 0.494944 -0.368581 -0.949708 0.171968 0.652147 -0.194798 -0.875031 -0.304473 -1 0.715728 0.079709 -0.460657 -0.877989 0.992279 0.981144 0.664606 -0.0277821 -1 0.883403 0.764384 -0.331766 -0.634887 -0.579302 -0.0117431 -0.833478 -1 0.89693 0.29957 0.641025 -0.108577 -1 -0.756505 -0.303558 0.614577 0.382566 0.0443822 -1 0.0461934 
-0.812077 1 -0.835086 0.00489932 -1 -0.40092 -1 -1 -1 -0.0135775 -1 -1 -1 -0.211138 -1 -1 -1 -0.279397 -1 -0.401804 -0.032834 -0.0110354 -0.265602 0.458553 -1 -0.578515 -0.390513 -1 -1 -0.0219392 -0.750174 -1 -1 -1 -1 -1 -0.667191 -1 -0.544424 -0.781068 -1 -1 -1 -1 -0.667607 -0.0487531 -0.982155 0.099891 -0.888277 -1 -0.859188 -1 -1 -1 -0.33824 -1 -0.838781 -1 -1 -1 -1 -1 -1 -1 -1 -0.110019 0.161517 -1 -1 -1 -0.814849 -1 -0.982893 -0.921814 -0.98271 -1 -0.838735 -1 -1 -1 -1 -1 -1 -1 -0.783553 -1 -1 -1 -1 -0.136296 -1 -1 -1 -1 -0.660556 -1 -1 -0.691277 -0.986789 -0.75252 -0.433746 -1 -1 -0.642057 0.402237 -0.746429 -1 -1 -0.764928 0.114656 -0.283606 -0.522131 -0.406268 -1 1 -0.75733 -1 -1 1 -0.816499 -0.851945 -1 -1 -0.243517 -1 -0.849158 -1 -0.327406 -0.870818 -1 -0.305781 -1 -1 0.267966 -0.00188735 0.334269 -1 -0.800091 
-1 -0.805344 -0.463233 -1 -0.910419 -1 -0.935645 -0.359432 -1 -0.254448 -1 -1 0.799607 -1 -0.645864 -0.648625 -1 0.323188 -0.451761 -0.797616 0.207401 -0.0429033 -0.256568 -0.534243 -0.449852 -0.859702 0.284061 -1 -1 -0.271758 0.664976 -0.522977 -1 -0.820954 -1 -0.602716 -0.0305507 -0.904873 0.149108 -1 -1 0.708005 -1 -1 -1 0.81811 -1 -1 -0.726277 0.446596 0.145936 -1 -0.671145 -0.951124 -1 -1 -1 -1 -1 -1 -0.72103 -1 -1 -0.932788 0.49361 -0.785789 -0.706076 -1 -1 -0.534327 -0.756836 -0.871023 -1 -1 -1 0.0691411 -1 -0.267471 0.517988 -0.536184 -0.997584 -1 -1 -1 -0.0781709 -1 -1 -1 -0.720656 -0.601524 -1 0.120893 -1 -0.767174 -1 0.0807721 -1 -0.934979 -0.749103 -0.458862 -1 -1 -1 0.200572 0.069043 -0.616187 -0.83437 -1 -1 0.804853 0.354975 -0.82312 -1 -1 -1 0.0399079 -0.762153 -0.74498 0.688712 0.160902 -0.61167 -1 -1 -0.0502169 -1 -0.872605 0.688856 -0.324287 -0.354303 -0.980905 -1 -1 -0.705912 0.0386493 -0.405725 -0.613292 -1 -1 
-1 1 -0.835086 -0.532459 -0.828303 -0.699153 -1 -1 -1 -0.080632 -1 -1 -1 -0.121499 -1 -1 -1 -0.983169 -1 -1 -0.0206822 -0.0110354 -0.265602 1 -1 -0.578515 -1 -0.732801 -1 -1 -0.750174 -0.803849 -1 -1 -1 -1 -0.667191 -1 -1 -1 -0.803594 -1 -1 -1 -0.667607 0.68112 -0.877261 0.179365 -0.888277 -0.8082 -0.859188 -1 -1 -1 -0.33824 -1 -0.838781 -1 -1 -1 -1 -0.88506 -1 -0.919093 -1 -0.110019 0.168529 -0.942563 -1 -1 -0.814849 -1 -0.982893 -0.875135 -1 -1 -1 -1 -1 -1 -1 -1 -1 -1 -0.783553 -0.822303 -0.422013 -0.561045 -1 -1 -1 -1 -1 -1 -0.660556 -0.699969 -1 -1 -0.986789 -0.804306 -0.921737 -0.699043 -0.985762 -0.642057 -0.780993 -0.846491 -1 -1 -0.700567 0.0285864 -0.187381 -1 -0.406268 -0.858887 1 -0.669134 -1 -1 0.517872 -0.455785 -0.851945 -1 -0.987775 -1 -1 -0.925896 -1 -0.327406 -1 -0.729132 -1 -1 -1 0.470732 -1 0.334269 -1 -0.800091 
-0.6281 -1 0.444909 -1 -1 -1 -0.740918 -0.354267 -1 0.744087 -0.82738 -1 0.767161 -1 -1 -0.648625 -0.657088 0.803332 -0.496913 -0.170269 0.55623 -0.0110354 0.932242 -0.0475737 -0.713499 -1 0.533405 -1 -1 -0.184065 0.782526 0.241235 -0.875801 -0.546332 -0.857305 -1 -0.0305507 -0.904873 0.0993516 -0.805542 -1 0.409524 -1 -1 -1 0.676195 -1 -1 -0.586119 0.446596 -0.95954 -1 -0.671145 -0.951124 -0.771643 -1 -1 -0.734085 -1 -1 -0.958103 -1 -0.322583 -1 0.49361 0.211358 -0.554377 -1 -1 -0.534327 -1 -1 -1 -1 -1 0.153309 -1 -0.644042 0.813452 -0.536184 -1 -0.910763 -1 -1 -0.953692 -0.671314 -0.730482 -0.724892 -1 -1 -1 0.120893 -1 -1 -1 -1 -1 -1 -0.929124 -0.855951 -1 -1 -1 0.200572 -0.616954 -0.996536 -0.960715 -1 -1 0.243091 0.354975 -1 -1 -0.789876 -1 0.0117023 -1 -0.843399 0.973897 -0.0647916 -0.803689 -1 -1 0.395403 -1 -1 0.578995 -0.974157 -0.551249 -1 -1 -1 -1 0.0386493 -0.13403 -0.613292 -1 -1 
-0.812077 1 -0.835086 0.00489932 -0.959468 -0.40092 -1 -0.828699 -1 -0.0135775 -1 -1 -1 -0.211138 -1 -1 -0.952285 -0.279397 -1 -0.272053 -0.032834 -0.0110354 -0.265602 0.479112 -1 -0.578515 -0.390513 -1 -1 -0.0219392 -0.750174 -1 -1 -0.842467 -1 -1 -0.667191 -1 -0.544424 -0.781068 -1 -1 -1 -1 -0.667607 -0.0487531 -0.982155 0.099891 -0.888277 -1 -0.859188 -1 -1 -1 -0.33824 -1 -0.838781 -1 -1 -1 -1 -0.775142 -1 -1 -1 -0.110019 0.161517 -1 -1 -1 -0.814849 -1 -0.982893 -0.921814 -1 -1 -1 -1 -1 -1 -1 -1 -1 -1 -0.783553 -1 -0.820216 -1 -1 -0.136296 -1 -1 -1 -1 -0.660556 -1 -1 -0.691277 -0.986789 -0.75252 -0.433746 -1 -1 -0.691046 0.402237 -0.746429 -1 -1 -0.764928 0.212569 -0.283606 -0.522131 -0.406268 -1 1 -0.75733 -1 -1 1 -0.654724 -0.705764 -1 -1 -0.243517 -1 -1 -1 -0.327406 -1 -1 -0.305781 -1 -1 0.267966 -0.00188735 0.334269 -1 -0.800091 
-1 1 -0.835086 0.00489932 -0.959468 -1 -0.669816 -1 -1 -0.583466 -1 -1 -1 -0.211138 -1 -0.776077 -1 -0.279397 -1 -1 -1 -0.0110354 -0.265602 0.843284 -1 -0.578515 -0.390513 -1 -1 -0.0219392 -0.750174 -1 -1 -1 -1 -0.777057 -0.667191 -1 -0.544424 -1 -1 -1 -1 -1 -1 0.330776 -1 0.099891 -1 -1 -0.859188 -1 -1 -1 -0.966352 -1 -1 -1 -1 -1 -1 -1 -0.686916 -1 -1 -0.110019 -0.80014 -1 -1 -1 -0.868409 -1 -0.81097 -0.875135 -1 -1 -1 -1 -1 -1 -1 -1 -1 -1 -0.488218 -1 -1 -1 -1 -0.136296 -1 -1 -1 -1 -0.816623 -1 -1 -1 -0.986789 -0.515521 -0.433746 -0.980116 -1 -0.479152 0.402237 -0.746429 -1 -1 -0.880208 0.333059 -1 -1 -0.406268 -1 1 -0.75733 -1 -1 1 -0.654724 -0.851945 -1 -1 -0.243517 -1 -1 -1 -0.196687 -1 -1 -0.272198 -1 -1 0.267966 -1 -0.0601597 -1 -0.800091 
-0.902195 1 0.177114 -0.386807 -1 -0.156222 -0.304278 1 -1 0.805834 -0.685279 -0.679227 -1 -0.560832 -0.629334 -0.634865 -0.0207537 0.122529 -0.658067 -1 0.228547 0.0792245 0.844655 1 -1 -1 0.533405 -1 -1 0.0192109 0.571639 0.832386 -0.422269 0.80435 -1 -1 -0.500035 -0.6919 0.0434676 0.2778 -1 0.417761 -1 -1 -0.284125 -1 -1 -1 -1 0.424961 -1 0.0550704 -0.870905 -1 -0.771643 -1 -1 -0.135974 -0.610326 -1 -1 -0.532887 0.241936 -0.500355 -0.233173 0.94059 0.579314 0.622714 -1 -0.805656 -1 -0.835533 -1 -1 -1 0.491971 -1 0.172027 0.415345 0.336987 -0.683958 -0.739834 -0.813477 -1 -0.503164 -0.471254 -0.286299 -0.130454 -0.615131 -0.513474 -0.886511 -0.379786 0.0767976 -0.769034 -1 -0.203875 -1 -0.845384 0.8229 -1 0.185172 -0.368581 -1 0.171968 0.652147 -0.201656 -1 0.0641228 -1 0.715728 -0.963581 -0.460657 -0.877989 0.992279 0.981144 0.664606 -0.240259 -1 -0.393093 -0.186069 -0.223815 -1 -1 -0.74229 -1 -1 0.89693 -0.0954864 0.409985 -0.233137 -1 -1 -0.303558 0.732645 0.382566 -0.817291 -1 -0.422393 
-1 -1 -0.305808 -0.407058 -1 -1 -1 -0.807509 -1 -0.696631 -0.835861 -0.872871 0.471949 -1 -1 -0.823238 -1 -0.829153 -1 -0.126195 -0.110079 0.315367 -0.773317 1 -0.992106 -0.644984 -0.60417 -1 -0.88657 -0.641183 0.148496 -1 -0.436934 -0.94968 -0.518613 -0.71944 0.319559 -1 -0.813649 -0.741009 -0.669266 -1 -0.929412 -1 -1 -0.200402 -1 -0.209915 -1 -1 -1 -1 -1 -0.81902 -0.643821 -1 -1 -1 -0.925272 -1 -0.999729 -1 -0.477799 -0.249785 -1 -0.37123 -0.488337 -1 -0.981868 -1 -1 -1 -1 -1 -1 -0.95291 -1 -1 -0.96334 -1 -0.796501 -1 -1 -1 -0.00474241 -1 -0.635018 -1 -1 -0.509868 -0.377646 -0.563949 -1 -0.774563 -0.841933 -1 -1 -1 -1 -1 -1 -1 -1 -0.0687192 -0.0446957 -1 -0.765952 -1 -1 -0.821854 -0.33525 -1 -0.42305 -1 -0.123792 -1 -0.641379 -1 1 -0.25835 -0.671994 -1 -1 -0.763574 -0.841756 -1 -0.912686 -1 -1 -1 -0.645593 -0.605063 -1 0.75715 0.400872 -0.163592 -1 -1 
-0.769322 1 -0.580453 -1 -0.661044 -0.410515 -0.535891 1 -1 0.445843 -0.935349 -0.602629 -1 -0.439112 -0.406811 -0.634865 0.3649 -0.105744 -0.721547 -1 -1 0.0824733 0.844655 0.943082 -1 -1 -0.388587 -1 -1 0.0192109 -0.568189 0.832386 -1 0.486061 -0.990325 -0.771401 -1 -0.336107 -1 0.0345027 -1 -0.559891 -0.628521 -1 -0.878186 -1 -0.717582 -1 -1 -0.176134 -1 -1 -1 -1 -1 -1 -1 -0.694136 -0.610326 -1 -1 -0.532887 -0.667115 -0.500355 -0.775022 -0.279725 0.579314 -0.484023 -1 -0.805656 -1 -1 -1 -1 -0.626385 0.491971 -1 -0.43667 -0.66863 0.336987 -0.518801 -0.739834 -1 -1 -1 -0.624628 -0.286299 -1 -1 -0.544902 -0.886511 -0.379786 -0.53407 -0.715291 -1 -0.451457 -1 -1 0.176449 -1 -0.296926 -0.776121 -1 -0.0581428 -0.47768 -0.289738 -0.995152 -0.0473451 -0.850508 1 -0.963581 -1 -0.977716 0.861471 0.981144 0.975028 -0.329486 -1 -0.603165 -1 -0.126393 -1 -1 -1 -1 -0.724116 0.89693 -0.292442 0.696901 -0.999534 -1 -1 -0.857186 0.131551 -0.0126176 -1 -0.690521 -0.422393 
-1 -1 -0.624855 -0.684126 -0.742523 -0.741051 -1 -1 -1 -1 -1 -1 -1 -1 0.606042 0.20694 -1 -1 0.29188 -0.839585 -1 -1 -0.548241 -1 -0.540071 -1 -0.47156 0.788112 0.258206 -0.153077 -1 -0.682114 -0.907358 -1 0.0298315 -1 -0.514166 -0.538467 -1 -0.81162 -1 -0.203511 -0.939324 -1 -0.826648 -1 -0.549383 -0.162102 -0.354382 -0.616902 -0.057957 0.170885 0.454219 -1 -1 -0.828363 -1 -1 -0.542484 -0.74099 0.196244 -0.709526 -1 0.763337 -1 -1 -1 -0.76244 -1 0.523564 -0.940426 -0.633222 0.650914 -0.578637 -0.948841 -1 -1 0.28849 -1 -0.00156206 -0.955312 -1 -0.131232 -1 0.0114413 -1 -0.361123 -0.807783 0.802902 0.952192 -0.942682 -0.148754 0.939014 -0.945086 -1 -1 -1 -1 -0.442631 0.363662 -1 -1 -1 -1 -0.62825 -0.462924 -0.235495 0.36851 -1 -0.658739 0.584256 0.148793 -0.668885 -1 -0.944567 -1 0.0181059 -1 0.720542 -0.634466 -0.760983 -1 -0.0808905 -0.647259 -1 1 -1 -0.307613 -1 -1 -0.906383 -0.416944 -1 -1 0.778792 0.000916868 -1 -0.0913642 
-1 0.974001 -0.835086 -0.434925 -0.959468 -0.40092 -1 -1 -1 -0.700914 -1 -0.740763 -0.763747 0.166685 -1 -0.631214 -0.652354 -1 -1 -1 -0.032834 -0.0110354 -0.265602 1 -1 -0.578515 -1 -1 -1 -0.190959 -0.390316 -1 -0.947222 -1 -1 -1 -1 -1 -0.676342 -0.311604 -0.95248 -1 -1 -1 -0.667607 0.330776 -0.982155 0.109659 -0.888277 -1 -0.859188 -1 -1 -1 -0.33824 -0.874802 -1 -1 -1 -1 -0.745568 -1 -1 -0.67777 -1 -0.110019 -0.804435 -1 -1 -0.863379 -0.86765 -1 -1 -0.875135 -1 -1 -1 -1 -0.667236 -1 -1 -1 -1 -1 -0.783553 -1 -0.820216 -1 -1 -0.136296 -1 -0.82258 -1 -0.705868 -1 -0.665426 -1 -0.639894 -0.986789 -0.804306 -0.675187 -1 -0.985762 -1 -0.442035 -0.519624 -1 -1 -0.880208 -1 -0.283606 -1 -1 -1 1 -1 -1 -1 1 -0.654724 -0.851945 -1 -0.601896 -0.243517 -1 -1 -1 -0.327406 -0.686167 -0.93079 -1 -0.879591 -0.816594 0.291154 -1 0.334269 -1 -0.800091 
-0.6281 -1 1 -1 -1 -1 -0.935645 -0.54737 -1 0.749349 -0.82738 -1 0.767161 -1 -1 -1 -1 0.0504376 -1 -0.137587 0.55623 0.00193325 1 -0.0475737 -1 -0.949865 0.932878 -0.886621 -1 -0.271758 0.664976 0.255001 -0.875801 -0.368708 -0.911001 -1 -0.0305507 -0.904873 -1 -0.805542 -1 0.409524 -1 -1 -1 0.676195 -1 -1 -0.621209 0.230652 -0.95954 -1 -0.46249 -0.889925 -0.771643 -1 -0.863096 -0.734085 -1 -1 -0.958103 -1 -0.473631 -1 0.418096 0.0929075 -1 -1 -1 -0.763815 -0.854753 -1 -1 -1 -1 -0.565427 -1 -0.644042 0.813452 -0.536184 -1 -1 -1 -1 -0.870284 -0.834621 -0.335729 -0.828525 -1 -1 -1 -0.947377 -1 -1 -1 -0.682835 -1 -0.990831 -1 -0.95124 -1 -1 -1 0.200572 -0.616954 -1 -1 -1 -1 0.243091 -1 -1 -1 -0.789876 -1 0.0399079 -1 -0.843399 -0.187796 -0.621428 -1 -1 -1 0.395403 -1 -1 0.578995 -1 -0.257091 -1 -1 -1 -0.240486 0.0386493 -0.13403 -0.613292 -1 -1 
-1 0.910961 -1 -0.887241 -1 -0.799466 -1 -0.779442 -1 -0.236584 -0.880586 -1 -1 -0.481854 -1 -1 -1 -0.955218 -1 -0.401804 0.163511 -1 -0.265602 1 -1 -0.811321 -0.405216 -1 -1 -0.0219392 -0.989311 -1 -1 -1 -0.731149 -0.774578 -1 -0.669746 -1 -1 -0.84892 -1 -1 -1 -1 0.319097 -0.628721 -1 -0.888277 -1 -0.859188 -0.925937 -1 -1 -1 -0.770092 -0.838781 -1 -1 -1 -0.926635 -0.775142 -0.477799 -1 -1 -0.381897 0.21126 -0.821773 -1 -1 -1 -1 -0.982893 -1 -1 -1 -1 -1 -0.681633 -0.622764 -1 -0.900991 -1 -1 -0.783553 -1 -0.815207 -1 -1 -1 -1 -1 -0.897858 -1 -1 -1 -1 -0.691277 -0.088216 -1 -1 -1 -1 -1 -0.225661 -0.667961 -1 -1 -1 0.688111 -0.850735 -1 -0.406268 -0.90522 1 -1 -1 -1 0.8896 0.476197 -0.774853 -1 -0.452953 -0.243517 -1 -1 -1 -0.703035 -1 -1 -0.796938 -1 -0.605566 0.267966 -0.113138 0.312973 -1 -0.800091 
-0.6281 -1 1 -1 -1 -1 -0.935645 -0.354267 -1 0.963357 -0.82738 -1 0.917873 -1 -1 -0.648625 -0.122708 0.803332 -0.496913 -0.170269 0.55623 -0.0110354 0.932242 0.177742 -0.060387 -0.954226 0.533405 -1 -1 -0.859986 0.664976 0.241235 -0.875801 -0.546332 -1 -1 -0.0305507 -0.750508 -0.10424 -0.805542 -1 0.308116 -0.808001 -1 -1 0.676195 -1 -1 -0.831886 0.446596 -0.824195 -1 -0.671145 -0.951124 -0.771643 -1 -1 -0.734085 -1 -1 -0.958103 -1 -0.322583 -1 0.808897 0.211358 -0.554377 -0.9406 -1 -0.534327 -1 -1 -0.934266 -1 -1 0.153309 -1 -1 0.813452 -0.536184 -1 -0.910763 -1 -1 -0.953692 -0.671314 -0.680444 -0.724892 -1 -1 -1 0.120893 -1 -1 -1 -0.678844 -1 -1 -0.929124 -0.855951 -1 -1 -1 -0.756536 -1 -1 -1 -1 -1 0.243091 0.354975 -1 -1 -1 -1 0.0399079 -1 -0.843399 0.973897 -0.0647916 -0.803689 -1 -1 0.395403 -1 -1 0.578995 -0.974157 -0.551249 -1 -1 -1 -0.52628 0.0386493 -0.13403 -0.613292 -0.938987 -0.836829 
-1 0.661589 -0.763866 -0.23643 -1 -1 -0.689268 -1 -0.900239 -1 -0.611812 -1 1 -1 -1 -0.967793 -0.641784 -0.628969 -1 -1 0.536524 0.300754 0.00357009 0.0175869 -0.729176 -1 -0.482085 -0.67641 -1 -0.746966 -0.127053 -0.234811 -1 -0.450916 -1 -1 -1 -0.709242 -0.30242 -1 -1 -0.918225 0.106222 -0.96986 -0.715508 -1 -1 -1 -0.844375 -0.994931 -0.596786 -0.708441 -0.88652 -0.971015 -0.971127 -1 -0.775477 -1 -0.736135 -1 -1 -1 -1 -1 -0.680391 -0.555437 0.591962 -1 -1 -1 -1 -0.370731 -1 -1 -1 -1 -0.587746 -1 -0.68827 -1 -1 -1 -0.6883 -1 -0.494376 -0.22487 -1 -0.47933 -1 -0.935682 -0.826384 -1 -1 -0.84318 -1 -1 -1 -0.350827 -0.376325 -1 -1 -1 -1 -0.965394 -0.424209 -1 -1 -0.0933882 -0.794942 -0.945145 -0.319565 -1 -1 -0.61493 0.98926 0.585949 -0.0277821 -0.472979 -0.0176761 -1 -0.980465 -0.748535 -1 -1 -1 -0.907048 -0.213696 -1 -0.961744 -0.439833 -0.970981 -0.607323 -1 0.614577 0.349583 -0.950068 -1 -0.821116 
-1 1 -0.835086 0.00489932 -0.959468 -0.40092 -1 -1 -1 -0.0135775 -1 -1 -1 -0.121499 -1 -1 -1 -0.279397 -1 -1 -0.032834 -0.0110354 -0.265602 1 -1 -0.578515 -0.390513 -1 -1 -0.550762 -0.750174 -1 -0.947222 -1 -1 -1 -0.667191 -1 -1 -0.63589 -1 -1 -1 -1 -0.667607 0.330776 -0.982155 0.0737967 -0.888277 -1 -0.859188 -1 -1 -1 -0.33824 -1 -0.838781 -1 -1 -1 -1 -1 -1 -0.919093 -1 -0.110019 0.161517 -1 -1 -1 -0.814849 -1 -0.982893 -0.875135 -1 -1 -1 -1 -1 -1 -1 -1 -1 -1 -0.783553 -1 -0.820216 -1 -1 -0.136296 -1 -1 -1 -1 -0.660556 -1 -1 -1 -0.986789 -0.804306 -0.433746 -1 -0.985762 -0.642057 0.402237 -0.746429 -1 -1 -0.880208 0.0285864 -0.283606 -1 -0.406268 -1 1 -0.75733 -1 -1 1 -0.654724 -0.851945 -1 -1 -0.243517 -1 -1 -1 -0.327406 -1 -1 -1 -1 -1 0.267966 -1 0.334269 -1 -0.800091 
-1 -0.163169 -1 -0.207757 -1 -0.433765 -1 -0.779442 -0.793426 -0.277057 -1 -1 -1 -0.481854 -1 -1 -1 -0.955218 -1 -0.217748 0.163511 -0.94825 -0.265602 1 -1 -0.811321 -0.405216 -1 -1 -0.0219392 -1 -1 -1 -1 -0.731149 -0.774578 -1 -0.741006 -1 -1 -0.84892 -1 -1 -1 -1 -0.0567095 -0.628721 -0.426561 -0.888277 -1 -0.859188 -0.925937 -1 -1 -1 -1 -1 -1 -1 -1 -0.926635 -0.775142 -0.477799 -1 -1 -0.381897 0.245597 -1 -1 -1 -0.591514 -0.981976 -0.982893 -1 -1 -1 -1 -1 -0.681633 -0.624585 -1 -1 -1 -1 -0.783553 -1 -0.974668 -1 -1 -1 -1 -1 -1 -1 -1 -1 -1 -0.691277 -0.088216 -0.796815 -0.744383 -1 -1 -0.292572 -0.445767 -0.667961 -1 -1 -0.875942 0.688111 -0.584036 -1 -0.406268 -0.90522 0.584537 -0.948802 -1 -1 0.8896 0.476197 -0.774853 -1 -0.452953 -0.243517 -0.679812 -0.737737 -1 -0.703035 -1 -0.803606 -1 -1 -0.605566 -0.560783 -0.113138 -0.404033 -1 -1 
-1 -0.805344 -0.463233 -1 -0.901451 -1 -0.693544 -0.359432 -1 0.0526919 -0.811735 -1 0.965117 -1 -1 -1 -0.482614 0.323188 -0.487942 -0.797616 0.559803 -0.0429033 -0.358829 -0.912695 -0.449852 -0.859702 -0.412878 -1 -1 -1 0.664976 -0.522977 -1 -1 -1 -0.836204 -1 -1 0.149108 -1 -1 0.477436 -1 -1 -0.82148 -0.0756955 -1 -1 -0.726277 -0.139835 0.501829 -1 -0.66133 -1 -1 -0.656392 -1 -0.734085 -1 -0.648085 -1 -1 -1 -0.932788 0.197152 -0.785789 -0.706076 -0.645888 -1 -0.534327 -1 -1 -1 -1 -1 -0.941175 -0.911171 -0.267471 -0.0969843 -0.780407 -1 -1 -1 -1 -0.0781709 -1 -1 -0.829797 -1 -0.304843 -0.840889 0.00237079 -1 -1 -1 -1 -1 -0.934979 -1 -0.458862 -1 -1 -1 0.200572 -0.911754 -0.271658 -1 -1 -1 0.0903234 0.354975 -1 -1 -1 -1 0.0399079 -1 -0.753792 0.360734 -0.0483592 -1 -1 -1 -0.0502169 -0.624704 -0.872605 0.688856 -0.324287 -1 -0.980905 -1 -0.976246 -0.705912 0.0386493 -0.405725 -0.630955 -1 -1 
-0.902195 0.431821 0.316645 -0.0362769 -1 -0.156222 -0.333776 1 -1 0.0133095 -0.685279 -0.679227 -1 -1 -0.629334 -1 -0.191071 0.122529 -0.658067 -1 0.313688 0.0792245 0.844655 0.36365 -1 -1 0.533405 -1 -1 0.0192109 -0.546203 0.0359267 -0.422269 0.80435 -1 -1 -0.500035 -0.6919 -0.909863 -1 -1 0.417761 -1 -1 -0.452049 -1 -1 -1 -1 0.424961 -1 0.0550704 -1 -1 -0.771643 -1 -1 -0.135974 -0.610326 -1 -1 -0.532887 -1 -0.284916 -0.233173 0.489976 0.295123 0.622714 -1 -1 -1 -1 -1 -1 -0.819136 -1 -1 0.448166 0.415345 0.126453 -0.891617 -0.67277 -1 -1 -0.503164 -1 -0.663217 0.198017 -1 -1 -0.953269 -0.528945 -0.903549 -0.749445 -1 -0.203875 -1 -1 -0.196821 -1 -0.397685 -1 -1 0.00363484 -0.0352905 -0.201656 -0.762834 0.0641228 -0.857568 1 -1 -0.460657 -1 0.672554 0.981144 0.664606 -0.718344 -0.729759 -0.393093 -0.894538 -0.223815 -0.776832 -1 -1 -1 -1 0.89693 0.213535 -0.27871 -0.233137 -1 -1 -0.582421 0.732645 0.382566 -1 -1 -1 
-0.812077 1 -0.835086 0.00489932 -0.959468 -0.40092 -1 -1 -1 -0.255198 -1 -1 -1 -0.211138 -1 -0.776077 -1 -0.279397 -1 -1 -0.032834 0.0184724 -0.265602 1 -1 -0.578515 -0.14867 -1 -1 -0.0219392 -1 -1 -1 -1 -1 -1 -0.667191 -1 -0.544424 -0.63589 -1 -1 -1 -1 -0.667607 0.330776 -1 0.099891 -0.888277 -1 -0.859188 -1 -1 -1 -0.33824 -1 -1 -1 -1 -1 -1 -1 -0.687576 -1 -1 -0.110019 0.393543 -1 -1 -1 -0.814849 -1 -0.982893 -0.875135 -1 -1 -1 -1 -1 -1 -1 -0.900552 -1 -0.702882 -0.783553 -1 -0.820216 -1 -1 -1 -1 -1 -1 -1 -0.816623 -1 -1 -1 -0.986789 -1 -0.433746 -1 -1 -0.642057 0.0244971 -0.746429 -1 -1 -0.880208 0.114656 -1 -0.654128 -0.406268 -1 1 -0.75733 -1 -1 0.377837 -0.654724 -0.530926 -1 -1 -0.243517 -1 -0.642941 -1 -0.327406 -1 -1 -0.305781 -1 -1 0.267966 -1 0.334269 -1 -0.800091 
-0.812077 0.798236 -0.835086 0.239512 -1 -0.888467 -1 -1 -1 -0.438473 -1 -1 -1 -0.211138 -1 -1 -1 -0.279397 -1 -0.401804 -0.032834 -0.0110354 -0.265602 0.756787 -1 -0.578515 -0.390513 -1 -1 -0.219169 -0.750174 -1 -1 -1 -1 -1 -0.667191 -1 -0.544424 -1 -1 -1 -1 -1 -0.667607 -0.0487531 -0.982155 0.099891 -0.888277 -1 -0.859188 -1 -0.892702 -1 -0.33824 -0.915287 -0.838781 -1 -1 -1 -1 -1 -1 -1 -1 -0.110019 -0.222278 -0.914666 -1 -1 -0.814849 -1 -1 -1 -1 -1 -1 -1 -1 -1 -1 -1 -1 -1 -0.783553 -1 -0.820216 -1 -1 -0.779681 -1 -1 -1 -1 -0.92883 -1 -1 -0.691277 -0.921725 -0.75252 -0.433746 -1 -1 -0.642057 0.14715 -0.746429 -1 -1 -0.764928 0.114656 -1 -0.522131 -0.406268 -1 1 -1 -1 -0.806923 1 -0.654724 -0.851945 -0.750342 -1 -0.243517 -1 -1 -1 -0.327406 -1 -1 -1 -1 -1 0.267966 -0.00188735 0.279247 -1 -0.800091 
-0.974881 0.910961 -1 -0.207757 -1 -0.731461 -0.834301 -1 -1 -0.0135775 -1 -0.660701 -1 -1 -1 -1 -1 0.396991 -1 -0.866805 -0.382868 -0.0242172 -0.265602 0.912262 -0.669664 -1 0.239079 -1 -1 -0.699126 -1 -1 -0.753843 -1 -0.731149 -1 -0.684835 -1 -0.725987 -1 -1 -1 -1 -1 -0.848156 0.142616 -1 0.0868195 -1 -1 -1 -1 -1 -0.894861 -0.417457 -1 -0.592963 -1 -1 -1 -1 -0.775142 -0.880575 -1 -1 -0.110019 0.619131 -1 -1 -0.857472 -0.789717 -0.787009 -1 -1 -1 -0.875694 -1 -1 -1 -1 -0.888911 -1 -1 -0.710043 -0.641079 -1 -1 -1 -1 -0.712068 -1 -1 -1 -1 -0.891539 -1 -1 -0.691277 -0.16736 -1 -1 -0.797136 -1 -0.944741 0.314241 -0.399289 -1 -1 -1 -0.320745 -0.283606 -0.422503 -0.406268 -1 1 -1 -1 -0.625897 1 0.476197 -0.851945 -1 -0.603285 0.166009 -1 -0.757483 -1 -0.703035 -1 -1 -1 -1 -0.275417 0.611534 -0.00188735 0.312973 -1 -0.800091 
-1 1 -0.835086 -0.195267 -1 -0.40092 -1 -0.922118 -1 -0.0135775 -1 -1 -1 -0.121499 -1 -1 -1 -0.6571 -1 -1 -0.0206822 -0.0110354 -0.265602 1 -1 -0.578515 -0.390513 -0.732801 -1 -1 -0.750174 -0.803849 -1 -1 -1 -1 -0.667191 -1 -1 -1 -0.803594 -1 -1 -1 -0.667607 0.330776 -0.877261 0.179365 -0.888277 -1 -0.859188 -1 -1 -1 -0.126252 -1 -0.838781 -1 -1 -1 -1 -1 -1 -0.919093 -1 -0.110019 -0.957952 -0.942563 -1 -0.700047 -0.814849 -1 -0.982893 -0.875135 -1 -0.642365 -0.842955 -1 -1 -1 -0.838931 -1 -1 -1 -0.783553 -0.53835 -0.820216 -0.67111 -1 -1 -1 -1 -1 -1 -0.660556 -1 -1 -1 -0.986789 -0.804306 -0.921737 -1 -1 -1 -0.846938 -0.846491 -1 -1 -1 0.0285864 -0.0104052 -1 -0.406268 -1 1 -1 -0.924553 -1 1 -0.455785 -0.851945 -1 -0.987775 -1 -1 -1 -1 -0.495596 -1 -1 -1 -1 -1 0.267966 -1 0.334269 -1 -0.800091 
-0.902195 0.431821 0.316645 -0.0362769 -1 -0.156222 -0.333776 1 -1 0.670629 -0.685279 -0.679227 -1 -1 -0.629334 -1 -0.191071 0.122529 -0.658067 -1 0.313688 0.0792245 0.844655 0.404873 -1 -0.623737 0.533405 -1 -1 0.0192109 -0.546203 0.860478 -0.422269 0.80435 -1 -1 -0.500035 -0.6919 -0.909863 -0.639079 -1 0.417761 -1 -1 -0.284125 -1 -1 -1 -1 0.424961 -1 0.0550704 -1 -1 -0.771643 -1 -1 -0.135974 -0.610326 -1 -1 -0.532887 -1 -0.284916 -0.233173 0.489976 0.295123 0.622714 -1 -1 -1 -1 -1 -1 -0.819136 -1 -1 0.172027 0.415345 0.126453 -1 -0.67277 -1 -1 -0.503164 -1 -0.663217 0.198017 -1 -1 -1 -0.528945 -1 -0.749445 -1 -0.203875 -1 -1 0.990701 -1 0.185172 -1 -1 0.00363484 -0.0352905 -0.201656 -0.762834 0.0641228 -0.78981 1 -1 -0.460657 -1 0.672554 0.981144 0.664606 -1 -0.729759 -0.393093 -0.61187 -0.223815 -0.776832 -1 -1 -1 -1 0.89693 0.213535 -0.27871 -0.233137 -1 -1 -0.582421 0.732645 0.382566 -0.817291 -1 -1 
-1 1 -0.835086 0.00489932 -1 -0.40092 -1 -1 -1 -0.700914 -1 -1 -0.925638 -0.121499 -1 -0.631214 -0.793986 -0.279397 -0.829804 -1 -0.032834 -0.515317 -0.265602 1 -1 -0.578515 -1 -1 -1 -0.190959 -0.750174 -1 -0.772711 -1 -1 -1 -1 -1 -0.676342 -0.63589 -1 -1 -1 -1 -0.667607 0.330776 -0.872278 0.0737967 -0.888277 -1 -0.859188 -1 -1 -0.780601 -0.33824 -1 -1 -1 -1 -1 -1 -1 -1 -0.919093 -1 -0.110019 0.161517 -1 -1 -1 -0.814849 -1 -0.982893 -0.875135 -1 -1 -1 -1 -1 -1 -1 -1 -1 -1 -0.855052 -1 -0.820216 -1 -1 -0.177914 -1 -1 -1 -1 -0.660556 -0.665426 -1 -0.639894 -1 -0.804306 -0.901053 -1 -0.985762 -0.642057 0.402237 -0.653496 -1 -1 -1 -0.450177 -0.283606 -0.751467 -0.83824 -1 1 -0.75733 -1 -1 1 -0.654724 -0.597326 -1 -1 -0.243517 -1 -1 -1 -0.327406 -0.914617 -1 -1 -1 -0.816594 0.267966 -1 -0.728705 -1 -0.800091 
-0.974881 0.910961 -1 -0.923796 -1 -0.651511 -0.810695 -1 -0.83663 -0.910993 -1 -1 -1 -1 -1 -1 -1 0.0622824 -1 -1 -0.918107 -0.712633 -0.755258 0.912262 -0.669664 -0.811321 0.239079 -1 -1 -0.0219392 -1 -1 -0.947889 -1 -0.731149 -0.264123 -1 -1 -0.725987 -1 -1 -1 -1 -1 -1 0.43834 -1 0.0868195 -1 -0.877519 -0.859188 -1 -1 -1 -1 -1 -0.805942 -1 -1 -1 -1 -0.839679 -0.797532 -1 -1 -0.124382 0.619131 -1 -1 -1 -0.519939 -1 -0.982893 -1 -0.809419 -0.914674 -1 -1 -1 -1 -1 -1 -1 -1 -0.982822 -1 -1 -1 -0.95515 -0.863895 -1 -0.844189 -1 -1 -1 -1 -1 -0.691277 0.117773 -1 -0.693552 -0.797136 -1 -0.642057 0.314241 -1 -1 -1 -1 -0.265753 -0.283606 -1 -0.406268 -0.545451 1 -1 -1 -1 1 0.265593 -1 -1 -1 -0.243517 -1 -1 -1 -1 -1 -0.61818 -1 -1 -0.275417 0.335457 -0.00188735 -0.33697 -1 -0.558635 
-1 -0.523722 -0.834094 -0.165222 -1 -0.437796 -1 -1 -1 -1 -1 -1 -1 -1 0.330731 0.318556 -1 -1 -0.759795 -0.359428 -0.74641 -1 -0.686842 -1 -1 -1 -0.488776 -0.965883 -0.207653 0.427571 -1 0.150995 -0.767359 -1 -0.973786 -0.82538 -0.726889 -0.538467 -0.910104 -0.81162 -1 -0.215373 -1 -1 -0.713818 -1 -0.549383 1 -0.417928 -1 -0.513844 -0.96418 0.454219 -1 -0.55596 -0.102373 -0.828872 -0.406498 0.545108 -0.74099 -0.141822 -0.709526 -1 0.968991 -1 -0.944832 -1 -0.735345 -1 0.407574 -0.940426 -1 -0.079018 -0.59263 -0.948841 -1 -1 -0.0310269 -1 -0.0366437 -1 -0.895528 0.257754 -1 -1 0.046711 -0.469812 -1 -1 0.5166 -1 -1 0.992193 -0.662981 -1 -1 -1 -1 -0.442631 -0.203476 -1 -1 -0.78342 -1 -0.941155 -0.2806 -1 -0.783132 -0.767213 -0.913021 0.116688 0.287918 -0.352082 -1 -1 -0.488575 0.0181059 -1 0.72651 -1 -1 -1 -0.0677262 -0.760536 -0.792465 0.810541 -1 -0.440567 -0.821822 -0.839243 -0.691579 -0.516313 -1 -1 0.892681 -0.914297 -1 0.16365 
-1 -0.747642 -0.741962 -0.598871 -1 -1 -1 -1 -1 -1 -1 -1 -1 -1 0.585941 0.20694 -1 -1 0.29188 -0.839585 -1 -1 -0.548241 -1 -1 -1 -1 0.0699033 -1 -0.153077 -1 -0.682114 -1 -1 0.0298315 -1 -1 -0.538467 -1 -1 -1 -0.203511 -0.939324 -0.925284 -0.713818 -1 -1 1 -0.354382 -0.616902 -0.526142 0.170885 -0.0137754 -0.900577 -0.831137 -0.0845485 -1 -1 0.222544 -0.469345 0.196244 -0.709526 -1 0.664253 -1 -1 -1 -0.696643 -1 0.523564 -0.940426 -0.633222 0.405271 -0.578637 -0.948841 -1 -1 0.078776 -1 -0.00156206 -0.955312 -1 0.227566 -1 -0.322221 -0.507243 -0.469812 -0.807783 0.765939 0.952192 -1 0.052366 -0.150284 -0.78178 -1 -1 -1 -1 -0.534708 -0.609167 -1 -1 -1 -1 -1 -0.472333 -0.235495 0.313594 -1 -0.788803 -0.115994 0.105803 -0.700943 -1 -1 -1 0.0181059 -1 0.720542 -0.634466 -1 -1 -0.0808905 -1 -1 -0.0382185 -1 -0.307613 -0.699163 -1 -1 -0.416944 -1 -1 0.778792 0.0285059 -1 -0.188787 
-0.974881 -0.352272 -0.650182 -0.1395 -1 -1 -1 -0.807509 -1 0.0641121 -1 -0.872871 0.767161 -1 -1 -1 -0.685726 -1 -1 -0.126195 -0.547033 0.362436 -1 1 -1 -1 -0.93442 -1 -1 -1 0.290411 -1 -0.436934 -0.24119 -0.841952 -0.707648 0.319559 -1 -0.991264 -1 -1 -0.983328 -1 -0.619953 -0.843656 -0.402619 -0.836424 -0.209915 -1 -0.863639 -1 -1 -0.476226 -0.708031 -0.532949 -1 -1 -1 -1 -1 -1 -1 -0.907061 -0.80178 -1 -1 -1 -1 -1 -1 -1 -1 -1 -1 -1 -0.95291 -1 -1 -1 -1 -1 -1 -1 -0.657244 -0.47055 -1 -1 -1 -1 -1 -0.10734 -0.858758 -1 -1 -1 -1 -1 -1 -1 -1 -1 -0.748996 -1 -0.513379 -0.723787 -1 -1 -1 -1 0.0837481 -0.934899 -1 -0.42305 -1 0.903663 -1 -0.963442 -1 1 -0.478433 -1 -1 -1 -1 -1 -1 -1 -1 -1 -1 -1 -1 -1 -0.625715 -0.721648 -0.282557 -1 -1 
-0.76756 1 -0.835086 -0.577155 -0.258424 -0.70494 -1 -1 -1 -0.0135775 -0.795214 -1 -1 -0.211138 -1 -1 -1 -1 -0.619189 -0.940414 -0.0609516 -1 -1 0.508968 -0.693527 -0.578515 0.284435 -1 -0.631872 -0.0219392 -0.750174 -1 -1 -1 -1 -1 -0.958002 -0.740697 -0.544424 -0.855818 -1 -1 -0.78323 -1 -0.667607 -0.183798 -0.982155 0.099891 -0.863402 -1 -0.859188 -1 -1 -1 -0.73978 -1 -1 -1 -1 -1 -1 -0.775142 -1 -1 -1 -0.897547 -0.171982 -1 -1 -1 -0.402239 -1 -0.982893 -1 -0.820868 -1 -1 -1 -0.728115 -1 -1 -1 -1 -1 -1 -1 -1 -1 -0.698593 -0.491959 -1 -1 -1 -1 -0.660556 -1 -1 -1 -1 -0.918757 -0.433746 -0.738657 -1 -1 -0.149676 -0.423087 -1 -0.737674 -1 0.163631 -0.283606 -0.522131 -0.406268 -1 1 -0.702377 -1 -0.913154 1 -0.654724 -0.844836 -1 -0.772833 -1 -1 -0.899074 -1 -0.703035 -1 -1 -0.570734 -1 -0.727705 0.267966 -0.378626 0.312973 -1 -1 
-1 -0.577057 -1 -0.667363 -1 -0.689219 -1 -1 -1 -0.500574 -1 -0.780798 0.767161 -1 -0.857845 -0.818289 -1 -0.677424 -0.537748 0.357991 -0.565722 0.362436 -0.787163 -0.178385 -1 -0.784161 -0.666436 -1 -1 -0.980819 0.0279447 -1 -1 -0.545544 -0.841952 -0.707648 -1 -1 -0.991264 -1 -0.75201 -1 -0.929412 -1 -0.671751 -0.402619 -1 -1 -1 -1 -1 -1 -0.476226 -1 -0.532949 -1 -1 -1 -0.884124 -1 -1 -1 -1 -0.639504 -0.835056 -0.990215 -0.235445 -1 -1 -1 -1 -1 -1 -0.768213 -1 -1 -1 -1 -1 -1 -0.685122 -1 -1 -1 -0.357439 -0.908825 -0.151059 -0.969597 -1 -1 -0.646321 -0.858758 -1 -1 -1 -0.731571 -1 -1 -1 -1 -1 -1 -1 0.396179 -0.101131 -1 -1 -1 -1 -0.858068 -1 -1 -0.42305 -1 1 -1 -0.685483 -1 0.618265 -0.833869 -0.680344 -1 -1 -0.796509 -1 -1 -0.63826 -1 -1 -1 -0.742998 -1 -1 -0.841503 0.663135 -0.383395 -1 -1 
-1 -1 -0.624855 -0.684126 -1 -0.641639 -1 -1 -1 -0.858228 -1 -1 -1 -1 -0.405133 -0.0041929 -0.893702 -1 -0.722215 -1 -1 -1 -0.548241 -0.802538 -1 -1 -0.47156 1 0.497356 -0.153077 -1 -0.143834 -0.781656 -1 0.0298315 -0.666805 -1 -0.538467 -1 -0.81162 -1 -0.0644383 -0.939324 -0.925284 -0.537836 -1 -0.549383 1 -1 -0.616902 -0.057957 0.170885 0.652601 -0.900577 -0.831137 -0.102373 -1 -1 -0.31694 -1 0.196244 -1 -1 -0.330328 -1 -1 -1 -1 -1 -0.489933 -0.940426 -1 -0.106446 -0.704261 -0.948841 -1 -1 0.272677 -0.996616 -0.769195 -0.955312 -1 0.257754 -0.941888 0.0114413 -0.507243 -0.469812 -0.398058 0.452987 0.952192 -0.942682 -0.270067 1 -1 -1 -1 -1 -1 -0.573574 0.363662 -1 -1 -1 -1 -1 -0.472333 -0.738556 -0.699026 -1 0.0725154 0.584256 0.688375 -0.668885 -0.350289 -0.704994 -0.9697 0.0181059 -1 0.720542 -1 -0.760983 -1 -0.0808905 -0.647259 -1 1 -1 0.370065 -1 -1 -1 -1 -1 -1 0.778792 0.000916868 -0.767185 -0.0913642 
-0.6281 -1 1 -1 -1 -1 -1 -0.354267 -1 0.744087 -0.82738 -1 0.767161 -1 -1 -0.648625 -0.122708 0.803332 -0.496913 -0.170269 0.55623 -0.0110354 0.887322 -0.0475737 -0.449852 -0.954226 0.533405 -1 -1 -0.271758 0.664976 0.241235 -0.875801 -1 -1 -1 -0.990821 -0.78088 -0.29989 -0.805542 -1 0.670021 -1 -1 -1 -0.284609 -1 -1 -0.586119 -0.320719 -0.802347 -1 -0.520311 -0.951124 -0.771643 -1 -1 -1 -1 -1 -1 -1 -0.322583 -1 0.49361 0.211358 -0.554377 -1 -1 -0.832955 -0.920762 -0.866232 -1 -0.839788 -1 0.153309 -1 -1 0.452145 -1 -1 -0.910763 -1 -1 -0.953692 -1 -0.871406 -0.724892 -1 -1 -1 0.331484 -1 -1 -1 -0.682835 -1 -1 -1 -0.855951 -1 -1 -1 0.556418 -1 -1 -0.960715 -0.893077 -1 0.243091 0.354975 -1 -1 -0.951791 -0.680216 0.105242 -1 -0.843399 1 -0.0647916 -1 -0.782907 -0.908242 -0.726052 -1 -1 0.578995 -1 -0.551249 -1 -1 -1 -0.207065 0.432421 -0.13403 -0.613292 -1 -0.847433 
-1 0.661589 -1 -0.339857 -1 -1 -0.226689 -0.70036 -1 -1 -1 -1 1 -1 -1 -1 -0.515193 -0.339831 -1 -1 0.104934 0.446722 -0.294627 0.0175869 -1 -1 -0.482085 -1 -1 -1 -0.509181 -1 -1 -1 -1 -1 -0.72625 -0.569499 -0.491234 -1 -1 -0.834228 0.302795 -0.96986 -1 -1 -1 -1 -1 -1 -0.826624 -0.912366 -0.88652 -0.971015 -1 -1 -0.775477 -0.891253 -1 -1 -0.858904 -1 -1 -1 0.038811 -0.555437 -0.540941 -1 -1 -0.78306 -1 -1 -1 -1 -1 -1 -0.897235 -1 0.070161 -1 -1 -1 -0.6883 -1 -0.813708 -0.678578 -1 -0.630953 -1 -0.697255 -1 -0.847286 -1 -1 -0.715711 -1 -0.961423 -1 0.110458 -1 -1 -1 -1 -0.864306 -1 -0.637401 -0.915577 -0.829688 -1 -1 -0.319565 -0.412784 -1 -0.288079 0.98926 0.585949 0.213347 -0.472979 0.290081 -1 -0.980465 -1 -1 -0.746118 -1 -1 -0.0568139 -1 -0.867471 -1 -1 -0.486994 -0.76495 1 0.349583 -0.760229 -1 -1 
-1 -1 1 -1 -1 -1 -0.935645 -1 -1 0.963357 -0.82738 -1 0.917873 -1 -1 -0.648625 -0.122708 0.803332 -1 -0.170269 0.55623 -0.0110354 0.932242 0.177742 -0.060387 -0.954226 0.533405 -1 -1 -1 -0.494117 -0.702888 -0.875801 -0.546332 -1 -1 -0.0305507 -0.750508 0.258442 -0.805542 -1 0.308116 -0.808001 -1 -1 0.910875 -0.626301 -1 -0.831886 0.446596 -0.824195 -1 -0.332817 -0.951124 -0.771643 -1 -1 -0.734085 -1 -1 -0.958103 -1 -0.322583 -1 0.808897 0.0955784 -0.554377 -0.9406 -1 -0.930806 -1 -1 -1 -1 -1 0.153309 -1 -1 0.813452 -0.536184 -1 -0.910763 -1 -1 -0.752079 -0.671314 -0.680444 -1 -1 -1 -1 0.120893 -1 -1 -1 -0.678844 -1 -1 -0.929124 -0.855951 -1 -1 -1 -0.756536 -1 -1 -1 -1 -1 0.243091 0.354975 -0.794858 -1 -1 -1 0.0399079 -1 -0.843399 0.973897 -0.0647916 -0.803689 -1 -1 0.395403 -0.881559 -1 0.578995 -0.974157 -1 -1 -1 -1 -1 0.0386493 -0.996246 -0.613292 -1 -0.836829 
-1 -1 -0.624855 -0.684126 -1 -0.741051 -1 -1 -1 -1 -1 -1 -1 -1 0.606042 0.188113 -1 -1 0.29188 -1 -1 -1 -0.548241 -1 -0.540071 -1 -0.47156 0.564811 0.258206 -0.153077 -1 -0.682114 -0.907358 -1 0.0298315 -1 -0.514166 -0.538467 -1 -0.81162 -1 -0.203511 -0.939324 -1 -0.826648 -1 -0.549383 -0.162102 -0.354382 -0.616902 -0.569973 0.170885 0.454219 -0.622795 -0.734026 -0.828363 -1 -1 -0.542484 -0.74099 -0.249439 -0.709526 -1 0.763337 -1 -1 -1 -0.76244 -1 0.523564 -1 -0.633222 0.650914 -1 -0.948841 -1 -0.973288 0.28849 -1 -0.00156206 -0.955312 -1 -0.131232 -1 0.0373124 -1 -0.361123 -0.807783 0.802902 0.952192 -0.942682 -1 0.939014 -0.945086 -1 -1 -1 -1 -0.840325 0.363662 -1 -1 -1 -1 -0.62825 -0.462924 -0.235495 0.36851 -1 -0.649268 0.584256 0.148793 -1 -1 -0.944567 -1 0.0181059 -1 0.720542 -0.634466 -0.760983 -1 -0.0808905 -0.647259 -1 0.1523 -1 -0.0219454 -1 -1 -0.906383 -0.988255 -1 -1 0.778792 0.000916868 -1 -0.0913642 
-0.677957 0.781485 -0.29639 -0.439983 -1 -0.0317048 -1 1 -1 -0.232587 -0.685279 -1 -1 -1 -0.629334 -0.634865 -0.0207537 0.122529 -1 -1 0.760547 0.0792245 0.844655 1 -1 -1 0.440036 -1 -1 0.336814 0.571639 0.832386 -0.987636 1 -1 -0.782295 -1 -0.6919 0.0434676 0.608962 -0.968976 -0.130814 -1 -0.782376 -0.50448 -0.809678 -1 -0.641993 -1 -0.123006 -1 -0.978134 -1 -0.6506 -0.771643 -1 -1 -0.0651603 -0.610326 -1 -1 -0.268903 -1 -0.500355 0.105572 0.94059 0.0882817 -0.245053 -1 -1 -1 -0.813407 -1 -0.639402 -1 -0.564903 -1 0.172027 -0.702518 -0.828149 -1 -1 -1 -1 -1 -1 -0.286299 -0.338476 -0.615131 -1 -1 -1 -0.568227 -1 -1 -0.203875 -1 -1 -0.238497 -0.890394 -0.0511251 -0.341244 -1 0.171968 0.819851 -0.128836 -1 0.0641228 -1 1 -1 -0.460657 -1 0.231793 0.981144 0.739805 -1 -1 -0.52118 -1 -0.223815 -0.493669 -1 -1 -1 -1 -0.400164 -0.972946 0.409985 -0.779353 -1 -1 -0.303558 0.785476 0.382566 -1 -0.987361 -0.422393 
-1 0.305639 -1 -0.084496 -1 -1 -1 -1 -1 -1 -1 -1 1 -1 -1 -1 -0.781801 0.688893 -1 -1 0.474559 -0.537168 -0.966781 -1 -1 -0.883327 -1 -1 -1 -1 -0.917851 -0.316029 -1 -1 -1 -0.936517 -0.62329 -1 -0.53796 -1 -1 -1 -0.197141 -1 -1 -1 -1 -1 -0.736246 -0.895505 -1 -1 -0.88652 -1 -1 -0.636239 -1 -1 -0.655741 -1 -0.671916 -0.718972 -1 -1 -0.160647 -1 0.464891 -1 -1 -1 -1 -0.829724 -1 -0.667403 -1 -0.843768 -1 -0.69833 0.140748 -1 -0.506158 -0.870062 -1 -1 -1 0.00978602 -1 -1 -1 -1 -1 -1 -1 -1 -1 -1 -1 -0.526479 -0.379587 -0.833142 -0.604978 -1 -1 -0.65368 -1 -1 -0.897972 -1 -1 -0.95387 -0.319565 -1 -1 -1 0.922787 0.260036 -0.156229 -1 0.290081 -1 -1 -1 -0.754241 -1 -1 -1 -0.0568139 -1 -0.419735 -1 -0.584772 -1 -1 1 -1 -0.794827 -1 -1 
-0.825461 -1 1 -1 -1 -1 -0.935645 -0.354267 -1 0.325822 -0.82738 -0.630303 0.600435 -0.665973 -1 0.0479943 -1 0.168139 -0.496913 -1 0.55623 -0.0398816 -0.337702 -0.491992 -0.060387 -1 0.199555 -1 -1 -1 0.664976 -0.0431014 -1 -0.976122 -1 -1 -0.848754 -0.750508 -1 -0.805542 -0.894921 0.164689 -0.706834 -0.821854 -1 0.49412 -1 -1 -0.703788 0.446596 -1 -1 -1 -0.951124 -1 -1 -1 -0.734085 -1 -1 -0.958103 -1 -0.281272 -1 -0.775086 0.211358 -1 -1 -0.764705 -1 -1 -1 -1 -1 -1 0.153309 -1 -1 0.813452 -1 -1 -0.910763 -1 -0.840866 -0.953692 -0.31115 -1 -0.724892 -1 -0.908038 -1 0.120893 -1 -1 -1 -0.678844 -1 -1 -0.803424 -0.855951 -1 -1 -1 -0.756536 -0.616954 -1 -1 -1 -0.60843 -0.675278 -0.252493 -1 -1 -1 -1 -0.987588 -1 -0.843399 0.973897 -0.902035 -0.803689 -1 -1 -0.148372 -0.941422 -1 0.224194 -1 -0.551249 -1 -0.759253 -1 -0.979485 -0.449255 -0.13403 -0.613292 -1 -1 
-1 1 -0.835086 -0.545266 -1 -0.674314 -1 -1 -1 -1 -0.743408 -1 -1 -0.706909 -1 -1 -1 -0.279397 -1 -0.422906 -1 0.171374 -0.265602 1 -1 -0.578515 -1 -1 -1 -0.550762 -1 -0.774367 -1 -1 -1 -1 -0.667191 -1 -1 -0.63589 -1 -1 -1 -1 -0.667607 0.330776 -1 -0.0487193 -0.888277 -0.869801 -0.859188 -1 -0.626421 -1 -1 -1 -0.824098 -1 -0.991557 -1 -1 -1 -1 -1 -1 0.146211 0.161517 -0.942563 -1 -1 -0.814849 -1 -0.982893 -1 -0.911988 -1 -0.656907 -1 -1 -1 -1 -0.98996 -1 -1 -0.783553 -1 -0.820216 -0.195342 -1 -0.136296 -1 -1 -1 -1 -1 -1 -1 -1 -1 -0.804306 -0.868535 -1 -0.985762 -0.642057 -0.284912 -0.846491 -1 -1 -0.438273 0.0285864 0.018655 -1 -0.495418 -1 1 -1 -1 -1 1 -0.455785 -0.851945 -1 -0.987775 -0.740589 -1 -0.812086 -1 -0.327406 -0.938167 -1 -1 -1 -1 0.267966 -1 0.524046 -1 -0.693573 
-1 0.910961 -1 0.137884 -1 -0.638278 -0.748782 -1 -0.851899 -0.505515 -1 -1 -1 -0.720382 -1 -1 -1 -0.219507 -0.695627 -1 0.163511 -0.781981 0.13169 0.524486 -1 -1 -1 -1 -1 -0.0219392 -1 -0.569646 -1 -1 -1 -0.703323 -1 -1 -0.725987 -1 -1 -1 -0.97299 -0.987201 -1 0.351307 -1 -0.548425 -1 -1 -1 -1 -1 -0.894861 -0.59315 -1 -1 -0.835283 -1 -0.911097 -1 -0.455309 -1 -1 -1 -0.639062 -0.0253561 -1 -1 -0.682274 -0.970723 -0.995457 -0.849271 -1 -1 -0.764719 -1 -1 -1 -0.867988 -1 -1 -0.862527 -1 -1 -1 -1 -0.850453 -1 -0.872904 -1 -1 -1 -1 -1 -1 -1 -0.695225 -0.16736 -1 -0.720519 -1 -1 -1 0.314241 -0.667961 -1 -1 -1 0.688111 -1 -0.422503 -0.406268 -0.39444 0.191885 -1 -0.9417 -1 1 0.428487 -1 -1 -1 -0.243517 -1 -1 -1 -0.703035 -1 -1 -1 -1 -1 0.615297 -0.00592333 0.0583405 -1 -0.740068 
-1 0.487213 -0.232996 -1 -1 -0.0915559 -0.304278 1 -1 0.0227351 -1 -1 -0.874035 -0.560832 -1 -1 -1 0.114446 -0.353258 -1 0.228547 0.00939459 0.844655 0.332364 -1 -1 -0.554669 -1 -1 -0.828371 0.571639 0.0976642 -0.632124 -0.232715 -1 -1 -1 -0.6919 -0.261209 0.2778 -0.694825 0.0496843 -1 -1 -0.284125 -1 -1 -1 -1 0.424961 -1 -0.370532 -1 -1 -1 -0.692431 -1 -0.282972 -0.612369 -1 -0.925209 -0.255179 -0.572297 -1 -0.371457 0.94059 -0.572845 -1 -1 -1 -0.983411 -1 -1 -1 -1 0.88368 -0.305606 -1 0.0218304 -1 -1 -0.739834 -1 -0.619083 -0.812189 -0.539952 -0.286299 -0.35427 -0.85272 -1 -1 -1 0.0767976 -0.689076 -1 -1 -1 -1 -0.305028 -1 0.69332 -1 -1 -0.236296 0.585845 -0.201656 -1 -0.959639 -1 0.715728 -0.633584 -0.90983 -1 1 1 -0.538286 0.330925 -0.847199 -1 -0.186069 -0.223815 -1 -1 -0.74229 -1 -1 0.16944 -1 0.409985 -1 -1 -1 -0.668521 0.74994 0.382566 -0.746278 -1 -1 
-1 0.0339406 -1 0.00489932 -1 -0.881006 -1 -1 -1 -0.0135775 -1 -1 -1 -0.211138 -1 -0.376371 -1 -0.773206 -1 -1 0.0149877 -0.0110354 -0.265602 0.425454 -1 -0.578515 -0.617262 -1 -1 -0.800856 -0.687782 -1 -1 -1 -1 -1 -0.879885 -1 -1 -0.63589 -0.983568 -1 -1 -1 -0.704876 0.686201 -0.982155 0.099891 -0.926797 -1 -1 -1 -1 -1 -0.33824 -1 -1 -1 -0.926823 -1 -1 -1 -0.686916 -1 -1 -0.110019 -0.774869 -0.842779 -1 -1 -0.734323 -0.76343 -0.982893 -0.875135 -1 -1 -1 -0.760353 -1 -1 -1 -0.81285 -1 -1 -0.428918 -1 -0.491983 -0.717807 -1 -0.297287 -1 -1 -1 -1 -0.846073 -1 -1 -1 -1 -0.980379 -0.433746 -1 -1 -1 0.770388 -0.746429 -1 -0.906302 -1 0.150263 -0.283606 -1 -0.406268 -1 1 -0.75733 -1 -1 1 -0.654724 -0.851945 -1 -0.729988 -0.00527436 -0.79636 -1 -1 -1 -1 -1 -0.336664 -1 -1 -0.784184 -1 -0.544985 -1 -1 
-1 -0.805344 -0.463233 -1 -0.901451 -1 -0.623657 -0.359432 -1 0.0526919 -0.856386 -1 0.965117 -1 -0.645864 -1 -0.482614 0.323188 -0.487942 -0.797616 0.559803 -0.376568 -0.139601 -0.912695 -0.449852 -0.859702 0.284061 -1 -1 -1 0.664976 -0.522977 -1 -0.820954 -0.637118 -0.602716 -0.851968 -1 0.380312 -0.589678 -1 0.477436 -1 -1 -0.556818 0.745537 -1 -1 -0.726277 -0.139835 0.501829 -1 -0.66133 -1 -1 -1 -1 -0.734085 -1 -0.648085 -1 -1 -1 -0.932788 -0.815151 -1 -0.706076 -1 -1 -0.534327 -0.756836 -0.871023 -1 -1 -1 -1 -0.775126 -0.267471 -1 -0.780407 -0.997584 -1 -1 -1 -0.0781709 -1 -1 -0.829797 -1 -0.304843 -0.840889 0.00237079 -1 -1 -1 -1 -1 -0.934979 -0.983604 -1 -1 -1 -1 0.200572 -1 0.0909783 -1 -1 -1 -0.0663533 0.52441 -1 -1 -1 -1 0.0399079 -0.762153 -0.753792 0.688712 -0.0483592 -0.881735 -1 -1 -0.0502169 -1 -0.872605 0.688856 -0.324287 -1 -1 -1 -0.976246 -0.705912 0.0386493 -0.405725 -0.613292 -0.78874 -1 
-0.812077 1 -0.835086 0.00489932 -0.959468 -0.545111 -1 -1 -0.83663 -0.0135775 -1 -1 -1 -0.924935 -1 -1 -1 -0.153195 -1 -0.416925 0.0461517 -0.204398 -0.265602 0.912262 -1 -0.707207 0.284435 -1 -1 -0.0219392 -1 -1 -1 -1 -0.541704 -1 -0.958002 -1 -0.78961 -0.645699 -1 -1 -1 -1 -1 0.142616 -0.966653 0.0868195 -1 -1 -0.859188 -1 -1 -1 -0.634062 -1 -0.838781 -1 -1 -1 -1 -0.775142 -1 -0.687428 -1 -0.110019 0.619131 -1 -1 -1 -0.789717 -1 -0.982893 -1 -1 -0.914674 -1 -1 -1 -1 -1 -1 -1 -1 -0.783553 -1 -0.820216 -1 -1 -0.136296 -1 -1 -1 -1 -0.660556 -1 -1 -0.691277 -0.16736 -1 -1 -1 -1 -0.642057 -0.0107728 -0.667961 -0.913768 -1 -1 0.688111 -0.787751 -0.522131 -0.406268 -1 1 -1 -1 -1 0.568806 0.476197 -0.851945 -1 -0.67434 -0.192592 -1 -1 -1 -0.703035 -1 -1 -0.796938 -1 -0.605566 0.267966 -0.209013 -0.592369 -1 -0.800091 
-1 0.877165 -0.835086 0.00489932 -1 -0.731461 -1 -1 -0.83663 -0.0135775 -1 -1 -1 -0.793841 -0.607912 -0.652824 -1 -0.153195 -1 -0.438334 -0.032834 -0.0110354 -0.811823 0.912262 -1 -0.707207 0.284435 -1 -1 -0.0219392 -0.77607 -1 -1 -0.901365 -1 -1 -1 -1 -0.544424 -1 -1 -1 -1 -1 -1 0.142616 -0.966653 0.0868195 -0.888277 -1 -1 -1 -1 -1 -0.634062 -1 -1 -1 -1 -1 -1 -0.775142 -0.966479 -0.882608 -1 -0.110019 0.439448 -0.864798 -1 -1 -0.789717 -1 -1 -0.921814 -1 -0.559523 -1 -1 -1 -0.867988 -1 -0.995329 -1 -1 -0.783553 -1 -0.820216 -0.812717 -1 -0.136296 -1 -0.869919 -1 -1 -0.660556 -1 -1 -0.691277 -0.16736 -1 -0.656203 -1 -1 -0.642057 0.372074 -0.667961 -1 -1 -0.998583 0.688111 -0.283606 -1 -0.222892 -1 1 -1 -1 -1 1 0.686124 -0.851945 -1 -0.873295 -0.243517 -1 -1 -1 -0.703035 -1 -1 -0.796938 -1 -1 0.267966 -0.00188735 0.312973 -1 -1 
-1 -1 -0.624855 -0.684126 -1 -0.741051 -0.915336 -1 -1 -1 -1 -1 -1 -1 0.592775 0.20694 -1 -1 0.29188 -0.839585 -1 -1 -0.938783 -1 -0.540071 -1 -0.47156 0.788112 -0.21316 -0.153077 -1 -1 -0.781656 -1 0.0298315 -1 -0.899031 -0.538467 -1 -0.81162 -1 -0.203511 -0.939324 -0.925284 -1 -1 -0.549383 1 -0.354382 -0.616902 -0.057957 0.170885 0.454219 -0.903664 -0.831137 -0.828363 -1 -1 0.181303 -1 -0.815098 -0.709526 -1 0.763337 -1 -1 -1 -0.76244 -1 0.523564 -0.940426 -0.633222 0.650914 -0.578637 -0.948841 -1 -1 0.28849 -1 0.184222 -0.955312 -1 0.133348 -1 -0.946748 -0.507243 -0.469812 -0.807783 0.802902 0.952192 -0.942682 -0.902328 0.939014 -0.945086 -1 -1 -1 -1 -0.442631 0.363662 -1 -1 -1 -1 -1 -0.0973295 -0.235495 0.453982 -1 -0.658739 0.584256 0.900092 -0.668885 -1 -0.944567 -1 0.0181059 -1 0.551264 -0.634466 -0.760983 -1 -0.0808905 -0.647259 -1 0.0449904 -1 -1 -1 -1 -0.524652 -0.416944 -1 -1 0.974445 -0.566713 -1 -0.0913642 
-1 -1 -1 -0.684126 -1 -0.641639 -1 -1 -1 -0.858228 -1 -1 -1 -1 0.530168 0.20694 -1 -1 0.151052 -0.839585 -1 -1 -0.359858 -1 -0.740446 -1 -0.47156 0.154153 0.258206 -0.915406 -1 -0.143834 -0.781656 -0.713866 0.0298315 -1 -1 -1 -1 -1 -1 -0.494668 -0.939324 -1 -0.713818 -1 -0.549383 1 -0.368291 -0.616902 -0.057957 -0.345193 0.454219 -1 -1 -0.900696 -1 -1 0.448953 -0.74099 0.196244 -1 -1 0.486284 -1 -1 -1 -0.769405 -1 0.523564 -0.574873 -1 0.650914 -0.493718 -0.948841 -1 -1 0.28849 -0.953776 -0.00156206 -1 -1 -0.728229 -1 0.0114413 -0.507243 -0.469812 -1 0.452987 1 -0.942682 -0.924189 0.631889 -1 -1 -1 -1 -1 -0.442631 -0.58874 -1 -1 -0.538387 -1 -1 -0.472333 0.0150371 0.313594 -1 -0.136549 -0.0552099 0.737165 -0.615446 -1 -0.83481 -1 0.0181059 -1 0.720542 -0.986786 -0.760983 -1 -0.0808905 -0.947013 -1 1 -1 0.370065 -1 -1 -0.524652 -0.416944 -1 -1 -0.0750163 -0.659554 -0.979021 -0.471046 
-0.974881 -0.352272 -0.650182 -0.1395 -1 -1 -1 -0.807509 -1 0.0641121 -1 -0.872871 0.767161 -1 -1 -1 -1 -1 -0.537748 -0.126195 -0.547033 0.362436 -0.787163 1 -1 -0.644984 -0.93442 -1 -1 -0.980819 0.290411 -1 -0.436934 -0.422489 -0.841952 -0.707648 0.319559 -1 -0.991264 -1 -1 -0.983328 -1 -0.619953 -0.843656 -0.402619 -0.836424 -0.209915 -1 -0.863639 -1 -1 -0.476226 -1 -0.532949 -1 -1 -1 -0.925272 -1 -1 -1 -0.477799 -0.80178 -1 -1 -0.235445 -1 -1 -1 -1 -1 -1 -1 -1 -0.95291 -1 -1 -1 -1 -1 -1 -0.606933 -1 -0.47055 -1 -0.484998 -0.969597 -1 -0.537936 -0.162324 -0.858758 -1 -1 -1 -1 -1 -1 -1 -1 -1 -1 -1 0.548724 0.0662105 -1 -1 -1 -1 0.0837481 -0.934899 -1 -0.42305 -1 1 -1 -0.963442 -1 1 -0.478433 -0.671994 -1 -1 -1 -1 -1 -1 -1 -1 -1 -1 -1 -1 -0.625715 -0.298679 -0.282557 -1 -1 
