-1 0.021539 -1 -1 -0.0828236 -1 -0.678909 -0.223 -1 -1 0.978589 -0.943325 -1 -1 -0.829731 -1 -1 -0.806293 0.605024 -0.211911 -1 -1 -0.0389125 -1 -0.779293 -1 0.911695 -0.365519 0.299666 -0.80407 -0.248863 0.585143 -1 -0.747683 -1 -0.0411191 0.436035 -0.000873774 0.0516347 -0.783558 -1 -0.911324 -0.377361 -1 -0.902387 -1 -0.857841 -1 0.592093 -0.975962 -1 -0.820307 0.375043 -0.98464 -1 -1 -1 -1 -1 -1 -1 -1 -1 -0.4741 -1 -0.757767 -0.287995 -0.809684 -0.383546 -0.777295 -0.816138 -1 0.861637 -0.98236 -0.865088 -1 -1 0.728731 -1 -0.079173 -1 -1 0.341472 -0.791934 -1 -1 -0.725213 -0.48112 -1 -1 -1 -1 -0.186548 0.52243 -1 0.673251 0.43661 -0.780238 0.672732 -1 -1 0.82876 -1 -1 -1 -1 
-1 0.267088 -1 -1 -0.0828236 -1 -0.678909 -0.417026 -1 -1 0.805498 -0.6555 -1 -1 -1 -1 -1 -0.806293 0.209017 -0.126936 -0.981401 -1 -0.0389125 -1 -1 -1 0.911695 -0.365519 0.890137 -1 -0.432129 0.639263 -1 -0.760648 -1 -0.167475 0.807579 -0.107824 -0.139917 -0.820051 -1 -0.911324 -0.800671 -1 -0.902387 -1 -1 -1 0.82487 -0.975962 -1 0.315878 -0.3352 -1 -1 -1 -1 -1 -1 -0.912087 -1 -1 -1 -1 -1 -0.86657 -0.287995 -1 0.340384 -1 -1 -1 0.861637 -0.98236 -0.547706 -1 -1 0.629994 -0.827892 -0.079173 -1 -1 0.8331 -0.221198 -1 -0.833347 -0.789697 -0.48112 -0.965878 -1 -0.95088 -1 -0.132156 0.510866 -1 0.673251 0.43661 -0.864345 0.672732 -1 -1 0.976296 -1 -0.907548 -0.9273 -1 
-1 -0.299272 -1 -1 -0.0828236 -1 -0.678909 -0.103076 -1 -1 0.477708 -0.6555 -1 -1 -1 -1 -0.297682 -1 0.435348 -0.9581 -1 -1 -0.169216 -1 -0.925355 -1 0.911695 -0.874254 0.0676898 -1 -0.248863 0.696806 -1 -0.747683 -0.37926 -0.86249 0.93504 -0.807989 -0.621084 -0.751073 -0.997294 -1 -0.691208 -1 -0.831293 -1 -1 -0.905208 0.592093 -0.975962 -0.850559 0.697297 0.3183 -1 -1 -1 -1 -1 -0.818869 -1 -1 -1 -0.932712 -0.4741 -1 -1 -1 -1 0.398328 -0.153979 -1 -1 0.861637 -0.982426 -0.658301 -1 -0.824333 -0.220332 -0.957047 -0.481375 -1 -1 0.340394 -0.531899 -1 -0.888038 -0.939868 -0.339695 -0.965878 -0.76023 -0.566079 -0.84214 -0.175305 -0.219646 -1 0.510688 0.431383 -1 0.672732 -0.852514 -0.913894 0.82876 -1 -1 -1 -1 
-1 -0.637307 -1 -1 -0.333674 -1 -0.678909 -0.589421 -1 -1 0.308822 -0.976245 -1 -1 -1 -1 -1 -0.806293 0.970045 -0.576905 -0.981401 -1 -0.0389125 -1 -1 -1 0.5276 -0.290374 0.936222 -1 -0.733614 0.646625 -0.810967 -0.749892 -0.491902 -0.167475 0.807579 -0.107824 -0.139917 -0.820051 -1 -0.911324 -0.360748 -1 -0.902387 -1 -1 -1 0.406434 -1 -1 0.671994 -0.14465 -1 -1 -1 -1 -1 -0.984263 -0.925208 -0.840555 -0.710636 -1 -0.4741 -1 -0.757767 -0.702817 -0.906337 0.434693 -0.8596 -1 -0.722608 0.861637 -1 -0.547706 -1 -1 0.629994 -0.827892 -0.281491 -1 -1 0.637609 -0.221198 -1 -0.812879 -0.966331 -0.48112 -0.965878 -1 -1 -0.514913 -0.425704 0.167796 -1 0.673251 0.43661 -1 0.672732 -1 -1 0.672103 -1 -0.907548 -0.9273 -1 
-1 -1 -1 -1 0.254318 -1 -0.918998 0.407218 -1 -1 1 -0.424635 -1 -1 -1 -0.603202 -0.695701 -1 0.706767 0.0410694 -0.416258 -1 -0.925633 -1 -0.47975 -0.419243 0.467132 -0.624465 0.510817 -0.768282 0.216205 -0.40134 -0.321141 -1 0.17956 0.0818709 0.654484 0.0806931 -0.814422 -0.820051 -1 0.247537 -0.437082 -0.733516 -0.855482 -1 -1 -1 0.283407 -1 -1 0.36186 0.740288 -1 -1 -1 -1 -0.955058 -1 -0.869961 -1 -1 -0.803061 -0.729552 -1 -1 -1 -1 -0.0934237 -0.802407 -1 -1 0.952261 -1 -0.354802 -1 -1 0.540122 -1 0.205212 -0.918962 -1 0.524047 -0.280235 -1 -0.031933 -1 -0.380901 -0.811111 -1 -1 -1 -1 0.51009 -1 0.329688 -0.134744 -1 0.490884 -1 -0.466535 0.932454 -1 -1 -0.9273 -1 
-1 -0.374439 -1 -1 -0.150036 -1 -0.678909 -0.223 -1 -1 0.717396 -0.976245 -1 -1 -1 -1 -1 -0.806293 0.970045 -0.126936 -0.981401 -1 -0.0389125 -1 -1 -1 0.5276 -0.365519 0.890137 -1 -0.248863 0.646625 -0.810967 -0.760648 -0.37926 -0.167475 0.807579 -0.107824 -0.139917 -0.820051 -1 -0.911324 -0.360748 -1 -0.902387 -1 -1 -1 0.592093 -0.938558 -1 0.671994 0.3183 -1 -1 -1 -1 -1 -1 -0.912087 -0.840555 -0.908593 -1 -0.4741 -1 -0.757767 -0.287995 -1 0.434693 -0.8596 -1 -0.853514 0.861637 -1 -0.547706 -1 -1 0.629994 -0.827892 -0.079173 -1 -1 0.637609 -0.221198 -0.648205 -0.812879 -0.966331 -0.48112 -0.965878 -1 -0.95088 -0.514913 -0.132156 0.167796 -1 0.673251 0.43661 -0.864345 0.672732 -1 -1 0.82876 -1 -0.907548 -0.9273 -1 
-0.753934 -0.485623 -1 -1 0.254318 -1 -0.977014 0.618986 -1 -0.948382 0.336103 -0.357375 -0.734415 -0.916857 -0.95648 -1 -0.962419 -1 1 0.188306 -0.930957 -1 -0.261214 -1 -0.819242 0.207172 0.705822 0.0614953 0.0984895 -1 0.71609 0.178534 -1 -1 0.137764 -0.178501 0.46175 -0.266645 -1 -0.478095 -1 -0.667486 -0.910116 -0.915922 -1 -1 -1 -1 0.277373 -1 -0.56793 0.711647 0.24125 -1 -1 -0.661031 -1 -1 -1 -1 -0.98082 -0.694445 -1 -0.961548 -1 -1 -1 -1 0.153501 0.0895329 -1 -1 0.890194 -1 -0.824337 -1 -1 -0.575876 -1 -0.598076 -0.728425 -0.889687 0.779439 -0.221198 -0.748344 -0.540385 -0.633231 -1 -1 -1 -0.855315 0.312459 -0.921666 0.807604 -1 0.776413 0.0419978 -1 0.851917 -1 -0.380658 0.206685 -1 -1 -1 -1 
-1 0.267088 -1 -0.808708 -0.522313 -1 -0.678909 -0.690802 -1 -1 0.929625 -0.6555 -1 -1 -1 -1 -1 -0.806293 0.970045 -0.126936 -0.981401 -1 -0.0389125 -1 -1 -1 0.5869 -0.365519 0.890137 -0.80407 -0.248863 0.485131 -0.809934 -0.760648 -0.455963 -0.167475 0.807579 -0.107824 -0.139917 -0.820051 -1 -0.911324 -0.800671 -1 -0.902387 -1 -0.831225 -1 0.82487 -0.975962 -1 0.315878 0.3183 -0.997393 -1 -1 -1 -1 -1 -0.912087 -1 -1 -1 -1 -1 -0.86657 -0.287995 -1 0.340384 -0.8596 -0.851059 -1 0.861637 -0.98236 -0.547706 -1 -1 0.629994 -0.827892 -0.079173 -1 -1 0.637609 -0.221198 -1 -0.833347 -1 -0.48112 -1 -1 -1 -0.514913 -0.132156 0.510866 -1 0.673251 0.0474623 -1 0.672732 -1 -1 0.82876 -1 -0.907548 -0.9273 -1 
-1 0.267088 -1 -1 -0.0828236 -1 -0.678909 -0.365697 -1 -1 0.929625 -0.6555 -1 -1 -0.99495 -1 -1 -0.806293 0.970045 -0.209053 -0.981401 -1 -0.0389125 -1 -0.983353 -1 0.911695 -0.365519 0.786215 -0.80407 -0.248863 0.646625 -0.810967 -0.856699 -0.455963 -0.167475 0.807579 -0.107824 -0.139917 -0.820051 -1 -0.911324 -0.800671 -1 -0.902387 -1 -0.945991 -1 0.82487 -1 -1 -0.223377 -0.272699 -1 -1 -1 -1 -1 -1 -1 -1 -1 -1 -1 -1 -0.86657 -0.287995 -1 0.340384 -0.8596 -1 -1 0.830334 -0.98236 -0.547706 -1 -1 0.629994 -0.827892 -0.233586 -1 -1 0.816502 -0.221198 -0.951324 -0.833347 -1 -0.48112 -1 -1 -1 -0.514913 -0.132156 0.510866 -1 0.673251 0.43661 -0.864345 0.672732 -1 -1 0.82876 -1 -0.907548 -0.9273 -1 
-1 0.267088 -1 -1 -0.0828236 -1 -0.678909 -0.223 -1 -1 0.929625 -0.6555 -1 -1 -1 -1 -1 -0.806293 0.970045 -0.209053 -0.981401 -1 -0.0389125 -1 -0.983353 -1 0.911695 -0.365519 0.786215 -0.80407 -0.248863 0.646625 -0.810967 -0.760648 -0.455963 -0.167475 0.807579 -0.107824 -0.139917 -0.820051 -1 -0.911324 -0.800671 -1 -0.902387 -1 -0.945991 -1 0.82487 -1 -1 0.315878 0.153191 -1 -1 -1 -1 -1 -1 -0.912087 -1 -1 -1 -1 -1 -0.86657 -0.287995 -1 0.340384 -0.8596 -1 -1 0.830334 -0.98236 -0.547706 -1 -1 0.629994 -0.827892 -0.233586 -1 -1 0.816502 -0.221198 -1 -0.833347 -1 -0.48112 -0.965878 -1 -0.95088 -0.514913 -0.132156 0.510866 -1 0.673251 0.43661 -0.864345 0.672732 -1 -1 0.82876 -1 -0.907548 -0.9273 -1 
-1 0.267088 -1 -1 -0.631581 -1 -0.678909 -0.223 -1 -1 0.328252 -0.6555 -1 -1 -1 -1 -1 -0.806293 -0.0332111 -0.662016 -0.823445 -1 -0.0389125 -1 -1 -1 0.70817 -0.365519 0.890137 -0.80407 -0.248863 0.646625 -0.810967 -0.760648 -0.629393 -0.167475 0.807579 -0.107824 -0.00789621 -0.820051 -1 -0.911324 -0.800671 -1 -0.902387 -1 -1 -1 0.82487 -0.975962 -1 0.315878 -0.3352 -1 -1 -1 -0.717787 -0.840622 -1 -0.912087 -1 -1 -1 -1 -1 -0.86657 -0.287995 -1 0.340384 -1 -1 -1 0.861637 -0.98236 -0.800809 -1 -1 0.629994 -1 -0.079173 -1 -1 0.8331 -0.221198 -1 -0.833347 -1 -0.48112 -0.965878 -1 -0.95088 -1 -0.0976193 0.510866 -0.808748 0.673251 0.43661 -0.864345 0.672732 -1 -1 0.976296 -1 -0.907548 -0.9273 -1 
-1 0.0234916 -1 -0.874804 -0.636407 -1 -0.571732 0.367144 -0.930531 -1 0.839902 -0.6555 -1 -1 -1 -1 -1 -1 0.285666 0.332111 0.112783 -1 -0.0389125 -1 -1 -1 0.911695 0.164044 0.757329 -1 -0.221297 0.899857 -0.801673 -0.72684 -0.573965 -0.538881 -0.984754 -0.140381 -0.538787 -0.846113 -1 -0.912177 -0.279797 -1 -1 -0.843709 -0.875317 -1 0.523577 -0.975962 -1 0.544508 0.571536 -1 -1 -1 -1 -1 -1 -1 -0.863462 -1 -1 -0.936175 -1 -1 -0.529636 -1 0.162108 0.20642 -1 -1 0.890194 -1 -0.203952 -1 -1 0.795082 -1 -0.10343 -1 -1 0.421599 -0.221198 -0.929932 -0.14794 -0.902317 -0.295463 -0.965878 -1 -0.465245 0.312459 -0.175305 0.0688851 -1 0.675768 0.349521 -1 0.672732 -0.782734 -0.816652 0.729016 -1 -1 -0.9273 -1 
-0.805027 -0.958449 -0.813074 -1 -0.0389714 -1 -0.678909 -0.337645 -1 -1 0.929625 -0.6555 -0.844926 -1 -1 -0.936084 -1 -0.880878 0.570406 -1 -0.625545 -1 -0.0389125 -0.922248 -1 -1 0.911695 -0.72244 0.885547 -1 -0.248863 0.696806 -1 -1 -0.37926 -0.926 0.807579 0.0487214 -0.139917 -0.820051 -0.969328 -1 -0.360748 -1 -0.847816 -1 -0.947589 -1 0.592093 -0.975962 -1 0.537785 -0.0896328 -1 -1 -0.979413 -1 -1 -1 -1 -1 -0.893598 -1 -0.4741 -1 -0.778929 -0.437056 -0.889315 -0.74117 -0.748847 -1 -1 0.861637 -1 -1 -1 -1 0.0833754 -0.893764 -0.770564 -1 -1 0.637609 -0.633439 -0.797204 -0.738543 -1 -0.24591 -0.965878 -1 -1 -1 -0.861168 0.510866 -1 0.510688 0.176026 -0.862461 0.836187 -0.900133 -0.700397 0.82876 -1 -1 -0.9273 -1 
-1 0.267088 -1 -1 -0.0828236 -1 -0.678909 -0.223 -1 -1 0.805498 -0.6555 -1 -1 -1 -1 -1 -0.806293 0.326373 -0.126936 -0.981401 -1 -0.0389125 -1 -1 -1 0.642797 -0.365519 0.890137 -0.903973 -0.248863 0.646625 -0.810967 -0.760648 -1 -0.167475 0.807579 -0.107824 -0.139917 -0.820051 -1 -0.911324 -1 -1 -0.902387 -1 -1 -1 0.82487 -0.975962 -1 0.315878 -0.3352 -1 -1 -1 -1 -1 -0.800167 -0.912087 -1 -1 -1 -1 -1 -0.86657 -0.287995 -1 0.340384 -1 -1 -1 0.861637 -0.98236 -0.790599 -1 -1 0.629994 -0.827892 -0.079173 -1 -1 0.8331 -0.221198 -1 -0.833347 -0.614066 -0.430133 -0.965878 -1 -0.95088 -1 -0.132156 0.704721 -1 0.673251 0.43661 -0.864345 0.672732 -1 -1 0.976296 -1 -0.907548 -0.9273 -1 
-1 -1 -1 -1 0.254318 -1 -0.918998 0.407218 -1 -1 1 -0.197238 -1 -1 -1 -0.603202 -0.695701 -0.905228 1 0.0410694 -0.416258 -1 -0.83009 -1 -0.47975 -0.796431 0.20506 -0.251023 0.400044 -1 0.216205 0.144815 -0.321141 -1 0.17956 -0.253517 0.654484 0.0806931 -0.967769 -0.820051 -1 0.330661 -0.437082 -0.733516 -0.855482 -1 -1 -1 0.283407 -1 -1 0.36186 0.740288 -0.773463 -1 -1 -1 -1 -1 -1 -1 -1 -0.803061 -0.729552 -1 -1 -1 -1 -0.0934237 -0.802407 -1 -1 0.952261 -1 -0.354802 -1 -1 0.540122 -1 -0.309022 -1 -1 0.637609 -0.380766 -1 -0.031933 -1 -0.380901 -1 -1 -1 -1 -1 0.51009 -1 0.329688 -0.134744 -1 0.646597 -1 -0.836514 0.763601 -1 -1 -0.9273 -1 
-1 -0.299272 -1 -1 -0.0828236 -1 -0.678909 -0.103076 -1 -1 1 -0.6555 -1 -1 -1 -1 -0.297682 -1 0.435348 -0.9581 -1 -1 -0.561191 -1 -0.982684 -1 0.787201 -0.365519 0.0676898 -1 -0.248863 0.696806 -1 -0.747683 -0.37926 -1 0.93504 -0.288334 -0.621084 -0.751073 -0.997294 -0.949028 -0.611087 -1 -1 -1 -1 -0.905208 0.592093 -0.975962 -0.997044 0.697297 0.3183 -0.831591 -1 -1 -1 -1 -1 -1 -1 -1 -0.94156 -0.4741 -1 -1 -1 -1 0.398328 -0.153979 -1 -1 0.861637 -0.982426 -0.547706 -1 -0.824333 -0.220332 -1 -0.481375 -1 -1 0.518647 -0.531899 -1 -0.888038 -0.939868 -0.339695 -0.965878 -0.76023 -0.566079 -0.84214 -0.175305 -0.219646 -1 0.510688 0.431383 -1 0.672732 -0.852514 -0.913894 0.82876 -1 -1 -0.9273 -1 
-1 -0.320093 -1 -0.997375 -0.771044 -1 -0.678909 -0.223 -1 -1 0.929625 -0.6555 -1 -0.950248 -1 -1 -1 -0.806293 0.970045 -0.126936 -0.867236 -1 -0.0404038 -1 -1 -1 0.486716 -0.365519 0.890137 -0.80407 -0.248863 0.646625 -0.810967 -0.621264 -0.455963 -0.464872 0.807579 -0.107824 -0.139917 -1 -1 -1 -0.800671 -1 -0.902387 -1 -1 -1 0.603877 -0.975962 -1 0.315878 0.3183 -1 -1 -1 -1 -1 -1 -0.912087 -1 -1 -1 -1 -1 -0.86657 -0.287995 -1 0.340384 -0.8596 -1 -1 0.210447 -0.98236 -0.689826 -1 -1 0.322757 -0.827892 0.087538 -1 -1 0.637609 -0.296059 -1 -0.833347 -1 -0.48112 -0.965878 -1 -1 -0.514913 -0.132156 0.510866 -1 0.673251 0.43661 -1 0.672732 -1 -1 0.82876 -1 -0.907548 -0.9273 -1 
-1 -0.857835 -0.892509 -0.967867 -0.344666 -1 -1 0.407218 -1 -1 1 -0.373954 -1 -1 -1 -1 -1 -1 -0.244388 0.289246 -0.776366 -1 -0.910214 -1 -0.72022 0.207628 0.467132 -0.109279 0.326735 -0.8589 0.193847 0.346734 -0.553584 -1 0.17956 0.0818709 0.352656 0.339089 -0.814422 -1 -1 0.0719345 -0.623158 -0.733516 -1 -0.604757 -0.952276 -1 0.283407 -1 -1 0.36186 0.880734 -1 -1 -0.919833 -1 -0.91449 -1 -1 -1 -1 -0.952498 -0.154926 -1 -1 -1 -0.910461 -1 -1 -1 -1 0.344647 -1 -0.354802 -1 -1 0.540122 -0.57772 -0.587767 -1 -1 0.387503 -0.762128 -1 -0.945837 -1 -0.380901 -0.575881 -1 -1 -1 -1 0.807604 -0.993952 0.775958 -0.34233 -0.764999 0.490884 -1 -0.836245 0.85428 -1 -1 -1 -0.701154 
-1 -0.147291 -1 -1 -0.0828236 -1 -0.678909 -0.223 -1 -1 0.929625 -0.848445 -1 -1 -1 -1 -1 -0.806293 0.970045 -0.385971 -0.981401 -1 -0.27423 -1 -1 -1 0.329105 -0.735298 0.890137 -0.712101 -0.248863 0.251778 -1 -0.760648 -0.37926 -0.167475 0.807579 -1 -0.139917 -0.820051 -1 -0.911324 -0.360748 -1 -0.902387 -1 -0.86836 -1 0.592093 -0.975962 -1 0.671994 0.3183 -1 -1 -1 -1 -1 -1 -0.970994 -1 -1 -1 -0.4741 -1 -0.757767 -0.287995 -1 0.340384 -0.8596 -1 -1 0.861637 -0.98236 -0.813765 -1 -1 -0.273289 -0.749455 -0.079173 -1 -1 0.637609 -0.221198 -1 -0.767491 -0.966331 -0.74188 -1 -1 -0.782778 -0.514913 -0.132156 0.510866 -1 0.673251 0.493443 -0.864345 0.672732 -1 -1 0.891455 -1 -0.907548 -1 -1 
-0.968771 -0.147291 -1 -1 -0.0828236 -1 -1 -0.223 -1 -1 0.477608 -0.703637 -1 -1 -1 -0.813963 -0.877376 -0.806293 0.970045 -0.325069 -1 -1 0.148695 -1 -1 -1 0.911695 -0.365519 0.890137 -0.80407 -0.248863 0.486189 -0.810967 -0.760648 -0.37926 -0.167475 0.807579 -0.107824 -0.139917 -0.820051 -1 -1 -0.360748 -1 -0.767012 -1 -1 -1 0.7169 -0.975962 -1 0.186133 0.3183 -0.864963 -0.967 -1 -1 -1 -0.927924 -1 -0.895998 -0.908593 -1 -0.4741 -1 -0.757767 -0.679989 -1 0.568165 -0.9785 -1 -1 0.861637 -1 -1 -1 -1 0.629994 -0.827892 -0.46945 -0.862385 -1 0.637609 -0.221198 -0.981916 -0.718154 -0.966331 -0.48112 -0.965878 -1 -1 -0.514913 -0.132156 0.510866 -0.986602 0.673251 0.43661 -0.864345 0.672732 -1 -1 0.82876 -1 -0.919144 -1 -1 
-0.746118 -0.522956 -0.687794 -1 -0.0828236 -1 -0.678909 -0.223 -1 -1 0.929625 -0.6555 -0.95758 -1 -1 -1 -1 -0.880878 1 -1 -0.593908 -0.843467 -0.0389125 -0.977096 -1 -0.911159 0.900619 -0.72244 0.885547 -1 -0.875247 0.696806 -0.801673 -1 -0.37926 -0.39995 0.69262 0.0487214 -0.139917 -0.820051 -0.90287 -1 -0.581224 -0.857228 -0.998604 -1 -1 -1 0.165694 -0.975962 -1 -0.00596124 0.3183 -1 -1 -1 -1 -0.843852 -1 -1 -1 -0.893598 -1 -0.4741 -1 -0.778929 -0.287995 -0.960648 -0.954955 -0.209747 -1 -1 0.861637 -1 -0.906079 -1 -1 0.535688 -0.875798 -0.770564 -0.973106 -1 0.637609 -0.195077 -1 -0.857812 -1 -0.24591 -0.965878 -1 -1 -0.532181 -0.861168 0.510866 -1 0.510688 -0.0951213 -0.918204 0.836187 -0.900133 -0.700397 0.82876 -1 -0.82793 -0.9273 -1 
-0.756667 -0.289697 -1 -1 0.218768 -0.928401 -0.993581 0.381546 -1 -1 1 -0.748136 -1 -0.66193 -0.905281 -1 -0.964938 -0.954181 1 0.0410694 -0.416258 -1 -0.676946 -1 -1 -0.38479 0.467132 -0.198878 0.980463 -1 -0.224517 0.091141 -0.531755 -1 0.0320797 -0.224099 0.409984 -0.0424036 -1 -0.820051 -1 -0.245707 -0.265013 -0.733516 -1 -0.664972 -1 -1 0.283407 -0.82233 -0.830852 0.418041 0.298112 -1 -1 -0.919833 -1 -0.848101 -1 -1 -1 -1 -1 -0.344585 -1 -1 -1 -1 -0.0934237 -1 -1 -1 0.890194 -1 -0.354802 -0.984611 -0.903614 0.558012 -1 0.125109 -0.754091 -1 0.5394 -0.221198 -1 -0.486063 -1 -0.811349 -0.575881 -1 -1 -1 -1 0.807604 -1 0.776413 0.156961 -1 0.549264 -1 -1 0.694744 -1 -1 -0.9273 -1 
-1 -1 -1 -1 0.254318 -1 -0.918998 0.407218 -1 -1 1 -0.234376 -1 -1 -1 -0.603202 -0.695701 -1 1 0.210927 -0.416258 -1 -1 -1 -1 -0.419243 0.467132 -0.624465 0.510817 -0.768282 -0.0279741 -0.40134 -0.321141 -1 0.17956 -0.128079 0.654484 -0.039489 -0.814422 -0.820051 -1 0.247537 -0.437082 -0.733516 -0.813021 -1 -1 -1 0.283407 -1 -1 0.36186 0.740288 -1 -1 -1 -1 -1 -1 -1 -1 -1 -0.803061 -0.729552 -1 -0.864907 -1 -1 -0.0934237 -0.802407 -1 -1 0.952261 -1 -0.354802 -1 -1 0.540122 -1 0.205212 -1 -1 0.579162 -0.532962 -1 -0.031933 -1 -0.563278 -0.811111 -1 -1 -1 -1 0.51009 -1 0.329688 -0.134744 -1 0.490884 -1 -0.466535 0.932454 -0.98285 -1 -0.9273 -1 
-1 0.0234916 -0.816539 -0.874804 -0.0828236 -1 -0.571732 0.367144 -1 -1 0.839902 -0.6555 -0.911211 -1 -1 -1 -1 -1 0.285666 0.188306 0.112783 -1 -0.0389125 -1 -1 -1 0.911695 0.413322 0.757329 -1 -0.221297 0.80797 -0.801673 -0.72684 -0.573965 -0.167475 -0.126639 -0.140381 -0.139917 -0.846113 -1 -0.912177 -0.279797 -1 -1 -0.843709 -0.957027 -1 0.592093 -0.975962 -0.958689 0.507537 0.571536 -1 -1 -1 -1 -1 -1 -1 -1 -1 -1 -0.4741 -1 -1 -0.529636 -1 0.162108 0.272694 -1 -1 0.890194 -1 -0.203952 -1 -1 0.629994 -1 -0.10343 -1 -1 0.718432 -0.221198 -1 -0.14794 -0.902317 -0.310384 -0.965878 -0.889721 -0.37597 0.312459 -0.175305 0.04987 -1 0.673251 0.349521 -1 0.672732 -1 -0.816652 0.729016 -1 -1 -0.9273 -1 
-0.968771 -0.147291 -1 -1 -0.0828236 -1 -1 -0.223 -1 -1 0.580994 -0.703637 -1 -1 -1 -0.813963 -0.877376 -0.806293 0.970045 -0.126936 -1 -1 0.148695 -1 -1 -0.88602 0.911695 -0.365519 0.890137 -0.80407 -0.248863 0.251778 -0.810967 -0.760648 -0.37926 -0.167475 0.807579 -0.107824 -0.139917 -0.820051 -1 -1 -0.360748 -0.773296 -0.902387 -1 -0.86836 -1 0.592093 -0.975962 -1 0.671994 0.3183 -1 -1 -1 -1 -1 -0.927924 -0.912087 -1 -0.908593 -1 -0.4741 -1 -0.757767 -0.287995 -1 0.568165 -0.8596 -1 -1 0.861637 -0.98236 -0.862797 -1 -1 0.629994 -0.827892 -0.46945 -1 -1 0.637609 -0.221198 -1 -0.833347 -0.966331 -0.48112 -0.965878 -1 -1 -0.514913 -0.132156 0.510866 -1 0.673251 0.43661 -0.864345 0.672732 -1 -1 0.82876 -1 -0.907548 -1 -1 
-1 -0.0693874 -1 -0.808708 -0.0828236 -1 -0.678909 -0.690802 -1 -1 0.929625 -0.6555 -1 -1 -1 -1 -1 -0.806293 0.970045 -0.126936 -0.981401 -1 -0.0389125 -1 -1 -1 0.911695 -0.555835 0.890137 -0.751415 -0.455576 0.646625 -0.810967 -0.843138 -0.455963 -0.167475 0.807579 -0.107824 -0.139917 -0.820051 -1 -0.911324 -0.800671 -1 -0.902387 -1 -0.831225 -1 0.82487 -0.975962 -1 0.315878 0.3183 -0.997393 -1 -1 -1 -1 -1 -0.912087 -1 -1 -1 -1 -1 -0.86657 -0.287995 -1 0.340384 -0.8596 -0.851059 -1 0.861637 -1 -0.547706 -1 -1 0.629994 -0.827892 -0.079173 -1 -1 0.637609 -0.3357 -1 -0.833347 -1 -0.48112 -1 -1 -0.95088 -0.514913 -0.132156 0.510866 -1 0.673251 0.0474623 -1 0.672732 -1 -1 0.82876 -1 -0.907548 -0.9273 -1 
-0.0310278 -0.501879 0.234477 -0.00138617 -0.187079 0.33741 0.830435 0.97017 0.969617 -0.257316 -1 0.117519 -0.147694 0.667102 -1 0.387361 -0.906913 -1 -1 -0.436265 0.244363 -0.176902 -0.060461 -0.54337 -0.942737 0.342252 -0.0948363 0.844703 -0.185945 0.880162 -0.425147 0.869005 0.388443 0.476145 0.88413 -1 -1 -1 -0.23264 -1 0.832198 0.530212 -0.537915 -0.916937 -0.657384 0.621381 0.594267 -0.0429515 0.159739 -1 -0.19759 -0.71032 -1 -0.63399 0.276678 -0.939335 -0.217783 -0.27627 0.205225 0.709795 -0.270636 0.522941 0.169375 0.441728 0.485882 -0.498815 0.170636 0.289359 -0.179608 -0.231223 0.846627 -0.188076 0.6877 -0.696848 0.513182 -0.547803 0.824843 -0.565658 0.229466 -0.825186 0.529846 0.0413936 0.160323 0.440162 -0.0924588 0.0457232 -0.693123 0.427857 -0.693603 -1 0.288196 -0.811873 0.329123 -0.487831 0.39091 -0.524645 0.403741 -0.485862 -0.162686 -0.153423 0.0886079 -1 -0.772007 -0.635746 0.457609 0.165161 
-1 -0.929979 -0.816539 -1 -0.0828236 -1 -1 0.210804 -1 -1 0.839902 -0.540244 -1 -1 -1 -1 -1 -1 0.970045 0.188306 -0.768364 -1 0.191821 -0.805753 -1 -0.862179 0.388945 -0.00995353 0.599959 -1 0.265081 0.154263 -0.990481 -0.72684 -0.285546 -0.969534 0.807579 -0.57567 -0.139917 -0.878719 -1 -1 -0.279797 -0.873523 -1 -0.946578 -1 -1 0.592093 -1 -1 -0.115894 0.146434 -1 -1 -0.797344 -1 -1 -1 -0.912087 -1 -0.997447 -1 -1 -0.663136 -1 -1 -1 -0.097831 0.0719452 -0.803503 -1 0.471014 -1 -0.360244 -1 -1 0.629994 -1 -0.0706192 -1 -1 0.385433 -0.71067 -1 -0.031933 -1 -0.310384 -0.965878 -0.828592 -0.683443 0.312459 -0.175305 0.569072 -1 0.638552 0.349521 -1 0.449234 -0.822746 -0.953057 0.369716 -1 -1 -1 -1 
-0.606756 -0.289697 -1 -1 0.134609 -1 -0.993581 0.311127 -1 -1 1 -0.197238 -1 -0.66193 -1 -0.999333 -0.751236 -0.954181 1 0.0410694 -0.667802 -1 -0.676946 -0.968171 -1 0.207628 0.540381 -0.0836794 1 -1 -0.224517 0.091141 -0.531755 -1 0.0320797 -0.414502 0.409984 0.143262 -0.814422 -0.820051 -1 -0.245707 -0.265013 -0.733516 -1 -0.664972 -1 -1 0.283407 -0.82233 -0.830852 0.447671 0.298112 -1 -0.823262 -0.919833 -1 -0.848101 -1 -1 -1 -1 -0.952498 -0.344585 -1 -1 -1 -1 -0.0934237 -1 -1 -1 0.890194 -1 -0.354802 -1 -0.903614 0.558012 -0.772866 0.125109 -0.754091 -1 0.683492 -0.221198 -1 -0.486063 -1 -0.811349 -0.385324 -1 -1 -1 -1 0.807604 -1 0.776413 0.0065062 -1 0.490884 -1 -0.753034 0.694744 -1 -1 -0.9273 -0.84174 
-1 0.021539 -1 -1 -0.0828236 -1 -0.941211 -0.399479 -1 -1 0.978589 -1 -1 -1 -0.829731 -1 -1 -0.806293 0.655987 -0.211911 -1 -1 -0.0389125 -1 -0.779293 -1 0.461773 -0.365519 0.299666 -0.80407 -0.248863 0.585143 -1 -0.747683 -1 -0.0411191 0.436035 -0.000873774 0.0516347 -0.783558 -1 -0.911324 -0.663678 -1 -0.902387 -1 -0.940286 -1 0.592093 -1 -1 -0.820307 0.375043 -0.952837 -1 -1 -1 -1 -1 -1 -1 -1 -1 -0.4741 -1 -0.757767 -0.783938 -0.809684 -0.383546 -0.777295 -0.634841 -1 0.535003 -0.98236 -0.865088 -0.981665 -1 0.858769 -1 -0.079173 -1 -1 0.341472 -0.791934 -1 -1 -0.725213 -0.48112 -1 -1 -1 -1 -0.186548 0.52243 -1 0.673251 0.561073 -0.780238 0.672732 -1 -1 0.856013 -1 -0.897179 -1 -1 
-0.753934 -0.485623 -0.949149 -0.733286 0.194891 -1 -1 0.618986 -1 -0.948382 -0.235955 -0.0151551 -0.734415 -1 -0.820663 -1 -0.685519 -1 1 0.188306 -0.930957 -1 -0.181299 -1 -0.819242 0.207172 0.0218635 -0.116237 -0.301193 -1 0.71609 0.0998488 -1 -1 0.137764 -0.393648 0.46175 0.143262 -1 -0.531123 -1 -0.667486 -0.822929 -0.508323 -1 -1 -1 -1 0.277373 -1 -0.794793 0.823621 0.24125 -1 -1 -0.661031 -1 -1 -0.818467 -1 -1 -0.860428 -1 -0.961548 -1 -1 -1 -0.9337 0.153501 -0.144099 -1 -1 0.890194 -1 -0.354802 -1 -1 -0.769768 -1 -0.598076 -0.867855 -1 0.779439 -0.221198 -0.748344 -0.540385 -0.633231 -1 -1 -1 -0.855315 0.312459 -0.921666 0.807604 -1 0.776413 0.0419978 -1 0.690974 -1 -0.509746 0.206685 -1 -1 -1 -1 
-1 -1 -1 -1 0.254318 -1 -0.918998 0.407218 -1 -1 1 -0.424635 -1 -1 -1 -0.603202 -0.695701 -1 1 0.0410694 -0.416258 -1 -1 -1 -0.47975 -0.419243 0.467132 -0.624465 0.510817 -0.768282 0.216205 -0.40134 -0.321141 -1 0.17956 0.0818709 0.654484 0.0806931 -0.814422 -0.820051 -1 0.247537 -0.437082 -0.733516 -0.855482 -1 -1 -1 0.283407 -1 -1 0.36186 0.740288 -1 -1 -1 -1 -1 -1 -1 -1 -1 -0.803061 -0.729552 -1 -1 -1 -1 -0.0934237 -0.802407 -1 -1 0.952261 -1 -0.354802 -1 -1 0.540122 -1 0.205212 -1 -1 0.524047 -0.280235 -1 -0.031933 -1 -0.380901 -0.811111 -1 -1 -1 -1 0.51009 -1 0.329688 -0.134744 -1 0.490884 -1 -0.466535 0.932454 -1 -1 -0.9273 -1 
-1 0.267088 -1 -1 -0.0828236 -1 -0.678909 -0.183891 -1 -1 0.929625 -0.6555 -1 -1 -1 -1 -0.82956 -0.806293 0.970045 -0.291079 -0.981401 -1 -0.0389125 -1 -1 -1 0.821436 -0.365519 0.786215 -0.983253 -0.977699 0.646625 -0.810967 -0.760648 -0.455963 -0.167475 0.807579 -0.107824 -0.139917 -0.820051 -1 -1 -0.800671 -1 -0.902387 -1 -1 -1 0.82487 -1 -1 0.315878 0.153191 -1 -1 -1 -1 -0.973568 -1 -1 -0.916586 -1 -1 -1 -1 -0.86657 -0.287995 -1 -0.142139 -1 -1 -1 0.830334 -0.98236 -0.465155 -1 -1 0.629994 -0.827892 -0.233586 -1 -1 0.816502 -0.221198 -1 -0.833347 -1 -0.314929 -0.965878 -1 -0.95088 -0.514913 -0.132156 0.510866 -1 0.673251 0.43661 -0.864345 0.444486 -1 -1 0.82876 -1 -1 -0.9273 -1 
-0.756667 -0.759712 -1 -0.940388 0.274793 -1 -1 0.407218 -1 -1 0.45063 -0.352368 -1 -1 -1 -0.853694 -0.689624 -1 0.754906 -0.112025 -1 -1 -1 -0.987489 -0.943648 -0.668196 -0.563139 0.0769036 0.980463 -1 0.18828 0.173116 -0.362087 -1 0.304272 0.0818709 0.46175 0.195101 -1 -1 -1 0.247537 -0.361365 -0.733516 -1 -1 -1 -1 0.376547 -1 -0.970366 0.183451 0.905129 -1 -1 -0.850459 -1 -0.926772 -1 -1 -1 -1 -1 -0.875146 -1 -0.906596 -1 -1 -1 -0.70426 -1 -0.746103 0.890194 -1 -1 -1 -1 0.431511 -0.921948 -0.172224 -0.951276 -1 0.358172 -0.379496 -1 0.278842 -1 -0.408368 -0.961826 -1 -1 -1 -0.811373 0.489727 -1 0.848557 -0.317474 -0.917376 0.247474 -0.903554 -0.700397 0.532607 -1 -1 -1 -1 
-0.876024 0.0234916 -1 -0.874804 -0.0828236 -1 -0.571732 0.216548 -0.897481 -1 0.839902 -0.6555 -0.911211 -1 -1 -1 -1 -1 0.285666 0.188306 0.112783 -1 -0.0389125 -1 -1 -1 -0.135588 0.413322 0.757329 -1 -0.221297 0.80797 -0.801673 -0.72684 -0.573965 -0.167475 -0.126639 -0.140381 -0.139917 -1 -1 -0.912177 -0.279797 -1 -1 -1 -0.957027 -1 0.592093 -0.894311 -0.958689 0.457058 0.765844 -1 -1 -1 -1 -1 -1 -1 -1 -1 -1 -0.981988 -0.87671 -1 -0.542692 -1 0.162108 0.0392245 -1 -1 0.890194 -1 -1 -1 -1 0.629994 -1 -0.492812 -0.915523 -1 0.930092 -0.391523 -1 -0.14794 -0.902317 -0.310384 -0.965878 -1 -0.37597 -0.160261 -0.287853 0.04987 -1 0.673251 0.100954 -1 0.846788 -1 -0.816652 0.580752 -0.828552 -1 -0.9273 -1 
-0.843474 -0.231584 -1 -1 -0.0828236 -1 -1 -0.223 -1 -1 0.929625 -1 -1 -0.904725 -1 -0.813963 -0.877376 -0.806293 0.970045 -0.126936 -1 -1 0.148695 -1 -1 -1 0.911695 -0.365519 0.890137 -0.80407 -0.248863 -0.116338 -0.810967 -0.760648 -0.37926 -0.167475 0.807579 -0.107824 -0.697601 -0.820051 -1 -1 -0.360748 -1 -0.902387 -1 -0.86836 -1 0.592093 -0.975962 -1 0.671994 0.3183 -1 -1 -1 -1 -1 -0.927924 -0.912087 -1 -0.908593 -1 -0.4741 -1 -0.757767 -0.287995 -1 0.568165 -0.8596 -1 -1 0.861637 -0.98236 -0.547706 -1 -1 0.629994 -1 -0.46945 -1 -1 0.637609 -0.221198 -1 -0.833347 -1 -0.48112 -0.965878 -1 -0.95088 -0.514913 -0.132156 0.510866 -1 0.673251 0.43661 -0.864345 0.473514 -1 -1 0.164299 -1 -0.907548 -0.992611 -1 
-0.567638 -0.857835 -1 -0.967867 0.43276 -1 -0.975499 0.0922386 -1 -1 1 -0.197238 -1 -1 -1 -0.603202 -1 -0.890534 -0.628392 0.289246 -0.416258 -1 -0.82061 -1 -0.722832 0.048416 0.467132 0.241599 -0.549931 -1 0.193847 0.346734 -0.450512 -1 0.0178115 -0.292844 0.46175 -0.500078 -1 -1 -1 -0.241719 -0.292278 -0.733516 -1 -0.955534 -1 -1 0.004585 -1 -1 0.36186 0.725499 -1 -1 -0.976112 -1 -0.91449 -1 -0.616573 -1 -1 -0.952498 -0.710845 -1 -0.810986 -1 -0.910461 -0.269551 -1 -1 -0.925004 1 -1 -0.354802 -1 -1 0.540122 -1 -0.00257085 -1 -1 0.457307 -1 -1 0.0932499 -1 -0.421838 -0.575881 -1 -1 -1 -1 0.784034 -1 0.457632 -0.34233 -0.81658 0.490884 -1 -1 1 -1 -0.947618 -1 -1 
-1 -0.147291 -1 -1 -0.0828236 -1 -1 -0.223 -1 -1 0.617001 -0.888266 -1 -1 -1 -0.813963 -0.845274 -0.806293 0.970045 -0.126936 -1 -1 0.128745 -0.923946 -0.967227 -1 0.911695 -0.648694 0.88371 -0.80407 -0.579331 0.251778 -0.810967 -0.760648 -0.37926 -0.325068 0.877197 -0.485625 -0.0502144 -0.976933 -0.852473 -0.983317 -0.756591 -1 -0.765297 -1 -0.86836 -1 0.592093 -0.975962 -1 0.216107 0.3183 -1 -1 -1 -1 -1 -0.927924 -0.912087 -1 -0.908593 -1 -0.4741 -1 -0.757767 -0.287995 -1 0.568165 -0.8596 -1 -1 0.861637 -0.98236 -0.537048 -1 -1 0.629994 -0.827892 -0.46945 -1 -1 0.449894 -0.221198 -0.838093 -0.879414 -0.966331 -0.825217 -0.965878 -1 -0.95088 -0.514913 -0.180913 0.510866 -1 0.673251 0.43661 -1 0.672732 -1 -1 0.82876 -1 -0.748346 -1 -1 
-0.805027 -0.958449 -0.813074 -1 -0.0389714 -1 -0.678909 -0.337645 -1 -1 0.929625 -0.6555 -0.844926 -1 -1 -0.936084 -1 -0.880878 0.382068 -1 -0.625545 -1 -0.0389125 -1 -1 -1 0.911695 -0.72244 0.885547 -1 -0.248863 0.696806 -1 -1 -0.37926 -0.926 0.807579 0.187573 -0.727423 -1 -0.969328 -1 -0.360748 -1 -0.847816 -0.835536 -0.947589 -1 0.462629 -0.975962 -1 0.537785 -0.0896328 -1 -1 -0.979413 -1 -1 -1 -1 -1 -0.893598 -1 -0.4741 -1 -0.778929 -0.803058 -0.889315 -0.74117 -0.748847 -1 -1 0.861637 -1 -1 -1 -1 0.0833754 -0.893764 -0.996392 -1 -0.817445 0.637609 -0.633439 -0.797204 -0.738543 -1 -0.24591 -1 -1 -1 -1 -0.861168 0.681751 -1 0.510688 0.176026 -0.862461 0.836187 -0.900133 -1 0.82876 -1 -1 -0.9273 -1 
-1 -0.0760336 -0.708036 -1 -1 -1 -0.571732 0.0904429 -1 -1 0.445639 -0.116874 -0.976052 -1 -1 -1 -0.554837 -1 0.142775 0.188306 -1 -1 0.0744967 -0.948521 -1 -1 0.792958 0.0882847 0.742739 -1 -0.312048 0.933246 -0.731222 -0.657553 -0.32904 -0.353935 0.166876 -0.465327 -0.282383 -0.687229 -1 -0.347918 -0.265013 -1 -1 -1 -1 -0.901445 0.724973 -0.975962 -1 0.447142 0.236146 -1 -0.37654 -1 -1 -1 -0.67262 -0.671056 -1 -0.934725 -1 -0.4741 -0.836886 -1 -0.586427 -1 0.115006 0.272694 -1 -1 -0.891168 -0.800976 -0.178495 -0.991826 -1 -0.359502 -1 0.0824071 -0.986704 -1 0.455662 -0.221198 -1 -0.571757 -1 -0.310384 -0.405871 -0.950337 -0.294844 0.101141 -0.34551 0.248426 -0.863673 0.0155433 0.486936 -0.966078 0.878785 -1 -1 0.288606 -1 -1 -1 -0.843873 
-1 0.105877 -1 -1 -0.0828236 -1 -1 -0.316408 -1 -1 1 -0.6555 -1 -0.698069 -1 -1 -0.297682 -1 0.970045 -0.669564 -0.693936 -1 -0.169216 -0.922248 -0.824771 -1 0.911695 -0.517005 0.757329 -1 -0.248863 0.696806 -1 -0.747683 -0.37926 -0.167475 0.807579 -0.947475 -0.122364 -0.820051 -1 -0.949028 -0.360748 -1 -0.831293 -1 -1 -1 0.592093 -0.975962 -1 0.266486 0.3183 -1 -0.963276 -1 -1 -1 -1 -1 -1 -1 -1 -0.4741 -1 -1 -1 -1 0.489505 -0.153979 -1 -1 0.861637 -1 -1 -1 -1 0.179836 -1 -0.464239 -1 -1 0.518647 -0.531899 -0.763038 -0.888038 -0.939868 -0.409891 -1 -0.822302 -0.37597 -0.281492 -0.175305 0.0865623 -1 0.510688 0.701542 -1 0.672732 -1 -0.913894 0.82876 -1 -1 -0.9273 -1 
-0.756667 -0.759712 -1 -0.940388 0.274793 -1 -1 0.407218 -1 -1 0.45063 -0.352368 -0.867224 -1 -1 -0.853694 -0.689624 -1 0.624921 -0.352097 -0.954777 -1 -1 -0.987489 -0.72022 -0.406697 -0.0900416 0.340569 0.980463 -1 0.18828 0.527211 -0.362087 -1 0.304272 0.0818709 0.46175 0.143262 -1 -1 -0.772439 -0.0437962 -0.929094 -1 -1 -0.587482 -1 -1 0.376547 -1 -0.970366 0.589132 0.905129 -1 -1 -1 -1 -0.926772 -0.807909 -1 -1 -1 -1 -0.875146 -1 -0.969883 -1 -0.817101 -1 -0.70426 -1 -0.863032 0.890194 -0.90398 -1 -1 -1 0.431511 -1 -0.172224 -0.754091 -1 -0.0915575 -0.379496 -0.88903 0.142868 -1 -0.408368 -0.961826 -1 -1 -1 -1 0.489727 -1 0.776413 -0.134744 -1 0.66014 -0.903554 -0.700397 0.570317 -0.856082 -1 -1 -1 
-1 0.232799 -1 -0.997375 -0.640956 -1 -0.678909 -0.223 -1 -1 0.929625 -0.525598 -1 -1 -1 -1 -1 -0.806293 0.702529 -0.126936 -0.867236 -1 -0.0389125 -1 -1 -1 0.540721 -0.365519 0.890137 -0.80407 -0.248863 0.646625 -0.810967 -0.728847 -0.40554 -0.540781 0.809591 -0.148275 -0.139917 -0.820051 -1 -1 -0.800671 -1 -0.795171 -1 -1 -1 0.603877 -0.975962 -1 -0.406706 0.3183 -1 -1 -1 -1 -1 -1 -0.912087 -1 -1 -1 -1 -1 -0.86657 -0.287995 -1 0.340384 -0.8596 -1 -0.8024 0.698901 -0.98236 -1 -0.984198 -1 0.629994 -1 -0.079173 -1 -1 0.637609 -0.296059 -1 -1 -1 -0.48112 -1 -1 -1 -0.514913 -0.132156 0.544799 -0.927979 0.742081 0.43661 -1 0.672732 -1 -1 0.931436 -1 -0.907548 -0.9273 -1 
-1 -0.147291 -1 -1 -0.0828236 -1 -1 -0.223 -1 -1 0.929625 -0.888266 -1 -1 -1 -0.813963 -0.845274 -0.806293 0.970045 -0.126936 -1 -1 0.128745 -0.923946 -0.967227 -1 0.911695 -0.648694 0.88371 -0.80407 -0.248863 0.251778 -0.810967 -0.760648 -0.37926 -0.325068 0.877197 -0.485625 -0.0502144 -0.976933 -0.852473 -0.983317 -0.756591 -1 -0.765297 -1 -0.86836 -1 0.592093 -0.975962 -1 0.216107 0.3183 -1 -1 -1 -1 -1 -0.927924 -0.912087 -1 -0.908593 -1 -0.4741 -1 -0.757767 -0.287995 -1 0.568165 -0.8596 -1 -1 0.861637 -0.98236 -0.547706 -1 -1 0.629994 -0.827892 -0.46945 -1 -1 0.449894 -0.221198 -0.838093 -0.879414 -0.966331 -1 -0.965878 -1 -0.95088 -0.514913 -0.180913 0.510866 -1 0.673251 0.43661 -1 0.672732 -1 -1 0.82876 -1 -0.748346 -1 -1 
-0.756667 -0.450677 -0.816948 -1 0.254318 -1 -1 0.407218 -1 -1 1 -0.197238 -1 -0.474842 -1 -0.633845 -0.468834 -1 0.890389 -0.455792 -0.416258 -0.97431 -0.817445 -1 -1 -0.354284 0.321996 0.449409 0.739515 -0.994719 0.216205 0.346734 -1 -1 -0.243257 0.0818709 0.46175 0.201591 -0.618369 -0.627988 -0.851354 0.0619761 -0.541312 -0.747105 -1 -1 -0.98109 -1 -0.184114 -1 -1 0.107709 0.319063 -1 -1 -1 -0.836191 -1 -1 -1 -1 -1 -1 -0.344585 -1 -1 -1 -0.994132 -1 -1 -1 -0.882783 0.840003 -1 -1 -0.939399 -1 0.540122 -0.577985 -0.343651 -0.842232 -1 0.358172 -0.221198 -1 0.170548 -1 -0.354759 -0.575881 -0.864264 -0.907621 -1 -1 0.785304 -1 0.836301 -0.117212 -1 0.490884 -1 -1 0.947143 -0.82004 -0.858169 -0.9273 -0.701154 
-0.756667 -0.86906 -0.892509 -1 -0.133236 -1 -1 0.0559936 -1 -1 1 -0.373954 -1 -1 -0.807222 -0.865529 -1 -0.954181 0.2071 0.284245 -0.776366 -0.81713 -0.803323 -1 -0.72022 0.207628 0.467132 -0.571396 -0.272516 -0.794743 0.193847 0.346734 -0.553584 -1 0.17956 -0.126228 0.352656 0.339089 -0.814422 -1 -0.921992 -0.400575 -0.756805 -1 -0.99223 -0.604757 -1 -1 -0.00560376 -1 -1 0.36186 0.232533 -1 -1 -0.919833 -1 -0.91449 -1 -1 -0.820321 -1 -0.952498 -0.154926 -1 -0.985886 -1 -0.982739 -0.492428 -1 -1 -1 0.344647 -1 -0.354802 -1 -0.929268 0.540122 -0.57772 -0.587767 -1 -1 0.634605 -0.762128 -1 -0.504726 -1 -0.380901 -0.575881 -1 -1 -1 -1 0.807604 -1 0.775958 -0.34233 -0.764999 0.347931 -1 -0.836245 1 -1 -1 -1 -0.701154 
-1 -0.299467 -1 -1 -0.0828236 -1 -0.678909 -0.223 -1 -1 0.978589 -1 -1 -1 -0.829731 -1 -1 -0.806293 0.605024 -1 -1 -1 -0.158391 -1 -0.573157 -0.869803 0.382834 -0.656542 0.299666 -0.80407 -0.248863 0.532469 -0.825164 -0.747683 -1 -0.0411191 0.436035 -0.237181 -0.139917 -0.783558 -1 -1 -0.482417 -1 -0.902387 -1 -0.857841 -1 0.592093 -1 -1 -1 0.057225 -1 -1 -0.917054 -1 -1 -1 -0.995901 -1 -1 -1 -0.685731 -1 -0.757767 -0.287995 -1 -0.11245 -0.777295 -0.667263 -0.897089 0.861637 -0.98236 -0.865088 -1 -1 0.728731 -1 -0.423851 -1 -1 0.383971 -1 -1 -0.833347 -0.907205 -0.440439 -1 -0.822692 -1 -1 -0.186548 0.52243 -1 0.673251 0.43661 -0.780238 0.731326 -1 -1 0.82876 -1 -1 -1 -1 
-1 0.267088 -1 -0.808708 -0.0828236 -1 -0.678909 -0.690802 -1 -1 0.929625 -0.6555 -1 -1 -1 -1 -1 -0.806293 0.973934 -0.126936 -0.981401 -1 -0.00862567 -1 -1 -1 0.911695 -0.365519 0.890137 -0.80407 -0.248863 0.646625 -0.810967 -0.760648 -0.455963 -0.167475 0.807579 -0.63716 -0.105044 -0.820051 -1 -0.911324 -0.800671 -1 -0.840101 -1 -0.831225 -1 0.82487 -0.975962 -1 0.155859 0.3183 -0.997393 -1 -1 -1 -1 -1 -1 -1 -1 -1 -1 -1 -0.86657 -0.287995 -1 0.37021 -0.8596 -1 -1 0.861637 -0.98236 -0.547706 -1 -1 0.629994 -0.827892 -0.079173 -1 -1 0.637609 -0.221198 -1 -0.833347 -1 -0.48112 -1 -1 -0.95088 -0.514913 -0.21351 0.510866 -1 0.673251 0.0474623 -1 0.672732 -1 -1 0.82876 -1 -0.907548 -0.9273 -1 
-1 0.021539 -1 -1 -0.0828236 -1 -0.941211 -0.149519 -1 -1 1 -1 -1 -1 -0.829731 -1 -1 -0.806293 0.655987 -0.211911 -0.988268 -1 -0.0389125 -1 -0.779293 -0.933727 0.461773 -0.365519 0.319142 -0.80407 -0.248863 0.585143 -1 -1 -1 -0.557028 0.436035 -0.000873774 0.0516347 -0.783558 -1 -0.911324 -0.377361 -1 -0.902387 -1 -0.940286 -1 0.592093 -1 -0.950379 -0.820307 0.375043 -0.98464 -1 -1 -1 -1 -1 -1 -1 -1 -1 -0.4741 -1 -0.60461 -0.783938 -0.809684 -0.383546 -0.777295 -0.816138 -1 0.306478 -0.98236 -0.865088 -1 -1 0.858769 -1 -0.079173 -1 -1 0.341472 -0.791934 -0.912791 -1 -0.725213 -0.48112 -1 -1 -1 -1 -0.186548 -0.0221813 -1 0.673251 0.43661 -0.780238 0.672732 -1 -1 0.856013 -1 -0.897179 -1 -1 
-1 0.0234916 -0.816539 -0.874804 -0.0828236 -1 -0.571732 0.498201 -1 -1 0.839902 -0.6555 -0.911211 -1 -1 -1 -1 -1 0.268291 0.188306 0.0818815 -1 -0.0389125 -1 -1 -1 0.911695 0.413322 0.757329 -1 -0.221297 0.80797 -0.801673 -0.72684 -0.573965 -0.167475 -0.126639 -0.140381 -0.014874 -0.846113 -1 -0.912177 -0.279797 -1 -1 -0.843709 -0.957027 -1 0.592093 -0.975962 -0.958689 0.507537 0.571536 -1 -1 -1 -1 -1 -1 -1 -1 -1 -1 -0.4741 -1 -1 -0.529636 -1 0.152957 0.435476 -1 -1 0.611799 -1 -0.203952 -1 -1 0.706317 -1 -0.10343 -1 -1 0.718432 -0.221198 -1 -0.14794 -0.902317 -0.310384 -0.965878 -0.889721 -0.37597 0.312459 -0.175305 0.04987 -1 0.673251 0.349521 -1 0.672732 -1 -0.816652 0.729016 -1 -1 -1 -1 
