0.0707448 -1 -0.857354 -0.863774 0.572661 -1 -1 -0.984142 -1 -0.704812 -0.927578 -0.704778 -1 -0.847697 -1 -1 1 -1 -0.0694933 -0.731144 0.487745 -0.76818 -1 0.125115 -0.958731 -1 -1 -0.609024 -1 -1 -1 0.327141 -0.844521 0.42323 -1 -1 0.299403 -0.643013 -0.897038 -1 -1 -0.237364 -1 -1 -0.590803 -0.32615 -0.945431 0.269905 -1 -1 -1 -0.822809 -1 -0.630719 -1 -0.832248 -0.983275 -0.995501 -0.885729 -1 -0.987279 -0.957876 -0.350975 -0.907288 0.116702 -0.392627 -1 -0.0106093 -1 0.544317 -0.87748 -0.952731 0.488035 -0.164549 -0.664516 -1 -1 -0.357628 -1 -0.865374 -0.0713056 -1 -0.239602 0.21795 -1 -1 -0.810146 1 -0.795209 -0.917776 -0.516496 -0.554142 -1 0.776421 0.657712 -1 -1 -0.385302 -0.550131 -0.615796 -0.925413 -1 -0.692608 -1 -0.599122 -1 
0.834636 -0.299609 -1 -1 0.907759 -0.831124 -1 0.636754 -1 -1 -0.564356 -0.75908 -1 -1 -0.845103 -0.921949 0.813644 -1 -0.0610147 -1 0.0305243 -1 -1 0.267181 -1 -0.934868 -1 -1 -0.580857 -0.860739 -0.869818 0.920214 -0.559689 0.337211 -1 -1 0.321825 -0.652918 -0.197359 -1 -0.830956 -0.436731 -1 -1 0.366558 -0.775364 -1 0.325979 -1 -1 -0.335799 -0.190803 -1 -0.722694 -1 -1 -1 -0.329404 -0.457789 -0.508863 -0.650084 -0.685134 -0.126226 -1 -0.993385 -0.670955 -0.977878 -0.590198 -1 0.508779 -1 -0.941805 -0.0757333 -0.458111 -0.0159155 -1 -1 0.516664 -0.882085 -0.553398 0.292683 -1 -0.559274 -0.581095 -0.977704 -0.111441 -1 0.585377 0.342135 -0.935117 -1 0.224653 -1 -0.209943 0.969104 -0.96364 -0.979301 -0.666044 -0.242319 -0.675939 -1 -0.378758 -1 -0.557851 -0.631765 -0.779479 
0.834636 -0.299609 -1 -1 0.907759 -1 -1 0.636754 -1 -1 -0.564356 -0.75908 -1 -1 -0.845103 -1 0.813644 -1 0.279245 -1 0.0305243 -1 -1 0.267181 -1 -0.934868 -1 -0.811729 -0.580857 -0.860739 -0.869818 0.960502 -0.559689 0.337211 -1 -1 0.321825 -0.74833 -0.197359 -1 -1 -0.436731 -1 -1 0.366558 -0.32615 -1 0.325979 -1 -1 -0.335799 -0.611152 -0.763693 -0.722694 -1 -1 -1 -0.329404 -0.457789 -0.508863 -1 -1 -0.126226 -0.566576 -0.993385 -0.670955 -0.977878 -0.590198 -1 0.508779 -1 -0.941805 -0.0757333 -0.458111 -0.0159155 -0.984185 -0.903964 0.516664 -0.882085 -0.553398 0.292683 -1 -0.559274 -0.581095 -0.977704 -0.111441 -1 0.585377 0.342135 -0.935117 -0.948478 0.224653 -1 -0.209943 0.969104 -0.96364 -0.979301 -0.0901314 -0.242319 -0.675939 -1 -0.378758 -1 -0.557851 -0.165477 -0.779479 
0.451322 -0.299609 -0.922964 -1 0.803282 -1 -1 0.630494 -1 -1 -0.980188 -0.964095 -1 -1 -0.845103 -1 0.813644 -1 -0.297831 -1 -0.865474 -1 -0.980478 0.267181 -1 -0.768773 -1 -0.811729 -0.580857 -1 -0.869818 0.920214 -1 0.360069 -1 -1 0.321825 -0.953728 -0.839394 -1 -0.964814 -0.436731 -1 -1 0.366558 -0.440876 -0.896976 -0.247435 -0.808055 -1 -0.335799 -0.190803 -0.763693 -1 -1 -1 -0.966461 -0.313102 -0.541884 -0.508863 -0.650084 -1 -0.126226 -0.566576 -0.851069 -0.670955 -0.977878 -1 -1 0.508779 -1 -0.941805 -0.0757333 -0.458111 -0.0386545 -0.984185 -1 0.516664 -1 -0.553398 0.292683 -0.978913 -0.924936 -0.581095 -0.870562 -0.541389 -1 0.585377 0.342135 -0.842872 -0.862365 -0.148724 -1 -0.671204 0.969104 -0.96364 -0.979301 -0.0901314 -0.242319 -0.889013 -0.991682 -0.306691 -1 -0.606738 -0.329453 -0.779479 
0.127324 -0.939105 -0.857354 -1 0.572661 -0.941 -1 -1 -1 -0.792928 -0.92257 -0.704778 -1 -1 -1 -1 1 -1 -0.0694933 -0.731144 0.487745 -1 -1 0.354176 -0.925869 -1 -1 -0.633631 -1 -1 -1 0.149828 -0.844521 0.397413 -1 -1 0.299403 -0.668075 -1 -0.835008 -1 -0.0697575 -1 -1 -0.590803 -0.47297 -0.945431 0.269905 -1 -1 -1 -0.8699 -1 -0.630719 -1 -0.832248 -0.983275 -0.995501 -1 -1 -0.987279 -1 -0.441318 -0.907288 0.116702 -0.582763 -1 -0.0106093 -1 0.0601016 -0.899692 -1 0.488035 -0.58055 -0.552553 -0.850655 -1 -0.6823 -1 -0.865374 -0.0713056 -1 -0.239602 0.21795 -1 -0.95856 -1 1 -0.699458 -0.917776 -0.516496 -0.554142 -1 0.776421 0.657712 -1 -1 -0.385302 -0.417837 -1 -1 -1 -0.692608 -0.803021 -0.625865 -1 
-0.227488 -0.973885 -0.852821 -0.827299 0.572661 -1 -1 -0.630215 -1 -0.499572 -1 -0.997695 -1 -1 -1 -1 0.825455 -0.857011 0.02709 -1 0.408688 -0.762328 -0.970527 0.321425 -0.980443 -1 -1 -0.26208 -1 -1 -1 0.117032 -0.712635 0.458266 -0.999807 -1 0.183352 -0.977245 -1 -0.88997 -1 -0.443096 -0.718045 -1 0.0124791 -0.154072 -0.945431 0.330837 -1 -1 -0.89867 -0.419964 -0.721768 -0.936753 -1 -0.917782 -1 -0.882409 -1 -1 -1 -1 -0.0531889 -1 -0.219241 -0.943479 -0.958874 0.117922 -1 -0.792406 -0.761162 -1 0.331844 -0.633555 -0.720572 -1 -0.822402 -0.575953 -1 -0.964553 0.279182 -0.955563 0.121046 0.22211 -0.902113 -1 -0.810146 0.615286 -0.847961 -1 -0.369035 -0.377798 -1 0.647179 0.100361 -1 -1 -0.588772 -0.474816 -0.894373 -1 -1 -0.611852 -1 -0.672003 -0.901287 
0.834636 -0.299609 -0.981563 -1 0.804582 -1 -0.989273 0.138365 -1 -0.788444 -0.640627 -0.75908 -1 -1 -0.872836 -1 0.813644 -1 0.279245 -0.946481 -0.495173 -1 -0.932811 0.267181 -0.869159 -1 -1 -1 -0.580857 -1 -1 0.668341 -0.559689 0.492159 -1 -1 -0.0918928 -0.922873 -0.892825 -1 -1 -0.783596 -1 -1 -0.465349 -0.624969 -1 0.275996 -0.831337 -1 -0.569683 -0.57469 -1 -0.87368 -1 -1 -1 -0.329404 -0.645045 -0.508863 -0.650084 -0.867842 -0.510386 -0.686064 -0.993385 -1 -0.840148 -0.485658 -1 0.648294 -1 -1 -0.0757333 -0.484689 -0.249321 -0.984185 -1 0.516664 -1 -0.977168 0.515115 -1 -0.648468 -0.581095 -0.778439 0.0763714 -1 0.599744 -0.302591 -1 -1 0.224653 -1 -0.0138765 0.969104 -1 -1 -0.358299 -0.32632 -0.675939 -1 -0.378758 -1 -0.557851 -0.12732 -0.632034 
0.0707448 -1 -0.857354 -0.863774 0.572661 -1 -1 -0.984142 -1 -0.704812 -0.927578 -0.704778 -1 -0.847697 -1 -1 1 -1 -0.0694933 -0.731144 0.487745 -0.76818 -1 0.125115 -0.958731 -1 -1 -0.609024 -1 -1 -1 0.327141 -0.844521 0.498425 -1 -1 0.299403 -0.643013 -0.897038 -1 -1 -0.237364 -1 -1 -0.590803 -0.32615 -0.945431 0.269905 -1 -1 -1 -0.822809 -1 -0.630719 -1 -0.832248 -0.983275 -0.906883 -0.885729 -1 -0.987279 -1 -0.350975 -0.907288 -0.0868471 -0.392627 -1 -0.529688 -1 0.366508 -0.87748 -0.952731 0.488035 -0.164549 -0.664516 -1 -0.805358 -0.357628 -1 -0.865374 -0.0713056 -1 -0.239602 0.21795 -1 -1 -0.810146 1 -0.795209 -0.917776 -0.516496 -0.554142 -1 0.776421 0.657712 -1 -1 -0.385302 -0.550131 -0.615796 -0.925413 -1 -0.692608 -1 -0.599122 -1 
0.565617 -0.106667 -1 -1 0.907759 -0.970462 -1 0.636754 -0.986558 -1 -0.564356 -0.75908 -0.841776 -0.857593 -0.845103 -1 0.82197 -0.974977 0.279245 -1 -0.281552 -1 -1 -0.287491 -1 -0.934868 -1 -1 -0.580857 -1 -0.869818 1 -0.558378 0.261259 -1 -1 0.321825 -0.648291 -0.197359 -1 -1 -0.54258 -0.973049 -0.972029 0.303675 -0.57532 -1 0.325979 -1 -1 -0.618771 -0.190803 -0.763693 -0.722694 -1 -1 -1 -0.270867 -0.457789 -0.679458 -1 -0.685134 -0.126226 -1 -1 -0.670955 -0.977878 -1 -1 0.508779 -1 -0.941805 -0.295251 -0.576165 -0.033985 -0.984185 -1 0.516664 -0.882085 -0.553398 0.400907 -1 -0.611043 -0.581095 -1 -0.341056 -1 0.585377 -0.33591 -0.739714 -0.885614 0.224653 -1 -0.209943 0.677438 -1 -1 -0.317356 -0.242319 -0.675939 -1 -0.378758 -1 -0.557851 -0.12732 -1 
0.834636 -0.299609 -1 -1 0.804582 -1 -0.989273 0.138365 -0.844977 -0.911327 -0.640627 -0.75908 -1 -1 -0.872836 -1 0.813644 -1 0.279245 -0.946481 0.0305243 -1 -1 0.267181 -1 -1 -1 -1 -0.580857 -1 -1 0.668341 -0.559689 0.492159 -1 -1 -0.0918928 -0.740453 -0.891896 -1 -0.964814 -0.783596 -1 -1 -0.0564907 -0.624969 -1 0.275996 -0.831337 -1 -0.569683 -0.57469 -1 -0.87368 -1 -1 -1 -0.329404 -0.645045 -0.508863 -0.650084 -0.867842 -0.510386 -0.566576 -1 -0.670955 -0.977878 -0.671809 -1 0.648294 -1 -1 -0.0757333 -0.484689 -0.249321 -0.984185 -1 0.516664 -0.916177 -0.977168 0.367727 -1 -1 -0.581095 -0.778439 0.0763714 -1 0.599744 -0.302591 -1 -1 0.224653 -1 -0.0138765 0.744076 -1 -1 -0.358299 -0.32632 -0.675939 -0.943599 -0.378758 -1 -0.613708 -0.12732 -0.632034 
0.834636 -0.299609 -0.99902 -1 0.804582 -1 -0.989273 0.295586 -1 -1 -0.640627 -0.990607 -1 -1 -0.962303 -1 0.813644 -1 0.279245 -0.947766 0.0305243 -1 -1 -0.0808151 -1 -0.943963 -0.978388 -0.811729 -0.875087 -1 -0.869818 0.444124 -0.559689 0.492159 -1 -1 -0.0918928 -0.74833 -0.329076 -1 -0.828395 -0.649964 -1 -1 -0.0173816 -0.624969 -1 0.275996 -0.831337 -1 -0.569683 -0.57469 -0.899051 -0.87368 -1 -1 -0.917149 -0.329404 -0.482118 -0.668335 -0.650084 -0.977544 -0.447889 -0.566576 -0.993385 -0.670955 -0.977878 -1 -1 0.648294 -1 -1 -0.0757333 -0.348766 -0.249321 -0.984185 -1 0.516664 -0.882085 -0.985146 0.292683 -1 -0.663841 -0.819223 -0.840153 -1 -1 0.261921 0.178505 -0.841201 -0.918086 0.0836686 -1 -0.209943 0.969104 -0.96364 -1 -1 -0.140116 -0.675939 -1 -0.378758 -1 -1 -0.12732 -1 
0.0707448 -0.870908 -0.857354 -0.953088 0.61297 -1 -1 -0.984142 -1 -0.704812 -0.927578 -1 -1 -0.847697 -1 -1 1 -1 -0.0694933 -1 0.487745 -0.969082 -1 0.354176 -0.925869 -1 -1 -0.701796 -1 -1 -1 0.4257 -0.844521 0.45316 -1 -1 0.299403 -0.643013 -0.995207 -0.976403 -1 -0.237364 -1 -1 -0.590803 -0.32615 -0.945431 0.269905 -1 -1 -1 -0.822809 -1 -0.630719 -1 -1 -1 -0.995501 -0.856365 -1 -1 -0.957876 -0.350975 -1 0.116702 -0.917296 -1 -0.0106093 -1 0.544317 -0.87748 -0.952731 0.488035 -0.164549 -0.429063 -0.850655 -1 -0.357628 -1 -0.865374 -0.365127 -0.872923 -0.19978 0.21795 -1 -1 -0.810146 1 -0.828724 -0.917776 -0.516496 -0.554142 -1 0.776421 0.657712 -1 -1 -0.385302 -1 -0.615796 -0.925413 -1 -0.692608 -1 -0.625865 -1 
0.0707448 -1 -1 -1 0.545976 -0.820348 -1 -1 -1 -0.792928 -0.92257 -0.704778 -1 -0.847697 -1 -1 1 -1 -0.0694933 -0.731144 0.487745 -1 -1 0.354176 -1 -1 -1 -0.633631 -1 -1 -1 0.149828 -0.844521 0.397413 -1 -1 0.299403 -0.643013 -1 -1 -1 -0.0697575 -1 -1 -0.590803 -0.47297 -0.945431 0.269905 -1 -1 -1 -0.8699 -1 -1 -1 -0.832248 -0.983275 -0.995501 -1 -1 -0.987279 -0.957876 -0.441318 -0.981502 0.116702 -0.788528 -1 -0.0106093 -1 0.544317 -0.87748 -1 0.488035 -0.58055 -0.714531 -0.850655 -1 -0.6823 -1 -0.857451 0.00332904 -1 -0.239602 0.21795 -1 -1 -1 1 -1 -0.917776 -0.516496 -0.554142 -1 0.776421 0.657712 -1 -1 -0.385302 -0.417837 -0.936035 -1 -1 -0.692608 -1 -0.625865 -1 
0.834636 -0.321075 -0.981563 -0.842279 0.804582 -1 -1 0.226843 -0.844977 -0.911327 -0.640627 -0.75908 -1 -1 -0.872836 -1 0.813644 -1 0.279245 -1 0.0305243 -1 -1 0.0339984 -1 -1 -1 -0.811729 -0.580857 -1 -1 0.668341 -0.559689 0.492159 -1 -1 0.0684075 -0.675916 -0.834651 -1 -0.964814 -0.944515 -1 -1 -0.0882791 -0.624969 -1 0.275996 -0.831337 -1 -0.569683 -0.57469 -1 -0.87368 -1 -1 -1 -0.329404 -0.482118 -0.508863 -1 -0.867842 -0.447889 -0.566576 -0.952396 -0.670955 -0.977878 -0.590198 -1 0.648294 -1 -1 -0.0757333 -0.348766 -0.249321 -0.984185 -1 0.516664 -0.916177 -1 0.292683 -1 -0.566335 -0.581095 -0.977704 0.0763714 -1 0.599744 0.118196 -1 -1 0.183326 -1 -0.0138765 0.969104 -0.96364 -1 -0.558248 -0.140116 -0.572869 -1 -0.378758 -1 -0.557851 -0.12732 -0.632034 
0.834636 -0.299609 -0.981563 -1 0.804582 -1 -0.989273 0.138365 -0.844977 -1 -0.640627 -0.75908 -1 -1 -0.872836 -1 0.813644 -1 0.279245 -0.946481 0.0305243 -1 -1 0.00043723 -1 -1 -1 -1 -0.580857 -1 -1 0.868771 -0.559689 0.492159 -1 -1 -0.0918928 -0.675916 -0.869352 -1 -0.964814 -0.783596 -1 -1 -0.0564907 -0.647456 -1 0.380332 -0.943476 -1 -0.569683 -0.57469 -1 -0.87368 -1 -1 -1 -0.329404 -0.482118 -0.508863 -0.650084 -0.867842 -0.510386 -0.566576 -0.993385 -0.670955 -0.977878 -0.590198 -1 0.648294 -1 -1 -0.0757333 -0.348766 -0.249321 -0.984185 -1 -0.0474578 -0.916177 -0.974987 0.292683 -1 -0.648468 -0.581095 -0.977704 0.0763714 -1 0.599744 0.118196 -1 -1 -0.00218557 -1 0.026716 0.969104 -0.96364 -1 -0.558248 -0.32632 -0.675939 -1 -0.378758 -1 -0.557851 -0.12732 -0.598811 
0.97596 -0.299609 -1 -1 1 -1 -0.883071 0.442744 -1 -1 -0.630516 -0.50258 -1 -1 -0.750234 -0.915902 0.542244 -1 0.279245 -0.729559 0.379876 -0.771985 -1 -0.236821 -0.710253 -1 -1 -1 -0.134855 -1 -1 0.574987 -0.559689 0.337211 -1 -1 0.378149 -0.253642 -0.441527 -1 -0.964814 -0.134381 -1 -1 -0.368197 -0.824961 -1 0.325979 -1 -1 -0.335799 -0.190803 -0.763693 -0.794571 -0.849793 -1 -1 -0.00388418 -0.985594 -1 -0.449065 -0.759784 -0.0241356 -0.55376 -0.418753 -0.785166 -1 -0.557263 -1 0.524079 -1 -1 -0.670531 -1 -0.0159155 -1 -0.903964 0.602931 -0.882085 -0.79234 -0.164732 -1 -0.559274 -0.440626 -0.977704 -0.236593 -1 0.630166 0.342135 -0.687003 -1 0.0768563 -0.87356 0.229971 0.293023 -0.884203 -0.774975 -0.0901314 -0.38772 -0.675939 -1 -0.702109 -1 -1 0.964524 -0.485741 
0.957902 -0.299609 -1 -1 0.907759 -1 -0.883071 0.636754 -1 -1 -0.564356 -0.50258 -1 -1 -1 -1 0.813644 -1 0.279245 -0.729559 0.548304 -1 -1 0.267181 -0.463616 -1 -1 -0.944548 -0.134855 -1 -1 0.712727 -1 0.337211 -1 -1 0.378149 -0.253642 -0.908412 -1 -1 -0.180129 -1 -0.969911 -0.207951 -0.824961 -1 0.325979 -1 -1 -0.335799 -0.190803 -0.763693 -0.722694 -0.849793 -1 -0.953689 -0.00388418 -0.457789 -0.583411 -0.599616 -0.718371 -0.44592 -0.55376 -0.418753 -0.580781 -0.817647 -0.435361 -0.98293 0.490585 -1 -1 -0.719907 -1 -0.0159155 -1 -0.903964 0.620386 -0.882085 -0.708525 0.298404 -1 -0.559274 -0.301916 -0.977704 -0.111441 -1 0.822921 0.342135 -0.687003 -1 0.0768563 -1 0.229971 0.293023 -0.884203 -0.866023 -0.0901314 -0.242319 -0.675939 -1 -0.492494 -1 -1 0.964524 -0.485741 
0.127324 -1 -0.857354 -1 0.572661 -1 -1 -1 -1 -0.792928 -0.92257 -0.704778 -1 -0.847697 -1 -1 1 -1 -0.0694933 -0.731144 0.487745 -1 -1 0.354176 -0.925869 -1 -1 -0.633631 -1 -1 -1 0.149828 -0.844521 0.397413 -1 -1 0.299403 -0.668075 -1 -1 -1 -0.0697575 -1 -1 -0.590803 -0.47297 -0.945431 0.269905 -1 -1 -1 -0.8699 -1 -0.630719 -1 -0.832248 -0.983275 -0.995501 -1 -1 -0.987279 -0.957876 -0.441318 -0.907288 0.116702 -0.582763 -1 -0.0106093 -1 0.544317 -0.899692 -1 0.488035 -0.58055 -0.552553 -0.850655 -1 -0.6823 -1 -0.865374 -0.0713056 -1 -0.239602 0.21795 -1 -1 -1 1 -0.699458 -0.917776 -0.516496 -0.554142 -1 0.776421 0.657712 -1 -1 -0.385302 -0.417837 -1 -1 -1 -0.692608 -1 -0.625865 -1 
0.0707448 -1 -0.857354 -0.953088 0.572661 -1 -1 -0.984142 -1 -0.704812 -1 -0.704778 -1 -0.847697 -1 -1 1 -1 -0.0694933 -0.731144 0.487745 -0.76818 -1 0.354176 -0.925869 -1 -1 -0.633631 -1 -0.85121 -1 0.32915 -1 0.601676 -0.950267 -1 0.299403 -0.643013 -0.995207 -0.905483 -0.872881 -0.237364 -1 -1 -0.625338 -0.32615 -1 0.269905 -1 -1 -1 -1 -1 -0.606018 -1 -1 -0.947671 -0.995501 -0.856365 -1 -0.987279 -0.957876 -0.350975 -1 0.116702 -0.392627 -1 -0.0106093 -1 0.476791 -0.87748 -0.952731 0.488035 -0.164549 -0.429063 -1 -1 -0.357628 -1 -0.865374 -0.0713056 -1 -0.239602 0.21795 -1 -1 -0.810146 1 -0.590443 -1 -0.516496 -0.554142 -1 0.776421 0.657712 -1 -1 -0.602081 -0.693045 -1 -0.797054 -1 -0.692608 -1 -0.556698 -1 
0.834636 -0.299609 -0.99902 -1 0.804582 -1 -0.989273 0.295586 -1 -1 -0.640627 -0.990607 -1 -1 -0.962303 -1 0.813644 -1 0.279245 -0.947766 0.0305243 -1 -1 0.267181 -1 -0.943963 -0.978388 -0.811729 -0.652691 -0.860739 -0.869818 0.444124 -0.559689 0.492159 -0.901098 -1 -0.0918928 -0.603339 -0.329076 -1 -0.964814 -0.649964 -1 -1 -0.0173816 -0.624969 -1 0.275996 -0.831337 -1 -0.569683 -0.57469 -1 -0.87368 -1 -1 -1 -0.329404 -0.482118 -0.668335 -0.650084 -0.977544 -0.447889 -0.566576 -0.993385 -0.670955 -0.977878 -1 -1 0.648294 -1 -1 0.0438758 -0.348766 -0.249321 -0.984185 -1 0.516664 -0.882085 -0.985146 0.292683 -1 -0.663841 -0.819223 -0.977704 -0.635673 -1 0.261921 0.178505 -0.841201 -0.918086 -0.00118615 -1 -0.209943 0.969104 -0.96364 -1 -0.558248 -0.140116 -0.675939 -1 -0.378758 -1 -1 -0.12732 -1 
0.834636 -0.299609 -0.93886 -0.955354 0.763808 -1 -0.989273 0.574032 -1 -1 -0.640627 -0.75908 -1 -1 -0.875517 -0.98323 0.813644 -1 0.287979 -1 0.0305243 -1 -1 0.267181 -1 -1 -1 -0.811729 -0.580857 -0.860739 -0.869818 0.668341 -0.559689 0.492159 -1 -1 -0.0918928 -0.74833 -0.451247 -1 -0.964814 -0.649964 -0.844308 -1 -0.121955 -1 -1 0.275996 -0.792969 -1 -0.696044 -0.57469 -0.893341 -0.87368 -1 -1 -1 -0.40062 -0.40652 -0.508863 -0.507489 -1 -0.387795 -0.566576 -0.993385 -0.800085 -0.977878 -0.99266 -1 0.41506 -1 -1 -0.0757333 -0.876579 -0.249321 -0.984185 -1 0.516664 -0.976741 -1 0.292683 -1 -0.663841 -0.581095 -0.930137 -0.050607 -0.994413 0.585377 0.118196 -1 -0.835642 0.0467163 -1 -0.209943 1 -0.96364 -1 -1 -0.140116 -0.675939 -1 -0.378758 -1 -0.557851 -0.12732 -0.779479 
0.834636 -0.299609 -1 -1 0.907759 -1 -1 0.636754 -1 -1 -0.564356 -0.75908 -1 -1 -0.845103 -1 0.813644 -1 0.279245 -1 0.0305243 -1 -1 0.267181 -1 -0.934868 -1 -0.811729 -0.385713 -0.860739 -0.869818 0.960502 -0.699169 0.337211 -1 -1 0.321825 -0.74833 -0.197359 -1 -1 -0.436731 -1 -1 0.366558 -0.32615 -1 0.325979 -1 -1 -0.335799 -0.611152 -0.763693 -0.721171 -1 -1 -1 -0.329404 -0.457789 -0.508863 -1 -1 -0.126226 -0.566576 -0.993385 -0.670955 -0.977878 -1 -1 0.508779 -1 -1 -0.0757333 -0.458111 -0.0159155 -0.984185 -0.903964 0.516664 -1 -0.553398 0.292683 -1 -0.559274 -0.581095 -0.977704 -0.111441 -1 0.585377 0.342135 -0.935117 -0.748692 0.224653 -1 -0.209943 0.969104 -0.96364 -0.979301 -0.0901314 -0.242319 -1 -0.831753 -0.378758 -1 -0.557851 -0.165477 -0.779479 
0.0707448 -1 -0.857354 -1 0.572661 -1 -1 -0.995417 -1 -0.934781 -0.927578 -0.949062 -0.885285 -0.847697 -1 -1 1 -1 -0.0694933 -0.911596 0.386408 -0.76818 -1 0.125115 -0.925869 -1 -1 -0.633631 -1 -1 -1 0.4257 -0.881009 0.420351 -1 -1 0.484522 -0.86168 -0.897038 -1 -1 -0.237364 -0.964394 -1 -0.590803 -0.32615 -1 0.269905 -1 -1 -1 -1 -0.950198 -1 -1 -0.832248 -0.953725 -0.995501 -0.885729 -1 -0.987279 -0.939211 -0.350975 -0.907288 -0.0361102 -0.720552 -1 -0.0106093 -1 0.544317 -1 -0.988381 -0.0262908 -0.340805 -0.380425 -0.872036 -1 -0.357628 -1 -0.865374 -0.0713056 -1 -0.239602 0.190409 -1 -1 -0.810146 1 -0.699458 -0.917776 -0.640204 -0.830382 -1 0.578634 0.525886 -1 -1 -0.385302 -0.417837 -0.615796 -0.925413 -1 -0.948737 -1 -0.78758 -1 
0.0707448 -1 -0.857354 -1 0.545976 -1 -1 -1 -1 -0.792928 -1 -0.704778 -1 -0.790981 -1 -1 1 -1 -0.0694933 -0.731144 0.487745 -1 -1 0.354176 -1 -1 -1 -0.633631 -1 -1 -1 0.149828 -0.844521 0.397413 -1 -1 0.299403 -0.643013 -1 -1 -1 -0.0697575 -1 -1 -0.590803 -0.47297 -0.945431 0.12314 -1 -1 -1 -0.8699 -1 -0.630719 -1 -0.832248 -1 -0.995501 -1 -1 -0.987279 -0.957876 -0.441318 -0.981502 0.116702 -0.61971 -1 0.141717 -1 0.544317 -0.87748 -1 0.488035 -1 -0.714531 -0.850655 -1 -0.6823 -1 -0.865374 -0.0612064 -1 -0.288518 0.21795 -1 -1 -1 0.585731 -0.699458 -0.917776 -0.516496 -0.554142 -1 0.776421 0.657712 -1 -1 -0.385302 -0.417837 -1 -1 -1 -1 -1 -0.625865 -1 
0.0707448 -1 -0.857354 -1 0.545976 -1 -1 -1 -1 -0.792928 -1 -0.704778 -1 -0.790981 -1 -1 1 -1 -0.0694933 -0.731144 0.487745 -1 -1 0.354176 -1 -1 -1 -0.633631 -1 -1 -1 0.149828 -0.844521 0.397413 -1 -1 0.299403 -0.643013 -1 -1 -1 -0.0697575 -1 -1 -0.590803 -0.47297 -0.945431 0.12314 -1 -1 -1 -0.8699 -1 -0.630719 -1 -0.832248 -1 -0.995501 -1 -1 -0.987279 -0.957876 -0.441318 -0.981502 0.116702 -0.61971 -1 0.141717 -1 0.544317 -0.87748 -1 0.294428 -1 -0.714531 -0.850655 -1 -0.6823 -1 -1 -0.0612064 -1 -0.288518 0.21795 -1 -1 -1 0.585731 -0.699458 -0.917776 -0.516496 -0.360668 -1 0.776421 0.657712 -1 -1 -0.954391 -0.417837 -1 -1 -1 -1 -1 -0.625865 -1 
0.97596 -0.299609 -1 -1 1 -1 -1 0.442744 -1 -1 -0.564356 -0.48927 -1 -1 -0.909131 -0.915902 0.813644 -1 0.279245 -0.729559 0.168322 -0.771985 -1 0.37083 -1 -1 -1 -1 -0.134855 -1 -1 0.574987 -0.559689 0.0158439 -1 -1 -0.0609273 -0.52561 -0.441527 -1 -0.964814 -0.134381 -1 -0.969911 -0.485351 -0.775697 -1 0.504641 -1 -1 -0.335799 -0.0860171 -0.763693 -0.722694 -0.849793 -1 -1 -0.00388418 -0.457789 -1 -0.302259 -0.866158 -0.0241356 -0.55376 -0.994115 -0.785166 -1 -0.557263 -1 0.524079 -1 -1 -0.670531 -1 -0.0159155 -1 -1 0.602931 -0.882085 -0.79234 -0.296144 -1 -0.576334 -0.38441 -0.977704 -0.0385011 -1 0.799698 0.342135 -1 -1 0.0768563 -1 0.229971 0.293023 -0.884203 -1 -0.342467 -0.343131 -0.483975 -1 -0.492494 -1 -1 0.874026 -0.31024 
0.0707448 -1 -0.857354 -0.953088 0.61297 -1 -1 -0.984142 -1 -0.704812 -0.927578 -0.704778 -1 -0.847697 -1 -1 1 -1 -0.0694933 -0.731144 0.487745 -0.969082 -1 0.354176 -0.925869 -1 -1 -0.633631 -1 -1 -1 0.4257 -0.844521 0.601676 -1 -1 0.299403 -0.643013 -0.995207 -0.976403 -1 -0.237364 -1 -1 -0.590803 -0.32615 -0.945431 0.269905 -1 -1 -1 -0.822809 -1 -0.630719 -1 -0.832248 -0.983275 -0.995501 -0.856365 -1 -0.987279 -0.957876 -0.350975 -1 0.116702 -0.392627 -1 -0.0106093 -0.940195 0.544317 -0.87748 -0.952731 0.488035 -0.164549 -0.429063 -0.850655 -1 -0.357628 -1 -0.865374 -0.289925 -1 -0.239602 0.21795 -1 -1 -0.810146 1 -0.699458 -0.917776 -0.516496 -0.554142 -1 0.776421 0.657712 -1 -1 -0.385302 -0.957336 -0.615796 -0.925413 -1 -0.692608 -1 -0.625865 -1 
0.834636 -0.428908 -1 -1 0.707733 -1 -1 0.574032 -1 -0.986138 -0.640627 -0.699445 -1 -1 -1 -1 0.91813 -1 0.279245 -1 0.0305243 -1 -1 0.267181 -1 -0.934868 -1 -0.811729 -0.580857 -1 -0.869818 0.900602 -0.559689 0.492159 -1 -1 -0.0918928 -0.664574 -0.451247 -1 -1 -1 -1 -1 -0.0682877 -0.624969 -1 0.233861 -0.831337 -1 -0.801112 -0.669038 -0.763693 -0.87368 -0.922852 -1 -1 -0.329404 -0.482118 -0.508863 -0.650084 -0.973814 -0.728581 -0.566576 -0.993385 -0.670955 -0.977878 -0.530747 -1 0.842532 -1 -1 -0.0757333 -0.348766 -0.249321 -1 -1 0.516664 -0.857653 -1 0.292683 -1 -0.663841 -0.418371 -1 0.0226962 -1 0.585377 -0.249662 -0.841201 -0.930489 0.224653 -1 -0.209943 0.969104 -0.96364 -1 -0.464223 -0.140116 -0.884173 -1 -0.378758 -1 -0.557851 -0.12732 -0.779479 
0.834636 -0.299609 -0.99902 -1 0.804582 -1 -0.989273 0.295586 -1 -1 -0.640627 -0.75908 -1 -1 -0.872836 -1 0.813644 -1 0.279245 -0.947766 0.0305243 -1 -1 0.267181 -1 -0.943963 -1 -0.811729 -0.652691 -0.860739 -0.869818 0.491343 -0.559689 0.492159 -1 -1 -0.0918928 -0.74833 -0.451247 -1 -0.964814 -0.649964 -1 -1 -0.0173816 -0.624969 -1 0.275996 -0.831337 -1 -0.569683 -0.57469 -0.763693 -0.87368 -1 -1 -1 -0.329404 -0.482118 -0.508863 -0.650084 -0.977544 -0.447889 -0.566576 -0.993385 -0.670955 -0.977878 -0.590198 -1 0.648294 -1 -1 -0.0757333 -0.348766 -0.249321 -0.984185 -1 0.516664 -0.882085 -0.985146 0.292683 -1 -0.663841 -0.581095 -0.977704 -0.050607 -1 0.585377 0.178505 -0.841201 -0.918086 -0.00118615 -1 -0.209943 0.969104 -0.96364 -1 -0.558248 -0.140116 -0.675939 -1 -0.378758 -1 -0.815147 -0.12732 -1 
0.834636 -0.299609 -0.93886 -0.955354 0.763808 -1 -0.989273 0.574032 -1 -1 -0.640627 -0.75908 -1 -1 -0.875517 -0.98323 0.813644 -1 0.287979 -1 0.0305243 -1 -1 0.267181 -1 -1 -1 -0.852409 -0.580857 -1 -0.869818 0.668341 -0.559689 0.492159 -1 -1 -0.0918928 -0.74833 -0.451247 -1 -0.964814 -0.649964 -0.844308 -1 -0.190037 -1 -1 0.275996 -0.792969 -1 -0.900552 -0.57469 -0.893341 -0.87368 -1 -1 -1 -0.40062 -0.40652 -0.508863 -0.507489 -1 -0.387795 -0.566576 -0.993385 -1 -0.996539 -0.99266 -1 0.182219 -1 -0.985259 -0.0757333 -0.876579 -0.249321 -0.984185 -1 0.516664 -0.976741 -1 0.292683 -1 -0.663841 -0.581095 -0.930137 -0.050607 -0.994413 0.585377 0.118196 -1 -1 0.0467163 -1 -0.209943 1 -0.96364 -1 -1 -0.677754 -0.675939 -1 -0.378758 -1 -0.557851 -0.12732 -0.779479 
-0.278714 -1 -0.857354 -0.863774 0.572661 -0.862647 -1 -0.984142 -1 -0.704812 -0.959451 -0.704778 -1 -1 -1 -1 1 -1 -0.0653328 -0.731144 0.487745 -0.76818 -1 0.125115 -1 -1 -1 -0.633631 -1 -1 -1 0.39778 -0.844521 0.42323 -1 -1 0.0157768 -0.643013 -0.897038 -1 -1 -0.237364 -1 -1 -0.774137 -0.32615 -1 0.269905 -1 -1 -0.960489 -1 -1 -0.630719 -1 -1 -0.936017 -0.800706 -0.885729 -1 -0.935249 -0.866651 -0.350975 -0.907288 0.116702 -0.392627 -1 -0.252213 -1 0.544317 -0.94979 -0.952731 -0.00642627 -0.164549 -0.429063 -1 -1 -0.357628 -1 -0.865374 -0.0713056 -1 -0.239602 0.196898 -1 -1 -0.939019 1 -0.699458 -0.917776 -0.516496 -0.554142 -1 0.9457 0.657712 -1 -0.99574 -0.804215 -0.417837 -0.615796 -0.728441 -0.950693 -0.692608 -1 -0.599122 -1 
0.834636 -0.221476 -1 -1 0.573344 -1 -0.900051 0.250881 -0.817775 0.118887 -0.720661 -0.73087 -1 -1 -0.910357 -0.883103 0.713446 -0.866844 -0.0521647 -1 -0.0692593 -0.70135 -1 0.354176 -0.413838 -1 -1 -1 -0.255197 -0.875597 -1 0.531274 -0.449486 0.355268 -1 -0.71134 0.431091 -0.982805 0.201159 -1 -1 -0.996238 -1 -1 -0.354064 -1 -1 -0.484884 -0.807295 -0.429553 -0.335799 -0.784675 -0.79872 -0.496225 -1 -0.829125 -0.365774 -0.553634 -1 -0.508863 -0.844669 -1 -0.338744 -1 0.253801 -0.291409 -1 -0.569709 -1 0.508779 -0.932819 -1 -0.138253 0.293866 -0.159044 -0.887983 -1 -0.169226 -0.851659 -0.908779 -0.0610821 -0.944098 -0.508538 -0.553096 -1 -0.221563 -1 0.747428 0.275136 -0.979567 0.101756 0.188297 -1 0.134903 0.796 -1 -0.844868 -0.880628 -0.242319 -0.675939 -1 -1 -0.734869 -1 1 -1 
0.835996 -0.116181 0.150322 -0.0334227 -0.231593 0.175515 0.0144466 -0.636318 0.535538 0.51239 0.687404 0.713145 -0.262164 0.531416 -0.965368 -0.0468113 0.666004 -0.896406 0.34601 0.754413 -0.540876 0.445366 0.92108 0.0923189 -0.928787 -0.530094 -0.794216 0.41544 0.483062 -0.717064 0.967517 -0.527314 -0.334288 0.0042181 -0.0135452 0.669365 -0.973368 0.171078 -0.105661 -0.311569 -0.22576 0.957863 -0.0612801 -0.249058 0.150676 0.936481 0.970667 -0.454416 -0.343672 0.131455 0.57793 0.58946 0.801234 0.168763 0.89062 -0.76913 0.955552 -0.35392 -0.949016 -0.0115728 -0.805807 -0.160471 0.670373 0.0406252 0.949665 -0.92928 -0.164249 0.759002 -0.937968 -0.867633 0.0629826 0.0740592 -0.536017 -0.374555 -0.452274 0.218105 0.887805 -0.0584984 0.551886 0.0114895 0.626551 -0.556245 0.576201 0.123838 0.995198 0.985037 -0.63432 -0.177899 -0.392761 0.140855 0.237693 -0.806591 -0.70517 -0.135747 0.16322 0.148363 0.919592 0.945525 -0.830283 0.856488 -0.808277 0.0626228 0.85703 0.433537 0.724062 -0.939871 
0.0785233 -1 -0.852821 -1 0.572661 -1 -0.984586 -0.630215 -1 -0.499572 -1 -0.997695 -1 -1 -1 -1 0.825455 -0.857011 0.0192961 -1 0.408688 -0.762328 -0.970527 0.321425 -0.980443 -1 -1 -0.26208 -1 -1 -1 0.117032 -0.712635 0.458266 -0.999807 -1 0.299403 -0.977245 -1 -0.88997 -1 -0.443096 -0.718045 -1 0.0124791 -0.154072 -0.945431 0.330837 -1 -1 -0.867363 -0.208049 -0.721768 -0.630719 -1 -0.917782 -1 -0.847592 -0.878464 -1 -1 -1 -0.0531889 -1 -0.247745 -0.943479 -0.958874 0.117922 -1 -0.792406 -0.761162 -1 0.331844 -0.195577 -0.720572 -1 -0.822402 -0.575953 -1 -0.964553 0.279182 -1 0.121046 0.21795 -0.939965 -1 -0.810146 0.615286 -0.847961 -1 -0.318955 -0.377798 -1 0.647179 0.513684 -1 -1 -0.650359 -0.474816 -0.894373 -1 -1 -0.611852 -0.998817 -0.672003 -0.901287 
0.834636 -0.299609 -0.981563 -1 0.804582 -1 -0.989273 0.138365 -0.844977 -0.911327 -0.640627 -0.75908 -1 -1 -0.872836 -1 0.813644 -1 0.279245 -0.946481 0.0305243 -1 -0.932811 0.267181 -1 -1 -1 -1 -0.580857 -1 -1 0.668341 -0.559689 0.492159 -1 -1 -0.0918928 -0.740453 -0.834651 -1 -0.964814 -0.783596 -1 -1 -0.0564907 -0.624969 -1 0.275996 -0.831337 -1 -0.569683 -0.57469 -1 -0.87368 -1 -1 -1 -0.329404 -0.645045 -0.508863 -0.650084 -0.867842 -0.510386 -0.566576 -0.993385 -0.670955 -0.977878 -0.671809 -1 0.648294 -1 -1 -0.0757333 -0.484689 -0.249321 -0.984185 -1 0.516664 -0.916177 -0.977168 0.367727 -1 -0.648468 -0.581095 -0.778439 0.0763714 -1 0.599744 -0.302591 -1 -1 0.224653 -1 -0.0138765 0.969104 -1 -1 -0.392585 -0.32632 -0.675939 -1 -0.378758 -1 -0.557851 -0.12732 -0.632034 
0.834636 -0.299609 -0.981563 -1 0.804582 -1 -0.989273 0.138365 -0.844977 -0.911327 -0.640627 -0.75908 -1 -1 -0.872836 -1 0.813644 -1 0.279245 -0.946481 0.0305243 -1 -1 0.267181 -1 -1 -1 -1 -0.580857 -1 -1 0.668341 -0.559689 0.492159 -1 -1 -0.0918928 -0.675916 -0.834651 -1 -0.964814 -0.783596 -1 -1 -0.0564907 -0.624969 -1 0.275996 -0.943476 -1 -0.569683 -0.57469 -1 -0.87368 -1 -1 -1 -0.329404 -0.482118 -0.508863 -0.650084 -0.867842 -0.510386 -0.566576 -0.993385 -0.670955 -0.977878 -0.590198 -1 0.648294 -1 -1 -0.185098 -0.348766 -0.249321 -0.984185 -1 0.516664 -0.916177 -1 0.292683 -1 -0.648468 -0.581095 -0.977704 0.0763714 -1 0.599744 0.118196 -1 -1 0.224653 -1 0.026716 0.969104 -0.96364 -1 -0.558248 -0.32632 -0.675939 -1 -0.378758 -1 -0.557851 -0.12732 -0.632034 
0.834636 -0.299609 -0.93886 -0.955354 0.691582 -1 -0.989273 0.532053 -1 -1 -0.640627 -0.75908 -1 -1 -1 -0.98323 0.813644 -1 0.287979 -1 0.0305243 -1 -1 0.267181 -0.92828 -1 -1 -0.811729 -0.580857 -0.860739 -0.869818 0.668341 -0.559689 0.492159 -1 -1 -0.0918928 -0.74833 -0.451247 -1 -0.964814 -0.708108 -0.91782 -0.929715 -0.268735 -0.624969 -1 0.275996 -1 -1 -0.569683 -0.57469 -0.893341 -0.87368 -1 -1 -1 -0.40062 -0.40652 -0.508863 -0.650084 -0.973814 -0.387795 -0.732572 -0.993385 -0.800085 -1 -0.99266 -1 0.611637 -1 -1 -0.66595 -0.876579 -0.249321 -0.984185 -1 0.516664 -0.976741 -1 0.292683 -1 -0.585408 -0.581095 -0.930137 -0.050607 -0.994413 0.585377 0.118196 -0.841201 -1 0.224653 -1 -0.209943 1 -0.96364 -1 -1 -0.140116 -0.675939 -1 -0.378758 -1 -0.557851 -0.12732 -0.779479 
0.0707448 -1 -1 -0.863774 0.572661 -1 -1 -0.984142 -1 -0.704812 -0.927578 -0.704778 -1 -0.847697 -0.975124 -1 1 -1 -0.0694933 -0.731144 0.476685 -0.76818 -1 0.125115 -0.925869 -1 -1 -0.633631 -1 -1 -1 0.4257 -0.844521 0.42323 -1 -1 0.299403 -0.643013 -0.897038 -1 -1 -0.237364 -1 -1 -0.590803 -0.32615 -0.945431 0.269905 -1 -1 -1 -0.822809 -1 -0.630719 -1 -0.832248 -1 -0.995501 -0.885729 -1 -0.987279 -0.957876 -0.350975 -0.907288 0.116702 -0.392627 -1 -0.0106093 -1 0.544317 -0.87748 -0.952731 0.538326 -0.193183 -0.429063 -1 -1 -0.357628 -1 -0.865374 -0.0713056 -1 -0.239602 0.21795 -1 -1 -0.810146 0.891985 -0.699458 -0.917776 -0.516496 -0.554142 -1 0.776421 0.657712 -1 -1 -0.385302 -0.417837 -0.615796 -0.925413 -1 -0.692608 -1 -0.599122 -1 
0.834636 -0.299609 -0.98438 -1 0.804582 -1 -0.989273 0.138365 -1 -0.911327 -0.640627 -0.75908 -1 -1 -0.872836 -1 0.813644 -1 0.279245 -0.946481 -0.551159 -1 -0.932811 0.267181 -1 -1 -0.810477 -1 -0.935142 -1 -1 0.668341 -0.559689 0.492159 -1 -1 -0.0918928 -0.855483 -0.834651 -1 -0.964814 -1 -1 -1 -0.0564907 -0.624969 -1 0.275996 -0.831337 -1 -0.569683 -0.57469 -1 -0.87368 -1 -1 -1 -0.329404 -0.645045 -0.508863 -0.650084 -0.867842 -0.510386 -0.566576 -0.993385 -0.670955 -0.977878 -0.671809 -1 0.648294 -1 -1 -0.0757333 -0.484689 -0.249321 -0.984185 -1 0.516664 -0.846726 -0.977168 0.367727 -1 -0.648468 -0.564508 -0.778439 0.0763714 -1 0.599744 -0.302591 -0.800306 -1 0.224653 -1 -0.0138765 0.792727 -1 -1 -0.59456 -0.32632 -0.675939 -1 -0.378758 -1 -0.598395 -0.12732 -0.632034 
0.834636 -0.299609 -1 -1 0.907759 -1 -1 0.636754 -1 -1 -0.564356 -0.75908 -1 -1 -0.845103 -1 0.813644 -1 0.279245 -1 0.0305243 -0.818823 -1 0.267181 -1 -0.934868 -1 -0.811729 -0.580857 -0.860739 -0.869818 0.960502 -0.559689 0.337211 -1 -1 0.321825 -0.74833 -0.197359 -1 -1 -0.436731 -1 -1 0.366558 -0.32615 -1 0.325979 -1 -1 -0.335799 -0.611152 -0.763693 -0.722694 -1 -0.969876 -1 -0.329404 -0.457789 -0.508863 -1 -1 -0.126226 -0.79247 -0.993385 -0.670955 -0.875648 -0.590198 -0.93579 0.508779 -1 -0.941805 -0.0757333 -0.458111 -0.0159155 -0.984185 -0.903964 0.0119628 -0.882085 -0.553398 0.292683 -1 -0.559274 -0.581095 -0.977704 -0.111441 -1 0.585377 0.342135 -0.935117 -0.948478 0.224653 -1 -0.209943 0.969104 -0.96364 -0.979301 -0.0901314 -0.242319 -0.82629 -1 -0.378758 -1 -0.557851 -0.165477 -0.779479 
0.451322 -0.488608 -1 -1 0.803282 -1 -1 0.630494 -1 -1 -0.980188 -0.964095 -1 -1 -0.845103 -1 0.813644 -1 -0.297831 -1 -1 -1 -0.980478 0.267181 -1 -0.768773 -1 -0.989427 -1 -1 -0.869818 0.920214 -1 0.337211 -1 -1 0.321825 -0.953728 -0.681714 -1 -0.964814 -0.737339 -1 -1 0.366558 -0.32615 -0.896976 -0.0914935 -0.808055 -1 -0.335799 -0.190803 -1 -1 -1 -1 -0.966461 -0.313102 -0.282391 -0.508863 -0.650084 -1 -0.126226 -0.566576 -0.851069 -0.670955 -0.977878 -1 -1 0.508779 -1 -0.941805 -0.0757333 -0.458111 -0.0386545 -0.984185 -0.903964 0.516664 -1 -0.553398 0.292683 -0.978913 -1 -0.581095 -0.977704 -1 -1 0.585377 0.342135 -0.842872 -1 -0.148724 -1 -0.671204 0.969104 -0.96364 -0.979301 -0.0901314 -0.242319 -0.823637 -1 -0.306691 -1 -0.441866 -0.558634 -0.779479 
0.792756 -0.299609 -1 -0.926507 0.999165 -1 -1 0.00345124 -1 -1 -0.564356 -0.858552 -1 -0.857593 -1 -1 0.82197 -1 0.279245 -1 -0.123244 -0.909476 -1 -0.270524 -1 -1 -1 -0.811729 -0.458306 -1 -0.869818 0.920214 -0.81644 -0.143491 -0.821411 -1 0.0476689 -0.74833 -0.197359 -1 -1 -0.54258 -1 -1 0.366558 -0.639068 -0.956642 0.325979 -1 -1 -0.335799 -0.77618 -0.763693 -0.938903 -1 -1 -1 -0.283015 -0.457789 -0.508863 -0.650084 -1 -0.126226 -0.647483 -1 -0.622237 -1 -0.736397 -1 0.084042 -1 -0.941805 -0.303708 -0.458111 -0.421389 -1 -0.920556 0.105331 -1 -0.553398 0.339627 -1 -1 -0.581095 -1 -0.444354 -1 0.755205 -0.194617 -0.935117 -1 0.224653 -0.988028 -0.606071 0.969104 -0.813502 -0.912713 -0.469303 -0.87994 -0.884593 -1 -0.327715 -1 -1 -0.811277 -1 
0.0707448 -1 -1 -0.956363 0.572661 -1 -1 -0.980145 -1 -0.704812 -0.927578 -0.704778 -1 -0.847697 -1 -1 1 -1 -0.0694933 -0.731144 0.487745 -0.76818 -1 0.125115 -0.925869 -1 -1 -0.633631 -1 -1 -0.982729 0.4257 -0.844521 0.288118 -1 -1 0.299403 -0.643013 -1 -1 -0.857657 -0.237364 -1 -1 -0.590803 -0.32615 -0.945431 0.269905 -1 -1 -1 -0.822809 -1 -0.883995 -1 -0.832248 -0.983275 -0.995501 -0.885729 -1 -0.987279 -0.939211 -0.350975 -0.907288 0.116702 -0.392627 -1 -0.0106093 -1 0.544317 -0.87748 -0.952731 0.488035 -0.154882 -0.429063 -1 -1 -0.357628 -1 -0.865374 -0.0713056 -1 -0.239602 0.21795 -1 -1 -0.810146 1 -0.699458 -0.917776 -0.516496 -0.554142 -1 0.776421 0.525886 -1 -1 -0.385302 -0.417837 -0.615796 -0.925413 -1 -0.692608 -1 -0.599122 -1 
0.834636 -0.299609 -1 -1 0.907759 -0.888611 -1 0.636754 -1 -1 -0.564356 -0.75908 -1 -0.857593 -0.845103 -1 0.82197 -1 0.279245 -1 0.0305243 -1 -1 -0.287491 -1 -0.934868 -1 -0.811729 -0.580857 -0.860739 -0.869818 0.920214 -0.559689 0.337211 -1 -1 0.321825 -0.74833 -0.0741921 -1 -0.964814 -0.54258 -1 -0.972029 0.366558 -0.57532 -1 0.325979 -1 -1 -0.335799 -0.190803 -0.763693 -0.722694 -1 -1 -1 -0.329404 -0.457789 -0.508863 -0.650084 -0.685134 -0.126226 -0.566576 -0.993385 -0.670955 -0.977878 -0.590198 -1 0.508779 -1 -0.941805 -0.263502 -0.364068 -0.0159155 -0.984185 -0.903964 0.516664 -0.882085 -0.553398 0.292683 -1 -0.559274 -0.581095 -1 -0.176079 -1 0.585377 0.342135 -0.935117 -1 0.224653 -1 -0.209943 0.969104 -0.96364 -0.979301 -0.0901314 -0.242319 -0.675939 -1 -0.378758 -1 -1 -0.12732 -1 
0.0707448 -1 -0.857354 -0.953088 0.536289 -1 -1 -0.984142 -1 -0.704812 -0.927578 -0.704778 -1 -0.847697 -1 -1 1 -1 -0.0694933 -0.665176 0.487745 -1 -1 0.354176 -0.925869 -1 -1 -0.633631 -1 -1 -1 0.4257 -0.844521 0.601676 -1 -1 0.299403 -0.643013 -0.995207 -0.976403 -1 -0.237364 -1 -1 -0.590803 -0.32615 -0.945431 0.269905 -1 -1 -1 -0.822809 -1 -0.630719 -1 -0.832248 -0.983275 -0.995501 -0.856365 -1 -0.987279 -0.957876 -0.350975 -1 0.116702 -0.392627 -1 -0.0106093 -0.940195 0.544317 -0.87748 -0.952731 0.488035 -0.164549 -0.429063 -0.84973 -1 -0.357628 -1 -0.865374 -0.289925 -1 -0.239602 0.21795 -1 -1 -0.810146 1 -0.699458 -0.917776 -0.516496 -0.554142 -1 0.776421 0.657712 -1 -1 -0.385302 -0.957336 -0.615796 -0.925413 -0.964914 -0.692608 -1 -0.625865 -1 
0.834636 -0.299609 -0.981563 -1 0.804582 -1 -1 0.138365 -0.954998 -0.911327 -1 -0.760642 -1 -0.997719 -0.872836 -1 0.813644 -1 0.279245 -0.946481 0.0305243 -1 -1 0.267181 -1 -1 -0.950629 -1 -0.580857 -1 -1 0.668341 -0.559689 0.492159 -1 -1 -0.0918928 -0.675916 -0.834651 -1 -1 -0.783596 -1 -1 -0.00745726 -0.624969 -1 0.275996 -0.943476 -1 -0.569683 -0.57469 -1 -0.87368 -1 -1 -1 -0.329404 -0.482118 -0.508863 -0.650084 -0.867842 -0.510386 -0.566576 -1 -0.670955 -0.977878 -0.621391 -1 0.648294 -1 -1 -0.183427 -0.348766 -0.249321 -0.984185 -1 0.516664 -0.916177 -1 0.292683 -1 -0.648468 -0.581095 -0.977704 0.0763714 -1 0.599744 0.118196 -1 -1 0.224653 -1 0.026716 0.969104 -0.96364 -1 -0.724201 -0.290526 -0.675939 -1 -0.378758 -0.88419 -0.557851 -0.12732 -0.632034 
0.834636 -0.299609 -1 -1 0.907759 -0.888611 -1 0.636754 -1 -1 -0.564356 -0.75908 -1 -0.857593 -0.845103 -1 0.82197 -1 0.279245 -1 0.0305243 -1 -1 -0.287491 -1 -0.934868 -1 -0.811729 -0.580857 -0.860739 -0.869818 0.920214 -0.559689 0.337211 -1 -1 0.321825 -0.74833 -0.197359 -1 -0.964814 -0.54258 -1 -0.972029 0.366558 -0.57532 -1 0.325979 -1 -1 -0.335799 -0.190803 -0.763693 -0.722694 -1 -1 -1 -0.329404 -0.457789 -0.508863 -0.650084 -0.685134 -0.126226 -0.566576 -0.993385 -0.670955 -0.977878 -0.590198 -1 0.508779 -1 -0.941805 -0.295251 -0.458111 -0.0159155 -0.984185 -0.903964 0.516664 -0.882085 -0.553398 0.292683 -1 -0.559274 -0.581095 -0.977704 -0.111441 -1 0.585377 0.342135 -0.935117 -1 0.224653 -1 -0.209943 0.969104 -0.96364 -0.979301 -0.0901314 -0.242319 -0.675939 -1 -0.378758 -1 -0.557851 -0.12732 -1 
0.834636 -0.299609 -1 -1 0.907759 -1 -1 0.778328 -1 -1 -0.564356 -0.75908 -1 -1 -0.845103 -1 0.813644 -1 0.279245 -1 0.0305243 -1 -1 -0.195677 -0.85086 -0.934868 -1 -0.811729 -0.580857 -0.860739 -0.869818 0.960502 -0.559689 0.337211 -1 -1 0.459382 -0.74833 -0.197359 -1 -1 -0.436731 -1 -1 0.391137 -0.32615 -1 0.325979 -1 -1 -0.335799 -0.611152 -0.763693 -0.722694 -1 -1 -1 -0.673839 -0.457789 -0.508863 -1 -1 -0.126226 -0.566576 -0.993385 -0.670955 -0.977878 -0.590198 -1 0.508779 -1 -0.941805 -0.0757333 -0.458111 -0.0159155 -1 -0.903964 0.516664 -0.882085 -0.553398 0.292683 -1 -0.559274 -0.581095 -0.977704 -0.111441 -1 0.585377 0.342135 -0.935117 -0.948478 0.224653 -1 -0.209943 0.969104 -0.96364 -0.979301 -0.0901314 -0.242319 -0.675939 -1 -0.378758 -1 -0.571314 -0.165477 -0.779479 
0.0707448 -1 -0.857354 -0.863774 0.572661 -1 -1 -0.984142 -1 -0.704812 -0.927578 -0.704778 -1 -0.847697 -1 -1 1 -1 -0.0694933 -0.731144 0.487745 -0.76818 -1 0.125115 -0.925869 -1 -0.954662 -0.609024 -1 -1 -1 0.4257 -0.844521 0.42323 -1 -1 0.299403 -0.643013 -0.897038 -1 -1 -0.237364 -1 -1 -0.590803 -0.32615 -0.945431 0.269905 -1 -1 -1 -0.822809 -1 -0.630719 -1 -0.832248 -0.983275 -0.995501 -0.885729 -1 -0.987279 -0.88336 -0.350975 -0.907288 0.116702 -0.392627 -1 -0.0106093 -1 0.544317 -1 -0.952731 0.488035 -0.164549 -0.429063 -1 -1 -0.357628 -1 -0.865374 -0.0313443 -1 -0.239602 0.21795 -1 -1 -0.810146 1 -0.699458 -0.917776 -0.516496 -0.554142 -1 0.776421 0.657712 -1 -1 -0.385302 -0.417837 -0.615796 -0.925413 -1 -0.692608 -1 -0.599122 -1 
0.0707448 -1 -0.857354 -0.911862 0.664474 -1 -1 -1 -1 -0.704812 -0.927578 -0.704778 -1 -0.847697 -1 -1 1 -1 -0.0694933 -0.731144 0.487745 -0.76818 -1 0.354176 -0.925869 -1 -1 -0.633631 -1 -1 -1 0.4257 -1 0.601676 -1 -1 0.299403 -0.643013 -0.995207 -0.976403 -1 -0.237364 -1 -1 -0.590803 -0.32615 -0.945431 0.269905 -1 -1 -1 -0.822809 -1 -0.630719 -1 -0.832248 -0.983275 -0.995501 -0.856365 -1 -1 -0.957876 -0.350975 -1 0.116702 -0.769107 -1 -0.0106093 -1 0.280791 -0.87748 -0.952731 0.488035 -0.164549 -0.429063 -0.850655 -1 -0.357628 -0.921543 -0.865374 -0.0111412 -1 -0.239602 0.21795 -1 -1 -1 1 -0.699458 -0.917776 -0.516496 -0.554142 -1 0.776421 0.657712 -1 -1 -0.385302 -0.693045 -0.615796 -0.925413 -1 -0.692608 -1 -0.625865 -1 
