-1 -0.953432 -1 0.932284 -0.962315 -0.183965 -1 -1 -0.262063 0.471907 0.291024 -0.202986 -0.417574 0.227678 -0.105894 0.269068 -0.884865 -0.629475 -0.179007 -0.938936 -0.90316 0.0769662 -0.469914 -0.309142 -0.998196 -1 -0.495685 -1 0.0193785 -0.0986847 -1 -0.797172 0.940016 0.571934 0.00603223 -0.0999132 0.350806 -1 -0.869704 -0.193471 -1 -0.567229 -0.598124 0.75097 -1 -0.761125 0.414224 0.634954 -0.376741 -0.768115 -0.802598 -1 0.373215 -1 0.192767 -0.881243 -0.165709 -1 -0.0296115 -0.213739 0.0051661 -1 0.0380469 -0.217989 -0.879537 0.301745 0.385442 -0.973012 -1 -0.0366132 -0.428641 0.631256 -1 -0.316776 0.791912 0.818844 -1 0.429074 -1 0.387842 -0.309509 0.394147 -0.644613 0.477353 -0.988057 -1 -1 -1 -1 0.00232853 -0.425893 0.399877 0.139863 0.455256 -0.673939 -0.653402 -0.122368 0.649352 -0.297826 0.842628 -0.159524 -1 -0.579983 -0.566587 -0.914301 -0.711511 
-0.427472 -1 -1 0.390272 -0.439214 -0.519429 -0.859867 -1 -0.262063 0.85389 0.70659 0.368183 -0.447312 0.232385 -0.767995 0.0180073 -0.357196 -1 -0.722947 -1 -0.363583 -0.271253 -0.783402 -0.404623 -0.937563 -0.837688 -0.917861 -0.782665 -0.647733 -0.0698286 -1 -0.54893 0.940016 0.545735 -1 -0.0468916 0.61952 -0.952857 -1 -0.0508401 -0.918507 -0.567229 -0.0478937 0.413928 -0.930617 -0.940045 0.720104 0.468002 -0.600701 -0.823372 -1 -1 0.373215 -1 0.717238 -0.140412 -0.589211 -0.824044 -0.820632 -0.166906 -0.190124 -1 -0.0365056 -0.710919 -1 -0.122115 0.183953 -1 -1 0.0264967 -0.999674 0.304074 -1 -0.191481 0.791912 0.152002 -1 0.556157 -1 0.0628319 -0.608123 -0.0888645 -1 0.378007 -1 -0.931573 -1 -1 -1 0.122404 -0.188615 0.323278 0.28544 0.0896387 -0.989986 -0.816749 0.0918644 0.603361 -0.919451 0.800117 -0.351454 -1 -0.491381 -0.0226054 -0.803847 -0.54981 
-0.451568 -1 -1 0.371756 -1 -0.459353 -1 -0.944069 -0.282334 0.750226 0.113057 -0.443787 -0.417574 -0.330834 -0.564445 0.269068 -0.767773 -1 -0.0439432 -0.938936 -0.90316 0.198068 -0.920388 -0.690313 -1 -1 -1 -1 -0.055312 -1 -0.817645 -1 0.52086 0.246348 0.0981442 -0.278797 0.313852 -1 -0.840923 -0.193471 -1 -0.994069 -0.931783 0.60284 -0.671646 -0.424128 0.1195 0.311694 -0.602143 -1 -1 -0.74348 0.390866 -1 -0.544029 -0.833951 0.168432 -1 -0.00547942 0.01152 -0.613548 -1 -0.520331 -0.217989 -0.985242 -0.443566 -1 -1 -1 -0.17787 -0.560655 0.0697039 -1 -0.286753 0.355249 0.661362 -1 0.490202 -1 0.340216 -0.612515 0.686504 -1 0.429449 -0.910075 -1 -0.800164 -1 -1 -0.442023 -0.0081304 0.203821 0.163499 0.173232 -0.603841 -1 -0.458413 0.330754 -0.424849 0.873827 -0.203765 -1 -0.824823 -0.74591 -1 -0.785387 
-0.509251 -0.736655 -1 1 -0.662505 -0.0634267 -1 -0.82609 -0.428627 0.725123 1 0.636811 -0.931657 -0.344831 -0.105894 0.269068 -0.386179 -1 -0.23984 -1 -1 -0.112676 -0.582888 -0.354124 -1 -1 -0.4172 -0.945873 -0.169429 -0.0968552 -1 -0.893951 0.839989 0.50571 -0.270359 -0.088474 0.466643 -0.850613 -0.619827 0.390996 -1 -1 -0.49717 0.317526 -1 -1 0.720104 0.841231 -0.820277 -1 -0.962023 -0.822811 -0.427197 -1 0.331048 -0.490244 0.268906 -0.525909 0.293556 -0.103447 -0.190124 -1 0.254788 -0.33497 -1 -0.494856 -0.1163 -1 -0.872311 0.553734 -1 0.669596 -1 0.237913 0.360596 0.796273 -1 0.77466 -0.905714 0.0739012 -0.466664 0.374396 -1 0.709435 -0.745207 -1 -1 -0.821408 -1 -0.419853 -0.00316891 0.217501 0.218763 0.276619 -0.508967 -0.892931 -0.324307 0.501628 -0.68427 0.682577 -0.66835 -1 -0.676886 -0.164017 -0.351347 -0.451648 
-0.427472 -0.851737 -1 1 -0.411294 -0.183965 -0.490272 -1 -0.644453 0.725123 0.975954 0.705136 -0.601702 0.227678 -0.105894 0.269068 -0.426088 -0.629475 -0.179007 -0.847686 -0.499101 0.412447 -0.38052 -0.273012 -1 -0.689842 -0.470023 -0.600697 0.0193785 -0.0986847 -1 -0.671762 0.940016 0.408963 0.00603223 -0.0468916 0.496055 -0.754485 -0.389567 0.390996 -0.528064 -0.567229 0.00801134 0.6125 -0.614751 -0.743894 0.720104 0.744468 -0.376741 -1 -1 -0.776584 0.373215 -1 0.460888 -0.178635 -0.528386 -0.774228 0.116687 -0.103447 -0.190124 -1 0.151782 -0.217989 -1 0.139993 0.352877 -0.973012 -1 0.448676 -0.428641 0.631256 -1 -0.0408349 0.791912 0.796273 -1 0.597615 -1 0.392969 -0.466664 0.759603 -0.644613 0.826738 -0.842835 -1 -0.79971 -0.62101 -1 0.477465 -0.167657 0.286826 0.28544 0.336037 -0.671964 -0.77816 -0.122368 0.637866 -0.482615 0.786075 -0.288558 -1 -0.491381 -0.0226054 -0.351347 -0.749702 
-0.451568 -1 -1 0.371756 -1 -0.459353 -1 -0.944069 -0.453634 0.152933 0.113057 -0.443787 -0.417574 -0.330834 -0.564445 0.269068 -0.767773 -1 -0.514638 -0.938936 -0.90316 0.20558 -0.920388 -0.712126 -1 -1 -1 -1 -0.35145 -1 -0.830037 -1 0.653236 0.246348 0.0981442 -0.278797 0.427954 -0.980485 -0.840923 -0.193471 -1 -1 -0.931783 0.60284 -0.671646 -0.424128 0.1195 0.479442 -1 -1 -1 -0.74348 0.390866 -1 -0.5188 -0.833951 0.168432 -1 -0.00547942 0.01152 -0.721553 -1 -0.520331 -0.728781 -0.985242 -0.443566 -1 -1 -1 -0.17787 -0.560655 0.0697039 -1 -0.286753 0.355249 0.661362 -1 0.434562 -1 0.340216 -0.612515 0.802141 -0.880286 0.468888 -0.910075 -1 -0.800164 -0.991644 -1 -0.442023 -0.0081304 0.203821 0.163499 0.173232 -0.603841 -1 -0.458413 0.330754 -0.432696 0.873827 -0.203765 -1 -0.824823 -1 -1 -0.785387 
-0.451568 -1 -1 0.371756 -1 -0.183965 -1 -0.944069 -0.451061 0.750226 0.256857 -0.879891 -0.417574 -0.446944 -0.564445 -0.200042 -0.953441 -1 -0.430959 -0.938936 -0.988108 0.350843 -0.920388 -0.775988 -1 -1 -1 -1 0.0753992 -0.873855 -1 -1 0.653236 0.528465 0.0981442 -0.278797 -0.33042 -1 -0.911856 -0.193471 -1 -0.567229 -0.931783 0.60284 -0.671646 -0.424128 0.1195 0.311694 -0.602143 -1 -1 -0.74348 0.390866 -1 -0.651366 -0.833951 0.0587986 -1 -0.00547942 0.01152 -0.546968 -0.825174 -0.520331 -0.217989 -1 -0.312454 -0.712041 -0.97894 -0.929648 -0.17801 -0.560655 0.0697039 -1 -0.286753 0.355249 0.661362 -1 0.490202 -1 0.340216 -0.612515 0.802141 -0.923407 -0.144846 -0.910075 -1 -1 -0.819948 -0.988842 -0.704807 0.0130152 0.286826 0.163499 0.331496 -0.673939 -1 -0.999389 0.330754 -0.432696 0.52518 -0.051255 -1 -0.824823 -0.74591 -1 -0.709627 
-0.483221 -0.736655 -1 1 -1 -0.0634267 -0.815321 -0.928858 -0.32683 0.725123 0.82382 0.636811 -0.931657 0.39706 0.0176092 0.303821 -0.426088 -0.753201 -0.303227 -1 -0.624231 0.00314508 -0.38052 -0.408506 -1 -0.762858 -0.196625 -0.852025 -0.124598 -0.0968552 -1 -0.725379 0.839989 0.408963 -0.270359 0.072127 0.629766 -1 -1 0.390996 -0.973982 -1 -0.140096 0.220121 -0.639302 -1 0.720104 0.318849 -0.820277 -0.899448 -1 -0.776584 -0.427197 -1 -0.0549806 -0.490244 0.0816666 -0.525909 0.261117 -0.144685 -0.190124 -1 0.254788 -0.33497 -0.730196 -0.0510732 -0.713203 -1 -0.983704 0.492695 -1 0.631256 -1 0.0723847 0.726176 0.796273 -1 0.768532 -1 0.392969 -0.491305 -0.186451 -1 0.65186 -1 -1 -1 -0.951873 -1 0.372699 -0.00316891 -0.106849 0.240931 0.351627 -0.508967 -0.831466 -0.201547 0.7822 -0.627621 0.786075 -0.66835 -1 -0.995554 -0.135407 -0.366195 -0.451648 
-0.354916 -1 -1 0.371756 -1 -0.459353 -1 -0.944069 -0.282334 0.750226 0.113057 -0.443787 -0.417574 -0.158941 -0.564445 0.269068 -0.767773 -1 -0.245634 -1 -0.90316 0.198068 -0.920388 -0.690313 -1 -1 -1 -1 0.0753992 -1 -0.817645 -1 0.653236 0.257019 0.0981442 -0.278797 0.302165 -1 -0.840923 -0.562325 -1 -0.994069 -0.931783 0.60284 -0.671646 -0.424128 0.1195 0.311694 -0.693363 -1 -1 -0.74348 0.390866 -1 -0.5188 -1 0.168432 -1 -0.00547942 -0.224338 -0.613548 -1 -0.520331 -0.269409 -0.985242 -0.443566 -1 -1 -1 -0.17787 -0.560655 0.0697039 -1 -0.286753 0.355249 0.661362 -1 0.490202 -1 0.340216 -0.612515 0.802141 -1 0.429449 -0.910075 -1 -0.800164 -1 -1 -0.47072 -0.0081304 -0.0876783 0.163499 0.173232 -0.603841 -1 -0.458413 0.330754 -0.432696 0.873827 -0.203765 -1 -0.824823 -0.74591 -1 -0.709627 
-0.427472 -0.986419 -1 0.932284 -0.411294 -0.519429 -0.490272 -1 -0.262063 0.725123 1 0.368183 -0.447312 0.232385 -0.635768 -0.0800186 -0.51122 -1 -0.722947 -0.847686 -0.499101 -0.271253 -0.773217 -0.404623 -1 -0.664234 -0.827252 -0.597321 -0.290323 -0.0986847 -1 -0.54893 0.940016 0.545735 -0.590168 -0.0468916 0.61952 -0.952857 -0.97581 0.123404 -1 -0.567229 -0.0478937 0.342267 -0.777791 -0.842186 0.720104 0.727404 -0.600701 -1 -1 -0.941206 0.373215 -1 0.717238 -0.0703781 -0.589211 -0.774228 -0.339423 -0.103447 -0.190124 -1 0.254788 -0.732727 -1 0.139993 0.183953 -1 -0.983704 0.458019 -0.999674 0.447871 -1 -0.191481 0.791912 0.380066 -1 0.556157 -1 0.392969 -0.466664 -0.190522 -0.847618 0.326578 -1 -1 -1 -1 -0.982303 0.0279781 -0.167657 0.323278 0.28544 0.455256 -0.989986 -0.816749 -0.0778304 0.603361 -0.919451 0.800117 -0.351454 -1 -0.491381 -0.0226054 -0.664456 -0.451648 
-0.427472 -1 -1 0.280619 -0.411294 -0.519429 -0.859867 -1 -0.262063 0.85389 0.70659 0.368183 -0.447312 0.232385 -0.767995 -0.0800186 -0.725965 -1 -0.722947 -0.701326 -0.363583 -0.271253 -0.783402 -0.404623 -0.937563 -0.837688 -1 -0.782665 -0.650036 -0.0698286 -1 -0.54893 0.940016 0.545735 -1 -0.0468916 0.783669 -0.952857 -1 -0.0508401 -0.918507 -0.567229 -0.0478937 0.342267 -0.976303 -0.842186 0.807764 0.468002 -0.600701 -0.823372 -1 -0.941206 0.373215 -1 0.728067 -0.140412 -0.589211 -0.774228 -0.820632 -0.166906 -0.190124 -1 -0.0365056 -0.710919 -1 0.0113892 0.183953 -1 -1 0.0264967 -0.999674 0.304074 -1 -0.191481 0.791912 0.380066 -1 0.556157 -1 0.0628319 -0.608123 -0.0888645 -1 0.378007 -1 -0.931573 -1 -1 -1 0.122404 -0.167657 0.323278 0.28544 0.0896387 -0.989986 -0.816749 0.0918644 0.276424 -0.919451 0.588547 -0.351454 -1 -0.491381 -0.0226054 -0.803847 -0.54981 
-0.372066 -0.736655 -1 1 -0.616116 -0.462285 -0.718081 -0.628226 -0.32683 0.559371 0.347717 0.680697 -0.931657 0.240643 -0.105894 -0.0659503 -0.277616 -1 -0.806408 -1 -0.370539 -0.134475 -0.510642 -0.354124 -1 -1 -0.196625 -0.852025 -0.124598 -0.0968552 -1 -1 0.755481 0.408963 -0.270359 0.072127 0.519215 -1 -1 0.390996 -0.973982 -1 -0.225977 0.220121 -0.639302 -1 0.712071 0.318849 -0.820277 -0.884984 -1 -0.776584 -0.425162 -1 0.060496 -1 0.0816666 -0.525909 -0.0229213 -0.103447 -0.190124 -1 0.254788 -0.33497 -0.863017 0.15328 -1 -1 -1 0.492695 -1 0.631256 -1 0.0782476 0.726176 0.796273 -1 0.768532 -1 0.392969 -0.327685 -0.522728 -1 0.826738 -1 -0.828156 -1 -0.951873 -1 0.477465 -0.00316891 -0.16078 0.0759166 0.351627 -0.926321 -0.928778 -0.201547 0.7822 -0.627621 0.265503 -0.66835 -1 -0.995554 -0.109329 -0.366195 -0.678278 
-0.427472 -0.677791 -1 1 -0.71061 -0.591448 -0.745954 -0.628226 -0.213094 0.725123 0.3105 0.238883 -1 0.227678 -0.105894 -0.472509 -0.477105 -1 -0.23984 -0.957736 -0.499101 0.0762051 -0.512181 -0.354124 -1 -0.689842 -0.196625 -1 -0.51701 0.204691 -1 -0.656774 0.878561 0.408963 -0.359954 0.072127 0.629766 -1 -1 0.390996 -0.92723 -1 -0.783177 -0.242547 -0.708539 -0.954155 0.761827 0.314635 -0.820277 -0.899448 -1 -0.776584 -0.978293 -0.966647 0.060496 -0.658635 0.0816666 -0.770139 0.261117 -0.103447 -0.652386 -1 0.254788 -0.33497 -1 -0.160398 -0.882615 -1 -0.983704 0.458019 -1 0.78289 -1 0.117296 0.726176 0.796273 -1 0.768532 -1 0.392969 -0.491305 -0.125997 -1 0.721025 -1 -1 -1 -1 -0.854997 0.477465 -0.00316891 -0.106849 0.109603 0.415037 -0.508967 -0.928778 -0.206941 0.7822 -0.743035 0.527378 -0.717372 -1 -0.960745 -0.109329 -0.351347 -0.451648 
-0.427472 -1 -1 0.932284 -0.411294 -0.119927 -0.937201 -0.82609 -0.46211 0.725123 0.975954 0.705136 -0.601702 0.227678 -0.105894 -0.290252 -0.426088 -0.629475 -0.179007 -1 -0.499101 0.254501 -0.43415 -0.273012 -1 -0.689842 -0.318624 -0.698407 0.0193785 -0.0986847 -1 -0.671762 0.940016 0.408963 0.00603223 -0.0468916 0.496055 -0.754485 -0.477976 0.390996 -0.528064 -0.567229 0.00801134 0.6125 -0.614751 -0.587901 0.720104 0.189664 -0.600294 -0.907324 -1 -0.776584 0.373215 -1 0.72328 -0.178635 -0.116974 -0.774228 0.102112 -0.103447 -0.190124 -1 0.254788 -0.217989 -1 0.139993 0.352877 -0.973012 -1 0.458019 -0.428641 0.631256 -1 -0.0408349 0.791912 0.309594 -1 0.50741 -1 0.392969 -0.466664 0.802141 -0.797218 0.826738 -0.842835 -1 -0.79971 -0.592452 -1 0.477465 -0.167657 0.286826 0.28544 0.455256 -0.511574 -0.77816 -0.122368 0.637866 -0.482615 0.786075 -0.288558 -1 -0.491381 -0.0226054 -0.351347 -0.496028 
-0.427472 -1 -1 0.390272 -0.411294 -0.519429 -0.859867 -1 -0.262063 0.85389 0.70659 0.368183 -0.447312 0.232385 -0.767995 0.0180073 -0.357196 -1 -0.722947 -1 -0.363583 -0.271253 -0.783402 -0.404623 -0.937563 -0.837688 -0.917861 -0.782665 -0.647733 -0.0698286 -1 -0.54893 0.940016 0.545735 -1 -0.0468916 0.61952 -0.952857 -1 -0.0508401 -0.918507 -0.567229 -0.0478937 0.413928 -0.930617 -0.842186 0.720104 0.468002 -0.600701 -0.823372 -1 -1 0.373215 -1 0.717238 -0.140412 -0.589211 -0.824044 -0.970438 -0.166906 -0.190124 -1 -0.0365056 -0.710919 -1 -0.122115 0.183953 -1 -1 0.0264967 -0.999674 0.304074 -1 -0.191481 0.791912 0.152002 -1 0.556157 -1 0.0628319 -0.608123 -0.0888645 -1 0.378007 -1 -0.931573 -1 -1 -1 0.122404 -0.188615 0.323278 0.28544 0.0896387 -0.989986 -0.816749 0.0918644 0.603361 -0.919451 0.800117 -0.351454 -1 -0.491381 -0.0226054 -0.803847 -0.54981 
-0.414631 -1 -1 0.371756 -1 -0.459353 -1 -0.944069 -0.282334 0.750226 0.113057 -0.443787 -0.513833 -0.330834 -0.564445 0.269068 -0.897205 -1 -0.0439432 -0.938936 -0.90316 0.198068 -0.920388 -1 -1 -1 -1 -1 -0.055312 -1 -0.817645 -1 0.653236 0.183752 0.0981442 -0.278797 0.313852 -1 -1 -0.193471 -1 -0.994069 -0.931783 0.60284 -0.671646 -0.424128 -0.235589 0.311694 -0.546524 -1 -1 -0.74348 0.390866 -1 -0.42041 -0.833951 0.168432 -1 -0.00547942 0.01152 -0.613548 -1 -0.520331 -0.217989 -0.985242 -0.443566 -1 -1 -1 -0.17787 -0.560655 0.0697039 -1 -0.286753 0.355249 0.661362 -1 0.490202 -1 0.340216 -0.612515 0.802141 -1 0.429449 -0.910075 -1 -0.800164 -1 -1 -0.442023 -0.0081304 0.203821 0.163499 0.173232 -0.603841 -1 -0.458413 0.330754 -0.432696 0.873827 -0.203765 -1 -0.824823 -0.980084 -1 -1 
-0.482788 -1 -1 0.371756 -1 -0.183965 -1 -0.920182 -0.168443 0.750226 0.365698 -0.632321 -0.923062 -0.821047 -1 0.300333 -1 -1 -0.408046 -1 -1 0.350843 -1 -0.643774 -1 -1 -1 -0.964439 -0.583257 -0.840995 -1 -1 0.489637 0.646013 0.0981442 -0.278797 0.160777 -1 -1 -0.442308 -1 -0.996538 -0.931783 0.579262 -0.671646 -0.497788 0.1195 0.311694 -0.602143 -0.85641 -1 -0.81058 0.0211744 -1 -0.5188 -0.833951 -0.253085 -1 -0.00547942 -0.0139221 -0.694025 -0.825174 -0.520331 -0.617107 -1 -0.986717 -1 -0.97894 -1 -0.17787 -0.560655 0.0697039 -1 -0.286753 0.355249 0.702264 -1 -0.394647 -1 0.340216 -0.612515 0.802141 -1 -0.0838146 -1 -1 -0.943319 -1 -1 -0.303525 -0.0081304 -0.224039 0.163499 0.331496 -1 -1 -0.649893 0.330754 -0.325165 0.319696 -0.051255 -1 -1 -1 -1 -1 
-0.451568 -1 -1 0.371756 -1 -0.183965 -1 -0.944069 -0.451061 0.750226 0.256857 -0.879891 -0.417574 -0.446944 -0.564445 -0.200042 -0.953441 -1 -0.430959 -0.938936 -0.811719 0.350843 -0.920388 -0.775988 -1 -1 -1 -1 0.267425 -0.873855 -1 -1 0.653236 0.528465 0.0981442 -0.278797 -0.33042 -1 -1 -0.193471 -1 -0.567229 -0.931783 0.60284 -0.671646 -0.600434 0.1195 -0.0303698 -0.602143 -1 -1 -0.74348 0.390866 -1 -0.467571 -0.833951 0.0587986 -1 -0.00547942 0.01152 -0.546968 -1 -0.520331 -0.217989 -1 -0.837636 -1 -0.97894 -0.929648 -0.17801 -0.560655 0.0697039 -1 -0.286753 0.355249 0.661362 -1 0.507176 -1 0.340216 -0.612515 0.802141 -0.923407 -0.144846 -1 -0.846651 -1 -0.819948 -0.988842 -0.704807 0.0130152 0.286826 0.163499 0.331496 -0.673939 -1 -0.999389 0.330754 -0.432696 0.52518 -0.051255 -1 -0.824823 -1 -1 -0.709627 
-0.451568 -1 -1 -0.287334 -1 -0.601888 -1 -0.944069 -0.812616 0.912233 -0.401048 -0.443787 -0.682617 -0.330834 -0.564445 0.269068 -0.88394 -1 -0.597319 -0.928973 -0.90316 -0.139481 -1 -0.690313 -1 -1 -1 -1 0.169814 -1 -1 -1 0.607448 0.246348 -0.069037 -0.760212 0.485895 -0.967311 -1 -0.193471 -1 -1 -1 0.780133 -1 -0.424128 0.131035 0.311694 -0.76744 -1 -1 -0.74348 -0.0607525 -1 -0.5188 -0.760553 0.168432 -1 -0.00547942 0.01152 -0.613548 -1 -0.520331 -0.331023 -1 -0.443566 -1 -1 -1 -0.17787 -0.560655 0.0697039 -1 -0.922554 0.127877 0.661362 -1 0.279807 -1 0.0115938 -1 0.802141 -1 0.429449 -0.84429 -1 -1 -1 -1 -0.47072 0.207829 0.203821 0.163499 0.140466 -0.488445 -1 -0.458413 0.330754 -0.456226 0.873827 -0.203765 -0.812533 -0.824823 -0.768097 -1 -0.709627 
-0.427472 -0.986419 -1 0.932284 -0.411294 -0.519429 -0.490272 -1 -0.262063 0.725123 1 0.368183 -0.447312 0.232385 -0.635768 -0.0800186 -0.51122 -1 -0.722947 -0.847686 -0.499101 -0.271253 -0.773217 -0.404623 -1 -0.689842 -0.827252 -0.597321 -0.290323 -0.0986847 -1 -0.54893 0.940016 0.545735 -0.590168 -0.0468916 0.61952 -0.952857 -0.97581 0.123404 -0.918507 -0.567229 -0.0478937 0.342267 -0.777791 -0.842186 0.720104 0.727404 -0.600701 -1 -1 -1 0.373215 -1 0.717238 -0.0703781 -0.56184 -0.774228 -0.339423 -0.103447 -0.190124 -1 0.254788 -0.732727 -1 0.139993 0.183953 -1 -0.983704 0.458019 -0.999674 0.447871 -1 -0.191481 0.791912 0.380066 -1 0.556157 -1 0.392969 -0.466664 -0.190522 -0.847618 0.326578 -1 -1 -1 -1 -1 0.0279781 -0.167657 0.323278 0.28544 0.455256 -0.989986 -0.816749 -0.0778304 0.603361 -0.919451 0.800117 -0.351454 -1 -0.491381 -0.0226054 -0.664456 -0.451648 
-0.427472 -0.986419 -1 0.932284 -0.411294 -0.519429 -0.490272 -1 -0.262063 0.725123 1 0.368183 -0.447312 -0.0908535 -0.635768 -0.0102352 -0.51122 -1 -0.722947 -0.847686 -0.499101 -0.271253 -0.773217 -0.404623 -1 -0.689842 -0.827252 -0.597321 -0.435732 -0.0986847 -1 -0.54893 0.940016 0.545735 -0.961543 -0.0468916 0.61952 -0.952857 -1 0.123404 -1 -0.567229 -0.0478937 0.342267 -0.777791 -0.842186 0.720104 0.727404 -0.600701 -1 -1 -0.941206 0.373215 -1 0.717238 -0.0703781 -0.589211 -0.774228 -0.339423 -0.103447 -0.190124 -1 0.254788 -0.732727 -1 0.139993 0.183953 -1 -0.983704 0.458019 -0.999674 0.447871 -1 -0.191481 0.791912 0.372035 -1 0.556157 -1 0.480232 -0.466664 -0.0783421 -0.847618 0.326578 -1 -1 -1 -1 -0.982303 0.0279781 -0.167657 0.323278 0.28544 0.455256 -0.989986 -0.816749 -0.0778304 0.603361 -0.919451 0.800117 -0.351454 -1 -0.491381 -0.0226054 -0.664456 -0.451648 
-0.93003 0.60697 -0.841713 -0.401093 -0.978924 0.305797 0.26156 0.295507 -1 -0.153792 -0.809256 -0.223501 0.449997 0.886707 -1 0.9088 -1 -0.728195 -1 -0.150482 -1 -0.404426 -0.033622 -0.79347 0.364158 -0.733408 -0.956137 -1 0.129958 -0.798981 -1 -0.425204 -1 -0.964173 -1 -1 -0.762405 0.366714 -1 0.505249 0.340143 -1 -1 -1 -0.6131 -0.186475 0.265539 -1 -0.509959 -0.687383 -0.713382 0.533261 -1 -0.34027 -1 -0.658511 -0.0985611 -0.158795 -1 -0.296926 -0.0163541 -1 0.383706 -1 -1 -1 -0.209207 -0.71622 -0.601473 -1 -0.155739 -1 -1 -0.0493611 -1 0.969477 -0.99031 -0.167039 -1 -0.826823 -0.399405 -0.146967 -1 -0.13344 -0.0788843 -0.935142 -1 -0.502606 -0.758239 -0.910637 -0.878728 -0.663866 1 0.342238 -0.837772 0.307604 0.528011 0.197078 0.68059 -0.970378 0.0781448 -0.908623 -1 -0.789558 -0.164529 -0.767172 
-0.509251 -0.736655 -1 1 -0.662505 -0.0634267 -1 -0.88952 -0.428627 0.725123 1 0.304692 -0.931657 -0.344831 -0.105894 0.269068 -0.556918 -1 -0.268471 -1 -1 -0.20243 -0.411223 -0.354124 -1 -0.837837 -0.967034 -0.945873 -0.169429 -0.0968552 -1 -0.893951 0.839989 0.50571 -0.270359 -0.211449 -0.0867164 -0.836265 -0.619827 0.390996 -1 -1 -0.550111 0.317526 -1 -1 0.720104 0.841231 -1 -1 -0.823136 -1 -0.427197 -0.975455 0.248775 -0.490244 -0.558905 -0.525909 0.162065 -0.504442 -0.190124 -1 0.254788 -0.33497 -1 -0.494856 -0.440473 -1 -0.899113 0.609165 -0.960935 0.669596 -1 0.237913 0.360596 0.796273 -1 0.77466 -1 0.0739012 -0.466664 0.374396 -1 0.709435 -0.745207 -1 -1 -0.821408 -1 -0.458043 -0.00316891 -0.152663 0.22195 0.276619 -0.508967 -0.892931 -0.771328 0.501628 -0.68427 0.682577 -0.66835 -0.992036 -0.574009 -0.0226054 -0.351347 -0.831747 
-0.427472 -0.851737 -1 0.932284 -0.411294 0.00950511 -0.490272 -0.82609 -0.553103 0.725123 0.975954 0.48976 -0.601702 0.227678 -0.105894 0.288527 -0.669647 -0.769114 -0.179007 -0.813527 -0.499101 0.254501 -0.38052 -0.273012 -1 -0.689842 -0.12628 -0.914234 0.0193785 -0.0986847 -1 -0.671762 0.940016 0.408963 0.00603223 -0.0468916 0.133263 -0.754485 -0.911045 0.390996 -0.528064 -0.567229 0.00801134 0.485749 -0.614751 -1 0.332827 0.744468 -0.376741 -1 -1 -1 0.373215 -1 0.72328 -0.178635 -0.116974 -0.774228 0.311177 -0.103447 -0.190124 -1 -0.0865562 -0.217989 -1 0.139993 -0.415123 -0.973012 -1 0.458019 -0.654872 0.631256 -1 -0.290565 0.855936 0.828326 -1 0.977804 -1 0.392969 -0.466664 0.802141 -0.644613 0.962526 -0.842835 -1 -0.79971 -0.699741 -1 0.169435 -0.167657 0.286826 0.28544 0.455256 -0.668182 -0.77816 -0.122368 0.637866 -0.468432 0.786075 -0.288558 -1 -0.491381 -0.0226054 -0.351347 -0.496028 
-0.451568 -1 -1 0.371756 -1 -0.330983 -1 -0.957522 -0.282334 0.750226 -0.458603 -0.443787 -0.581994 -0.423298 -0.564445 0.396006 -0.767773 -1 -0.129044 -0.938936 -0.90316 0.198068 -0.920388 -0.690313 -1 -1 -1 -1 -0.185831 -1 -1 -1 0.653236 0.246348 0.0981442 -0.278797 0.427954 -1 -0.902103 -0.193471 -1 -0.994069 -1 0.60284 -0.926321 -0.424128 0.0819214 0.479442 -1 -1 -1 -0.74348 0.390866 -1 -0.5188 -0.833951 0.168432 -1 -0.00547942 0.01152 -0.613548 -1 -0.520331 -0.217989 -0.985242 -0.443566 -0.998305 -1 -1 -0.17787 -0.560655 0.0697039 -1 -0.286753 0.355249 0.661362 -1 0.0842224 -1 0.340216 -0.612515 0.802141 -0.880286 0.468888 -0.910075 -1 -0.800164 -1 -1 -0.465022 0.148114 0.203821 0.163499 0.173232 -0.603841 -1 -0.355852 0.330754 -0.938418 0.873827 -0.203765 -1 -0.824823 -1 -1 -0.785387 
-0.415274 -0.769461 -0.864287 0.627233 -0.616116 -0.230228 -0.718081 -0.928858 -0.32683 0.854891 0.976241 0.636811 -1 0.0468633 -0.105894 -0.327087 -0.426088 -0.678825 -0.186137 -1 -0.842544 -0.347205 -0.286859 -0.938424 -1 -0.689842 -0.196625 -1 -0.124598 -0.0968552 -1 -0.725379 0.839989 0.408963 -0.270359 0.072127 0.559838 -1 -1 0.390996 -0.973982 -0.988532 -0.00727788 -0.0975402 -1 -1 0.720104 -0.0805882 -0.732772 -1 -1 -0.794492 -0.427197 -0.969967 0.202536 -0.490244 0.118931 -0.91101 -0.283437 -0.103447 -0.190124 -1 0.254788 -0.33497 -0.863017 0.15328 -1 -0.923588 -0.983704 -0.360874 -1 0.631256 -1 0.106223 0.532558 0.796273 -1 0.768532 -1 0.2741 -0.491305 -0.186451 -1 0.627343 -1 -0.973953 -1 -0.951873 -1 0.0131839 -0.378739 -0.0823158 0.201912 0.351627 -0.789643 -0.831466 -0.20125 0.7822 -0.627621 0.708718 -0.331309 -1 -0.995554 -0.036484 -0.366195 -0.451648 
-0.951728 -1 -1 0.768792 -0.662505 -0.0634267 -1 -1 -0.428627 0.725123 1 0.636811 -1 -0.415264 -0.105894 0.269068 -0.386179 -1 -0.23984 -1 -1 -0.112676 -0.582888 -0.354124 -1 -1 -0.4172 -0.945873 -0.169429 -0.0968552 -1 -0.893951 0.839989 0.50571 -0.270359 -0.088474 0.466643 -0.850613 -0.87741 0.390996 -0.902019 -1 -0.49717 0.317526 -1 -1 0.720104 0.841231 -0.820277 -1 -1 -0.822811 -0.427197 -1 0.331048 -1 0.268906 -0.525909 0.284897 -0.103447 -0.190124 -0.987085 0.254788 -0.33497 -1 -0.42395 -0.1163 -1 -1 0.297194 -1 0.669596 -1 0.237913 0.360596 0.796273 -1 0.77466 -0.905714 0.0739012 -0.466664 0.374396 -1 0.861146 -0.745207 -1 -1 -0.821408 -1 -0.419853 -0.00316891 -0.0295039 0.22195 0.276619 -0.508967 -0.892931 -0.771484 0.501628 -0.569531 0.682577 -0.66835 -1 -0.676886 0.04824 -0.351347 -0.451648 
-0.972789 -0.769461 -0.864287 0.698215 -1 -0.230228 -0.718081 -1 -0.361349 0.886986 0.976241 0.636811 -1 0.0468633 -0.105894 -0.332831 -0.61027 -0.801333 -0.186137 -1 -0.842544 -0.347205 -0.484735 -1 -1 -0.841129 -0.134512 -1 -0.124598 -0.0968552 -1 -0.733415 0.839989 0.408963 -0.270359 0.22363 0.629766 -0.819835 -1 0.392691 -0.967441 -0.945947 -0.00727788 -0.349638 -1 -1 0.593017 -0.602651 -0.732772 -1 -1 -0.666388 -0.624718 -0.969967 0.202536 -0.490244 0.0741493 -1 -0.527826 0.0336233 -0.190124 -1 0.254788 -0.33497 -0.863017 0.15328 -1 -0.923588 -0.983704 -0.360874 -1 0.284804 -1 0.106223 0.532558 0.755067 -1 0.610978 -1 0.2741 -0.491305 -0.19358 -1 0.336252 -1 -0.973953 -1 -0.985964 -1 0.0131839 -0.378739 -0.38063 0.201912 0.351627 -1 -0.831466 -0.20125 0.7822 -0.434744 0.708718 -0.331309 -1 -0.995554 -0.036484 -0.518526 -0.752232 
-0.509251 -0.692332 -1 1 -0.662505 -0.0634267 -1 -0.82609 -0.428627 0.725123 1 0.636811 -0.931657 -0.344831 -0.105894 0.269068 -0.386179 -1 -0.23984 -1 -1 -0.112676 -0.582888 -0.354124 -1 -1 -0.4172 -0.945873 -0.169429 -0.0968552 -1 -0.893951 0.839989 0.50571 -0.270359 -0.088474 0.466643 -0.850613 -0.619827 0.390996 -1 -1 -0.49717 0.317526 -1 -1 0.720104 0.841231 -0.890118 -1 -0.962023 -0.822811 -0.427197 -1 0.331048 -0.490244 0.268906 -0.525909 0.293556 -0.103447 -0.190124 -1 0.254788 -0.33497 -1 -0.494856 -0.1163 -1 -0.872311 0.609165 -1 0.67162 -1 0.237913 0.360596 0.796273 -1 0.77466 -0.905714 0.0739012 -0.466664 0.374396 -1 0.709435 -0.745207 -1 -1 -0.821408 -1 -0.419853 -0.00316891 0.217501 0.218763 0.276619 -0.508967 -0.892931 -0.324307 0.501628 -0.68427 0.549017 -0.66835 -1 -0.676886 -0.0226054 -0.351347 -0.451648 
-0.93003 0.643242 -0.538044 -0.855298 -0.97586 0.507408 -0.293837 -0.292099 -1 -0.153792 -0.907805 -0.692477 0.449997 0.453796 -0.987167 0.427957 -0.883337 -0.728195 -1 -0.618166 -1 -0.42255 -0.0753843 -0.79347 0.364158 -0.909108 -0.776427 -1 -0.383286 -0.937955 -1 -0.807379 -1 -1 -1 -1 -1 0.333048 -1 0.630987 -0.320592 -1 -1 -0.926305 -0.6131 -0.44452 0.112944 -0.872851 -0.509959 -0.687383 -0.713382 0.951466 -0.947567 -0.34027 -1 -0.812153 -0.802572 -0.604985 -1 -0.895702 -0.932851 -1 -0.303521 -1 -1 -1 -0.371759 -0.861598 -0.139174 -0.962069 -0.155739 -0.802993 -1 -0.0493611 -0.884572 0.969477 -1 -0.167039 -1 -1 -0.311366 -0.146023 -1 -0.13344 -0.246511 -1 -1 -0.641182 -0.650561 -0.910637 -1 -0.159119 1 0.342238 -0.837772 0.307604 -0.37507 0.197078 0.813745 -0.970378 -0.68981 -1 -0.828834 -0.789558 -0.732794 -0.767172 
-0.451568 -1 -0.91759 0.371756 -0.961055 -0.562221 -1 -0.944069 -0.664733 0.750226 0.256857 -0.879891 -0.417574 -0.434315 -0.564445 -0.200042 -0.953441 -0.83656 -0.430959 -0.938936 -0.988108 -0.0131622 -1 -0.775988 -1 -1 -1 -1 0.0753992 -0.873855 -1 -1 0.653236 0.528465 0.0981442 -0.278797 -0.33042 -1 -1 -0.193471 -1 -0.567229 -0.931783 0.385505 -0.671646 -0.424128 0.1195 0.311694 -0.602143 -0.8379 -1 -0.74348 0.390866 -1 -0.776061 -0.833951 0.0587986 -1 -0.00547942 0.01152 -0.546968 -0.825174 -0.700211 -0.217989 -1 -0.312454 -0.931089 -0.97894 -0.929648 -0.17787 -0.560655 -0.19175 -1 -0.286753 0.355249 0.661362 -1 0.490202 -1 0.340216 -0.612515 0.802141 -0.923407 -0.144846 -1 -1 -0.983753 -0.819948 -0.988842 -0.704807 0.0130152 0.286826 -0.0773209 0.331496 -0.673939 -1 -0.999389 0.330754 -0.432696 0.334496 -0.051255 -1 -0.766338 -0.74591 -1 -1 
-0.451568 -1 -1 0.371756 -1 -0.459353 -1 -0.944069 -0.282334 0.441759 0.113057 -0.443787 -0.417574 -0.330834 -0.564445 0.269068 -0.767773 -1 -0.0439432 -0.938936 -0.90316 0.198068 -0.920388 -0.690313 -1 -1 -1 -1 -0.055312 -1 -0.817645 -1 0.52086 0.246348 0.0981442 -0.278797 0.313852 -0.816391 -0.840923 -0.193471 -1 -0.994069 -0.931783 0.60284 -0.671646 -0.424128 0.22196 -0.119002 -0.602143 -1 -1 -0.74348 0.390866 -1 -0.998684 -0.833951 0.168432 -1 -0.00547942 0.01152 -0.613548 -1 -0.834077 -0.217989 -0.985242 -0.780765 -1 -1 -1 -0.17787 -0.560655 0.0697039 -1 -0.286753 0.355249 0.661362 -1 0.490202 -1 0.340216 -0.612515 0.686504 -1 0.429449 -0.910075 -1 -0.800164 -1 -1 -0.442023 -0.0081304 0.203821 0.163499 0.173232 -0.603841 -1 -0.458413 0.330754 -0.424849 0.873827 -0.203765 -1 -0.824823 -0.74591 -1 -0.785387 
-0.509251 -0.692332 -1 1 -1 -0.0634267 -1 -0.82609 -0.428627 0.369061 1 0.636811 -0.931657 -0.786002 -0.0348532 0.269068 -0.386179 -1 -0.23984 -1 -1 -0.112676 -0.582888 -0.354124 -1 -1 -0.4172 -0.945873 -0.169429 -0.0968552 -1 -0.893951 0.839989 0.50571 -0.270359 -0.088474 0.466643 -1 -0.619827 0.390996 -1 -1 -0.49717 0.317526 -1 -1 0.720104 0.464633 -0.833409 -1 -0.962023 -0.963472 -0.919713 -1 0.221228 -0.490244 0.268906 -0.525909 0.293556 -0.103447 -0.190124 -1 0.254788 -0.33497 -1 -0.494856 -0.978286 -1 -0.912387 0.609165 -1 0.67162 -1 0.237913 0.360596 0.796273 -1 0.77466 -1 0.0739012 -0.42726 0.374396 -1 0.90343 -0.745207 -1 -1 -0.821408 -1 -0.419853 -0.28661 0.217501 0.218763 -0.12092 -0.508967 -0.892931 -0.324307 0.501628 -0.68427 0.549017 -0.66835 -1 -0.676886 -0.0226054 -0.351347 -0.451648 
-0.427472 -0.736655 -1 1 -0.616116 -0.462285 -0.718081 -0.628226 -0.32683 0.631632 0.82382 0.680697 -0.931657 0.240643 -0.105894 0.269068 -0.426088 -0.753201 -0.806408 -1 -0.499101 -0.134475 -0.510642 -0.354124 -1 -0.689842 -0.196625 -0.852025 -0.124598 -0.0968552 -1 -0.725379 0.755481 0.408963 -0.270359 0.072127 0.519215 -1 -1 0.390996 -0.973982 -1 -0.225977 0.220121 -0.639302 -1 0.712071 0.318849 -0.820277 -0.899448 -1 -0.776584 -0.425162 -1 0.109028 -1 0.0816666 -0.525909 -0.0229213 -0.103447 -0.190124 -1 0.254788 -0.33497 -0.863017 0.15328 -0.713203 -1 -0.983704 0.492695 -1 0.631256 -1 0.0782476 0.726176 0.796273 -1 0.768532 -1 0.392969 -0.491305 -0.186451 -1 0.826738 -1 -0.828156 -1 -0.951873 -1 0.477465 -0.00316891 -0.106849 0.0759166 0.351627 -0.508967 -0.928778 -0.201547 0.7822 -0.627621 0.786075 -0.66835 -1 -0.995554 -0.109329 -0.366195 -0.678278 
-0.427472 -1 -1 0.932284 -0.411294 -0.119927 -0.937201 -0.82609 -0.46211 0.725123 0.994688 0.705136 -0.601702 0.227678 -0.105894 -0.290252 -0.426088 -0.629475 -0.600367 -1 -0.499101 0.254501 -0.43415 -0.273012 -1 -0.689842 -0.318624 -0.510078 0.0193785 -0.0986847 -1 -0.494319 0.719857 0.408963 0.00603223 0.0621671 0.496055 -0.754485 -0.477976 0.0234894 -0.528064 -0.567229 0.00801134 0.6125 -0.614751 -0.587901 0.540432 0.189664 -0.600294 -0.907324 -1 -0.776584 0.0582771 -1 0.72328 -0.4695 -0.116974 -0.774228 0.102112 -0.103447 -0.190124 -1 -0.0198933 -0.217989 -1 0.139993 0.352877 -0.973012 -1 0.458019 -0.428641 0.631256 -1 -0.0408349 0.950636 0.309594 -1 0.50741 -1 0.392969 -0.466664 0.802141 -0.797218 0.826738 -1 -1 -0.79971 -0.592452 -1 0.477465 -0.167657 0.286826 0.28544 0.455256 -0.511574 -0.77816 -0.122368 0.637866 -0.482615 0.786075 -0.69915 -1 -0.491381 -0.0226054 -0.852676 -0.496028 
-0.427472 -0.851737 -1 0.932284 -0.236198 -0.183965 -0.490272 -0.82609 -0.262063 0.725123 0.975954 0.705136 -0.601702 0.227678 -0.105894 0.383682 -0.426088 -0.629475 -0.179007 -0.847686 -0.499101 0.254501 -0.38052 -0.273012 -1 -0.689842 -0.12628 -0.600697 0.0193785 -0.0986847 -1 -0.671762 0.940016 0.408963 0.00603223 -0.419617 0.496055 -0.754485 -0.477976 0.390996 -0.528064 -0.567229 0.00801134 0.6125 -0.614751 -0.761125 0.720104 0.744468 -0.376741 -1 -1 -0.776584 0.373215 -0.963834 0.72328 -0.178635 -0.116974 -0.774228 0.14534 -0.103447 -0.190124 -1 0.254788 -0.217989 -1 0.139993 0.352877 -0.973012 -1 0.458019 -0.428641 0.631256 -1 -0.0408349 0.791912 0.796273 -1 0.977804 -1 0.392969 -0.466664 0.802141 -0.644613 0.826738 -1 -1 -0.79971 -0.62101 -1 0.477465 -0.167657 0.286826 0.28544 0.455256 -0.671964 -0.77816 -0.122368 0.637866 -0.482615 0.786075 -0.288558 -1 -0.491381 -0.0226054 -0.351347 -0.496028 
-0.997531 -1 -0.951042 -0.0512261 -1 -0.453075 -1 -1 -0.699486 0.564076 0.256857 -0.590417 -0.417574 -0.868149 -0.608859 0.457882 -0.767773 -0.930952 -0.0439432 -0.938936 -0.90316 0.333137 -0.600145 -0.615302 -1 -1 -1 -1 0.0193785 -0.873855 -1 -1 0.850006 0.528465 0.0783101 -0.278797 0.0939183 -1 -0.911856 -0.193471 -1 -0.567229 -1 0.60284 -0.671646 -1 0.0808772 0.311694 -0.602143 -1 -1 -0.583487 0.390866 -1 -0.737459 -0.833951 -0.406713 -1 0.205207 -0.0845541 -0.546968 -1 -0.914711 -0.69503 -1 -0.443566 -0.281364 -0.97894 -1 -0.72966 -1 0.211352 -1 -0.320728 0.355249 0.661362 -1 -0.261717 -1 0.109353 -0.612515 0.394757 -1 0.429449 -0.988335 -1 -1 -1 -1 -0.47072 -0.0081304 0.286826 0.0172987 0.331496 -0.673939 -1 -0.332184 0.576194 -0.432696 0.842628 -0.159524 -1 -1 -0.864955 -0.982186 -1 
-0.427472 -0.736655 -0.985591 1 -0.68545 -0.462285 -0.718081 -0.628226 -0.32683 0.631632 0.82382 0.680697 -0.931657 0.395289 -0.105894 0.269068 -0.426088 -0.753201 -1 -1 -0.499101 -0.134475 -0.407095 -0.354124 -1 -0.689842 -0.196625 -1 -0.124598 -0.0968552 -1 -0.725379 0.755481 0.408963 -0.270359 0.072127 0.519215 -1 -1 0.390996 -0.973982 -1 -0.225977 0.220121 -0.639302 -1 0.712071 -0.254892 -0.820277 -0.899448 -1 -0.776584 -0.425162 -1 0.109028 -1 0.0816666 -0.525909 -0.0229213 -0.207102 -0.190124 -1 0.254788 -0.33497 -0.863017 0.15328 -0.713203 -1 -0.983704 0.64995 -1 0.631256 -1 0.0782476 0.726176 0.796273 -1 0.768532 -1 0.303545 -0.491305 -0.186451 -1 0.826738 -1 -0.93122 -1 -0.951873 -1 0.477465 -0.00316891 -0.106849 0.0759166 0.351627 -0.508967 -0.928778 -0.201547 0.7822 -0.627621 0.786075 -0.66835 -1 -0.995554 -0.109329 -0.366195 -0.725901 
-0.451568 -1 -1 0.371756 -1 -0.459353 -0.956563 -0.918428 -0.195513 0.750226 0.113057 -0.443787 -0.417574 -0.330834 -0.564445 0.269068 -0.767773 -1 -0.0439432 -0.938936 -0.90316 0.198068 -1 -0.690313 -1 -0.992527 -1 -1 0.0753992 -1 -1 -1 0.653236 0.257019 0.0981442 -0.278797 0.260047 -0.927361 -0.811409 -0.193471 -1 -0.994069 -0.931783 0.60284 -1 -0.424128 -0.349624 0.455194 -0.693363 -1 -1 -0.951311 0.390866 -1 -0.5188 -0.833951 0.168432 -1 -0.00547942 0.01152 -0.965567 -1 -0.675665 -0.557383 -1 -0.443566 -1 -1 -1 -0.17787 -0.560655 0.0697039 -0.830702 -0.286753 0.355249 0.812183 -1 0.490202 -1 0.124033 -0.612515 0.802141 -1 0.429449 -0.832803 -0.915953 -0.800164 -1 -1 -0.47072 -0.0963255 -0.0530559 0.163499 0.173232 -1 -1 -0.458413 0.330754 -0.432696 0.873827 -0.203765 -1 -0.824823 -0.604384 -1 -0.709627 
-0.414631 -1 -1 0.542005 -1 -0.459353 -1 -0.944069 -0.282334 0.750226 0.113057 -0.443787 -0.417574 -0.330834 -0.536549 0.269068 -0.767773 -0.883801 -0.108923 -0.938936 -0.90316 0.198068 -0.920388 -1 -1 -1 -1 -1 -0.055312 -1 -0.817645 -1 0.724305 0.246348 -0.0877601 -0.479599 0.313852 -1 -1 -0.193471 -1 -0.994069 -0.931783 0.60284 -0.671646 -0.424128 -0.235589 0.311694 -0.546524 -1 -1 -0.714182 0.390866 -1 -0.566609 -1 0.168432 -1 -0.00547942 0.01152 -1 -1 -0.520331 -0.217989 -0.985242 -0.406507 -1 -1 -1 -0.17787 -0.560655 0.0697039 -1 -0.286753 0.355249 0.661362 -1 0.490202 -1 0.340216 -0.612515 0.802141 -1 0.590912 -0.910075 -1 -0.702878 -1 -1 -0.442023 -0.0081304 0.203821 0.163499 0.173232 -0.74607 -1 -0.458413 0.330754 -0.522537 0.910265 -0.203765 -1 -0.788404 -1 -1 -1 
-0.427472 -0.736655 -1 1 -0.616116 -0.462285 -0.718081 -0.628226 -0.32683 0.725123 0.82382 0.680697 -0.931657 0.240643 -0.105894 0.269068 -0.469491 -0.753201 -0.806408 -1 -0.499101 -0.134475 -0.510642 -0.354124 -1 -0.689842 -0.196625 -0.852025 -0.124598 -0.0968552 -1 -0.725379 0.755481 0.408963 -0.270359 0.072127 0.629766 -1 -1 0.390996 -0.973982 -1 -0.00727788 0.220121 -0.639302 -1 0.712071 0.318849 -0.820277 -0.899448 -1 -0.776584 -0.425162 -1 0.060496 -0.875146 0.0816666 -0.525909 0.261117 -0.103447 -0.190124 -1 0.254788 -0.33497 -0.863017 0.15328 -0.713203 -1 -0.983704 0.492695 -1 0.631256 -1 0.0782476 0.726176 0.796273 -1 0.768532 -1 0.285108 -0.491305 -0.186451 -1 0.826738 -1 -0.828156 -1 -0.951873 -1 0.477465 -0.00316891 -0.106849 0.0759166 0.351627 -0.508967 -0.928778 -0.201547 0.7822 -0.627621 0.786075 -0.66835 -1 -0.995554 -0.109329 -0.366195 -0.678278 
-1 -0.953432 -1 0.932284 -0.962315 -0.183965 -1 -1 -0.262063 0.471907 0.291024 -0.202986 -0.417574 0.227678 -0.105894 0.269068 -0.884865 -0.629475 -0.179007 -0.938936 -0.90316 0.0769662 -0.366906 -0.629385 -1 -1 -0.495685 -1 0.0193785 -0.0986847 -1 -0.797172 0.940016 0.571934 0.00603223 -0.203371 0.270625 -1 -0.869704 -0.178757 -1 -0.567229 -0.598124 0.75097 -1 -0.761125 0.414224 0.634954 -0.376741 -0.768115 -0.79363 -1 0.373215 -1 0.192767 -0.881243 -0.165709 -1 -0.0296115 -0.213739 0.180814 -1 0.0380469 -0.370878 -0.879537 0.301745 0.385442 -0.973012 -1 -0.0366132 -0.428641 0.631256 -1 -0.335016 0.56478 0.818844 -1 0.429074 -1 0.387842 -0.309509 0.394147 -0.644613 0.477353 -0.988057 -1 -1 -1 -1 0.00232853 -0.425893 0.399877 0.289134 0.436142 -0.673939 -0.653402 -0.0136247 0.649352 -0.297826 0.842628 -0.159524 -1 -0.579983 -0.566587 -1 -0.711511 
-0.93003 0.459622 -0.841713 -0.401093 -0.978924 0.305797 0.207458 -0.239571 -1 -0.153792 -0.809256 -0.223501 0.449997 0.886707 -1 0.9088 -1 -0.728195 -1 -0.390913 -1 -0.404426 -0.033622 -0.87529 0.364158 -0.733408 -0.956137 -1 0.129958 -0.798981 -1 -0.425204 -1 -0.964173 -1 -1 -0.762405 0.333048 -1 0.505249 0.340143 -1 -1 -1 -0.6131 -0.186475 0.265539 -1 -0.509959 -0.807274 -0.713382 0.533261 -1 -0.318865 -1 -0.658511 -0.0985611 -0.32381 -1 -0.296926 -0.0163541 -1 0.383706 -1 -1 -1 -0.209207 -0.71622 -0.601473 -1 -0.746456 -1 -1 -0.0493611 -1 0.969477 -0.99031 -0.532442 -1 -0.826823 -0.870098 -0.146967 -1 -0.13344 -0.0788843 -0.935142 -1 -0.502606 -0.758239 -0.910637 -0.878728 -0.663866 1 0.342238 -0.837772 0.262801 0.404742 0.197078 0.651355 -0.970378 0.0781448 -0.908623 -1 -0.789558 -0.164529 -1 
-0.630936 -1 -1 0.371756 -1 -0.183965 -1 -0.944069 -0.282334 0.639381 0.365698 -0.394297 -1 -0.330834 -0.564445 0.0824315 -1 -1 -0.0439432 -1 -0.906592 0.350843 -1 -0.643774 -1 -1 -1 -1 0.0753992 -0.873855 -1 -1 0.67178 0.456654 0.0981442 -0.587065 0.160777 -1 -0.911856 -1 -1 -0.996538 -0.931783 0.579262 -0.671646 -0.424128 0.1195 0.311694 -0.602143 -1 -1 -0.74348 0.0224835 -1 -0.5188 -0.833951 -0.253085 -1 -0.321528 0.135073 -1 -0.715659 -0.520331 -0.672508 -1 -0.443566 -0.712041 -0.97894 -1 -0.17787 -0.560655 0.0697039 -1 -0.286753 0.355249 0.661362 -1 0.490202 -1 0.340216 -0.612515 0.802141 -1 0.429449 -0.884048 -1 -0.800164 -1 -1 -0.47072 -0.0081304 0.286826 0.163499 0.331496 -0.673939 -1 -0.458413 0.330754 -0.432696 0.873827 -0.051255 -1 -1 -0.74591 -1 -0.709627 
-0.509251 -0.736655 -1 0.768792 -0.662505 -0.0634267 -1 -0.82609 -0.428627 0.725123 1 0.786159 -0.931657 -0.415264 -0.105894 0.269068 -0.386179 -1 -0.23984 -1 -1 -0.112676 -0.582888 -0.354124 -1 -1 -0.4172 -0.945873 -0.169429 -0.0968552 -1 -0.893951 1 0.50571 -0.270359 -0.684059 -0.0167545 -0.850613 -0.87741 0.390996 -1 -1 -0.420542 0.317526 -1 -1 0.720104 0.841231 -0.880312 -1 -1 -0.822811 -0.427197 -1 -0.110984 -0.559951 0.268906 -0.525909 0.284897 -0.103447 -0.190124 -0.987085 0.254788 -0.33497 -1 -0.494856 -0.1163 -1 -1 0.297194 -1 0.669596 -1 0.237913 0.360596 0.796273 -1 0.77466 -0.905714 0.0739012 -0.466664 0.374396 -1 0.709435 -0.745207 -1 -1 -0.821408 -1 -0.419853 -0.00316891 0.160228 0.22195 0.276619 -0.508967 -0.892931 -0.771484 0.501628 -0.569531 0.682577 -0.66835 -1 -0.676886 0.04824 -0.351347 -0.451648 
-0.427472 -1 -1 0.390272 -0.411294 -0.519429 -0.859867 -1 -0.262063 0.85389 0.560078 0.368183 -0.447312 0.232385 -0.767995 0.0180073 -0.357196 -1 -0.722947 -1 -0.67216 -0.40609 -0.783402 -0.404623 -1 -0.837688 -0.917861 -0.782665 -0.647733 -0.0698286 -1 -0.54893 0.940016 0.583569 -1 -0.0468916 0.61952 -1 -1 -0.0508401 -0.918507 -0.567229 -0.0478937 0.26734 -0.930617 -0.842186 0.211947 0.60479 -0.600701 -0.823372 -1 -0.991269 0.383877 -1 0.496148 -0.140412 -0.589211 -0.774228 -0.820632 -0.166906 -0.073475 -1 -0.0365056 -0.977708 -1 0.0622932 0.176502 -1 -1 0.0264967 -0.999674 -0.0625995 -0.861678 -0.114786 0.791912 0.152002 -1 0.556157 -1 0.0628319 -0.608123 -0.0888645 -1 0.378007 -1 -0.931573 -1 -1 -1 0.109082 -0.188615 0.323278 0.28544 0.0896387 -0.921932 -0.816749 0.0918644 0.288701 -0.919451 0.800117 -0.351454 -1 -0.491381 -0.0226054 -0.803847 -0.54981 
-0.451568 -1 -1 0.371756 -1 -0.330983 -1 -0.944069 -0.282334 0.750226 0.113057 -0.443787 -0.581994 -0.423298 -0.564445 0.396006 -0.767773 -1 -0.0439432 -0.938936 -0.90316 0.198068 -0.920388 -0.690313 -1 -1 -1 -1 -0.185831 -1 -1 -1 0.653236 0.246348 0.0981442 -0.278797 0.427954 -1 -0.902103 -0.193471 -1 -0.994069 -0.931783 0.60284 -0.926321 -0.424128 0.1195 0.479442 -1 -1 -1 -0.74348 0.390866 -1 -0.5188 -0.833951 0.168432 -1 -0.00547942 0.01152 -0.613548 -1 -0.520331 -0.217989 -0.985242 -0.443566 -0.998305 -1 -1 -0.17787 -0.560655 0.0697039 -1 -0.286753 0.355249 0.661362 -1 0.490202 -1 0.340216 -0.612515 0.802141 -0.880286 0.468888 -0.910075 -1 -0.800164 -1 -1 -0.442023 -0.0081304 0.203821 0.163499 0.173232 -0.603841 -1 -0.355852 0.330754 -0.432696 0.873827 -0.203765 -1 -0.824823 -1 -1 -0.785387 
-0.427472 -0.677791 -1 1 -0.71061 -0.591448 -1 -0.628226 -0.32683 0.725123 0.186081 0.238883 -1 -0.363172 -0.105894 -0.709495 -0.666135 -1 -0.23984 -0.957736 -1 -0.384838 -0.512181 -0.354124 -1 -0.631988 -0.196625 -0.852025 -0.51701 0.161418 -1 -0.765917 0.463195 0.408963 -0.359954 0.072127 0.629766 -1 -1 -0.181818 -1 -1 -0.272914 -0.242547 -0.708539 -0.812186 0.720104 0.318849 -1 -0.899448 -1 -0.776584 -0.825295 -0.966647 -0.359288 -0.567544 -0.0872735 -0.770139 0.190188 -0.0636833 -0.652386 -1 0.336643 -0.33497 -1 -0.160398 -0.815074 -0.964979 -0.983704 0.458019 -1 0.631256 -1 0.117296 0.726176 0.717916 -1 0.689807 -0.824906 0.392969 -0.491305 -0.125997 -1 0.721025 -1 -1 -1 -1 -0.854997 0.477465 -0.00316891 -0.637191 0.0759166 0.415037 -0.735704 -0.928778 -0.429795 0.7822 -0.743035 0.0755559 -0.717372 -1 -0.960745 -0.109329 -0.487737 -0.432801 
-0.451568 -1 -1 0.264788 -1 -0.183965 -1 -0.944069 -0.485772 0.750226 0.256857 -0.879891 -0.417574 -0.330834 -0.564445 -0.200042 -0.953441 -1 -0.467832 -0.938936 -0.988108 0.350843 -0.920388 -0.775988 -1 -1 -1 -0.977486 0.0753992 -0.919988 -1 -1 0.653236 0.528465 0.0981442 -0.278797 -0.33042 -1 -0.911856 -0.193471 -1 -0.567229 -0.837664 0.403938 -0.671646 -0.424128 0.1195 0.311694 -0.549067 -1 -1 -1 0.390866 -1 -0.5188 -0.833951 0.0587986 -1 -0.358739 0.01152 -0.546968 -0.825174 -0.520331 -0.217989 -1 -0.312454 -0.712041 -0.97894 -0.929648 -0.17787 -0.601466 0.0697039 -1 -0.286753 0.355249 0.552612 -1 0.490202 -1 0.340216 -0.612515 0.802141 -0.923407 -0.144846 -0.910075 -1 -1 -0.819948 -0.990514 -0.704807 0.0130152 0.286826 0.163499 0.331496 -0.673939 -1 -0.999389 0.330754 -0.432696 0.440411 -0.051255 -1 -0.824823 -0.74591 -1 -0.709627 
-0.427472 -0.953432 -1 0.803414 -0.962315 -0.183965 -0.985758 -1 -0.667311 0.471907 0.291024 -0.455806 -0.417574 0.227678 -0.105894 0.269068 -0.884865 -0.629475 -0.179007 -0.938936 -0.90316 0.27967 -0.717215 -0.309142 -1 -1 -0.495685 -1 0.0193785 -0.0986847 -1 -1 0.940016 0.571934 0.00603223 -0.0999132 0.310279 -1 -0.869704 -0.193471 -1 -0.567229 -0.598124 0.6125 -1 -0.761125 0.720104 0.634954 -0.376741 -0.873647 -0.802598 -0.776584 0.373215 -1 0.160785 -1 -0.165709 -1 -0.0296115 -0.213739 -0.518155 -1 0.0380469 -0.217989 -0.879537 0.139993 0.482765 -0.973012 -1 -0.0366132 -0.428641 0.631256 -0.903464 -0.316776 0.791912 0.965248 -1 0.196056 -1 0.392969 -0.420586 0.802141 -1 0.477353 -0.988057 -1 -0.79971 -1 -1 0.00232853 -0.167657 0.399877 -0.0050891 0.455256 -0.673939 -0.653402 -0.675543 0.649352 -0.297826 0.842628 -0.159524 -0.865065 -0.491381 -0.566587 -0.914301 -0.319437 
