-0.427472 -0.736655 -1 1 -0.662505 -0.0634267 -0.701893 -0.82609 -0.32683 0.725123 1 0.636811 -0.931657 0.227678 -0.105894 0.269068 -0.426088 -0.753201 -0.23984 -1 -0.916364 -0.258716 -0.582888 -0.354124 -1 -1 -0.4172 -0.945873 -0.230831 -0.0968552 -1 -0.725379 0.732104 0.373024 -0.270359 0.072127 0.629766 -0.850613 -0.619827 0.390996 -1 -0.792983 -0.282715 0.317526 -0.722161 -1 0.720104 0.841231 -0.820277 -1 -1 -0.822811 -0.427197 -1 0.331048 -0.490244 0.268906 -0.525909 0.293556 -0.103447 -0.190124 -1 0.254788 -0.33497 -0.863017 0.15328 -0.1163 -1 -0.899113 0.609165 -0.999674 0.669596 -1 0.237913 0.360596 0.796273 -1 0.77466 -0.905714 0.0739012 -0.466664 0.374396 -1 0.709435 -0.745207 -1 -1 -0.821408 -1 0.152344 -0.00316891 0.217501 0.0836275 0.210064 -0.508967 -0.838621 -0.201547 0.7822 -0.627621 0.682577 -0.66835 -1 -0.811939 -0.0226054 -0.351347 -0.451648 
-0.427472 -0.736655 -1 1 -0.616116 -0.0634267 -0.718081 -0.928858 -0.32683 0.725123 0.82382 0.636811 -0.931657 0.227678 -0.105894 0.269068 -0.426088 -0.753201 -0.303227 -1 -0.499101 0.0783666 -0.38052 -0.354124 -1 -0.689842 -0.196625 -0.852025 -0.124598 -0.0968552 -1 -0.725379 0.839989 0.408963 -0.270359 0.072127 0.629766 -1 -1 0.390996 -0.973982 -1 -0.00727788 0.220121 -0.639302 -1 0.720104 0.318849 -0.820277 -0.899448 -1 -0.776584 -0.531295 -1 0.060496 -0.490244 0.0816666 -0.525909 0.261117 -0.103447 -0.190124 -1 0.254788 -0.33497 -0.863017 0.15328 -0.713203 -1 -0.983704 0.492695 -1 0.631256 -1 0.117296 0.728676 0.796273 -1 0.768532 -1 0.392969 -0.491305 -0.186451 -1 0.826738 -1 -1 -1 -0.951873 -1 0.477465 -0.00316891 -0.106849 0.0759166 0.351627 -0.508967 -0.831466 -0.201547 0.7822 -0.627621 0.786075 -0.66835 -1 -0.995554 -0.135407 -0.366195 -0.451648 
-1 0.643242 -1 -1 -1 0.336727 0.26156 0.295507 -1 0.0286059 -0.809256 -0.162707 0.449997 0.741302 -1 0.9088 -1 -1 -1 -0.0365234 -1 -0.60738 -0.633297 -1 -0.233645 -1 -0.956137 -0.88087 0.221821 -1 -1 -0.425204 -0.853757 -0.964173 -0.986797 -1 -0.762405 0.49972 -1 0.740747 0.39955 -1 -1 -0.965365 -1 -0.519795 -0.168756 -1 -1 -0.893363 -0.713382 0.548269 -1 -0.34027 -0.874132 -0.551572 -0.466323 -0.780658 -1 -0.296926 -0.287442 -1 -0.111128 -1 -1 -1 -1 -1 -0.151217 -1 0.00537392 -1 -1 -0.605056 -0.835485 0.678861 -1 -0.202939 -0.974028 -1 -0.510068 -0.314082 -1 -0.498895 -0.41396 -1 -0.822207 -0.502606 -0.823384 -0.684231 -0.769079 -0.833795 1 0.342238 -0.837772 0.522727 0.528011 0.359367 0.68059 -1 0.0781448 -1 -1 -0.818794 -0.232365 -0.833891 
-0.466793 -1 -0.943651 0.939786 -0.411294 -0.211032 -0.549902 -0.82609 -0.652776 0.399328 0.686392 0.642018 -0.533788 -0.190023 -0.105894 0.269068 -0.521216 -0.629475 -0.311167 -1 -0.499101 0.254501 -0.38052 -0.274806 -1 -1 -0.12628 -0.575675 -0.290323 -0.0932591 -1 -0.671762 0.799114 0.442453 -0.197966 -0.19159 0.466192 -1 -0.913942 0.231375 -0.528064 -1 0.00801134 0.6125 -0.963032 -0.761125 0.422346 0.376826 -0.720898 -1 -0.864547 -1 -0.256035 -1 0.72328 -0.248608 -0.766219 -1 0.14534 -0.147794 -0.190124 -1 0.254788 -0.217989 -1 -0.129379 -0.0398575 -0.820544 -1 0.593041 -0.827622 -0.204242 -1 0.242168 0.700254 0.328376 -1 0.524885 -0.914549 0.278946 -0.445268 0.709027 -0.644613 0.826738 -0.842835 -1 -1 -0.62101 -1 0.477465 0.139937 0.286826 -0.0826678 0.430322 -0.5954 -0.740514 -0.122368 0.603361 -0.336715 0.249825 -0.313015 -1 -0.758246 -0.0226054 -0.712655 -0.451648 
-0.427472 -0.86199 -1 0.67916 -0.411294 -0.519429 -0.859867 -1 -0.262063 0.725123 0.70659 0.368183 -0.447312 0.232385 -0.628522 -0.0800186 -0.357196 -1 -0.722947 -0.701326 -0.499101 -0.271253 -0.783402 -0.404623 -0.802643 -0.837688 -0.917861 -0.597321 -0.647733 -0.0698286 -1 -0.54893 0.940016 0.545735 -1 -0.0468916 0.61952 -0.952857 -1 0.123404 -0.918507 -0.567229 -0.0478937 0.342267 -0.930617 -0.842186 0.720104 0.468002 -0.600701 -0.823372 -1 -0.941206 0.373215 -1 0.717238 -0.140412 -0.589211 -0.774228 -0.339423 -0.166906 -0.190124 -1 0.254788 -0.710919 -1 0.0113892 0.183953 -1 -0.983704 0.0264967 -0.999674 0.447871 -1 -0.191481 0.791912 0.380066 -1 0.556157 -1 0.392969 -0.608123 -0.0888645 -1 0.378007 -1 -1 -1 -1 -1 0.122404 -0.167657 0.323278 0.28544 0.455256 -0.989986 -0.816749 -0.0778304 0.603361 -0.919451 0.800117 -0.351454 -1 -0.491381 -0.0226054 -0.803847 -0.54981 
-0.427472 -0.736655 -1 1 -0.616116 -0.0634267 -0.718081 -0.628226 -0.32683 0.725123 0.82382 0.680697 -0.931657 0.227678 -0.105894 0.269068 -0.426088 -0.753201 -0.23984 -1 -0.499101 0.195765 -0.38052 -0.354124 -1 -0.689842 -0.196625 -0.852025 -0.124598 -0.0968552 -1 -0.725379 0.755481 0.408963 -0.270359 0.072127 0.629766 -1 -1 0.390996 -0.973982 -1 -0.00727788 0.220121 -0.639302 -1 0.720104 0.318849 -0.820277 -0.899448 -1 -0.776584 -0.427197 -1 0.060496 -0.490244 0.0816666 -0.525909 0.261117 -0.103447 -0.190124 -1 0.254788 -0.33497 -0.863017 0.15328 -0.713203 -1 -0.983704 0.492695 -1 0.631256 -1 0.117296 0.726176 0.796273 -1 0.768532 -1 0.392969 -0.491305 -0.186451 -1 0.826738 -1 -1 -1 -0.951873 -1 0.477465 -0.00316891 -0.106849 0.0759166 0.351627 -0.508967 -0.928778 -0.201547 0.7822 -0.627621 0.786075 -0.66835 -1 -0.995554 -0.109329 -0.366195 -0.418898 
-0.427472 -0.86199 -1 0.67916 -0.411294 -0.519429 -0.859867 -1 -0.262063 0.725123 0.70659 0.368183 -0.447312 0.232385 -0.725178 -0.0800186 -0.357196 -1 -0.722947 -0.701326 -0.499101 -0.271253 -0.783402 -0.404623 -0.802643 -0.837688 -0.827252 -0.597321 -0.647733 -0.0698286 -1 -0.54893 0.940016 0.545735 -1 -0.0468916 0.61952 -0.952857 -0.97581 0.123404 -0.918507 -0.567229 -0.0478937 0.342267 -0.930617 -0.842186 0.720104 0.468002 -0.600701 -0.823372 -1 -0.941206 0.373215 -1 0.717238 -0.140412 -0.589211 -0.779661 -0.339423 -0.166906 -0.190124 -1 0.254788 -0.710919 -1 0.0113892 0.183953 -1 -0.983704 0.0565501 -0.999674 0.447871 -1 -0.191481 0.791912 0.380066 -1 0.556157 -1 0.392969 -0.466664 -0.0888645 -1 0.378007 -1 -1 -1 -1 -1 0.122404 -0.167657 0.323278 0.28544 0.455256 -0.989986 -0.816749 -0.0778304 0.603361 -0.919451 0.800117 -0.351454 -1 -0.491381 -0.0226054 -0.803847 -0.54981 
-0.427472 -0.986419 -1 0.932284 -0.411294 -0.519429 -0.490272 -1 -0.262063 0.725123 1 0.368183 -0.447312 0.232385 -0.635768 -0.0800186 -0.51122 -1 -0.722947 -0.847686 -0.499101 -0.271253 -0.773217 -0.404623 -1 -0.689842 -0.827252 -0.597321 -0.290323 -0.0986847 -1 -0.54893 0.940016 0.545735 -0.590168 -0.0468916 0.61952 -0.952857 -0.97581 0.123404 -0.918507 -0.567229 -0.0478937 0.342267 -0.777791 -0.842186 0.720104 0.727404 -0.600701 -1 -1 -0.941206 0.373215 -1 0.717238 -0.0703781 -0.589211 -0.774228 -0.339423 -0.103447 -0.190124 -1 0.254788 -0.732727 -1 0.139993 0.183953 -1 -0.983704 0.458019 -0.999674 0.447871 -1 -0.191481 0.791912 0.380066 -1 0.556157 -1 0.392969 -0.466664 -0.190522 -0.847618 0.326578 -1 -1 -1 -1 -0.982303 0.0279781 -0.167657 0.323278 0.28544 0.455256 -0.989986 -0.816749 -0.0778304 0.603361 -0.919451 0.800117 -0.351454 -1 -0.491381 -0.0226054 -0.664456 -0.451648 
-0.427472 -0.786278 -1 1 -1 -0.591448 -0.745954 -0.628226 -0.32683 0.725123 0.25684 0.238883 -1 0.227678 -0.148259 -0.330944 -0.336817 -1 -0.775969 -0.957736 -0.499101 0.0762051 -0.512181 -0.354124 -1 -0.689842 -0.196625 -0.852025 -0.51701 0.0477705 -1 -0.656774 0.839989 0.408963 -0.359954 0.072127 0.629766 -1 -0.900453 0.390996 -1 -1 -0.272914 -0.242547 -0.743942 -1 0.684846 0.318849 -0.820277 -0.899448 -0.920045 -0.776584 -0.978293 -0.966647 0.060496 -0.567544 0.0816666 -0.770139 0.0443234 -0.103447 -0.652386 -1 0.254788 -0.33497 -1 -0.242988 -0.822551 -1 -0.983704 0.458019 -1 0.730507 -1 0.117296 0.726176 0.796273 -0.915284 0.768532 -1 0.392969 -0.491305 -0.125997 -1 0.721025 -1 -1 -1 -1 -0.854997 0.477465 -0.00316891 -0.106849 0.0759166 0.415037 -0.508967 -0.928778 -0.230979 0.7822 -0.743035 0.527378 -0.717372 -1 -0.960745 -0.109329 -0.351347 -0.451648 
-0.427472 -0.736655 -1 1 -0.616116 -0.0634267 -1 -0.629045 -0.32683 0.725123 0.82382 0.443369 -0.931657 0.227678 -0.68686 0.269068 -0.426088 -0.753201 -0.23984 -1 -0.499101 0.201025 -0.38052 -0.354124 -0.84315 -0.689842 -0.196625 -0.852025 -0.124598 -0.0968552 -1 -0.725379 0.839989 -0.150541 -0.517919 0.072127 0.629766 -1 -1 0.390996 -1 -1 -0.0693766 0.220121 -0.639302 -1 0.704106 0.100927 -0.820277 -0.899448 -0.937172 -0.776584 -0.700903 -1 0.060496 -0.490244 0.0728337 -0.525909 0.261117 -0.103447 -0.168486 -1 0.0670988 -0.762895 -0.863017 0.15328 -0.713203 -1 -1 0.492695 -1 0.631256 -1 0.117296 0.726176 0.796273 -1 0.768532 -1 0.312858 -0.491305 -0.186451 -1 0.826738 -1 -1 -1 -0.86198 -1 0.234262 -0.00316891 -0.106849 0.0759166 0.351627 -0.508967 -0.928778 -0.201547 0.7822 -0.627621 0.786075 -0.529691 -1 -0.995554 -0.109329 -0.366195 -0.451648 
-1 0.0225215 -0.538044 -0.401093 -0.978924 0.853913 0.26156 0.0917492 -1 -0.153792 -0.809256 -0.223501 0.302129 0.886707 -1 0.739967 -1 -0.768933 -1 -0.622057 -1 -0.23796 0.0391078 -0.79347 0.364158 -0.733408 -0.76047 -1 0.144806 -0.798981 -1 -0.425204 -1 -1 -1 -0.824151 -0.762405 -0.0178348 -1 0.630987 0.383411 -1 -1 -0.901731 -1 -0.186475 0.265539 -1 -0.509959 -0.687383 -0.713382 0.946528 -1 -0.530999 -1 -0.658511 -0.0985611 -0.334149 -1 -0.828769 0.0571077 -1 -0.925238 -1 -1 -1 -0.684053 -0.71622 -0.0518546 -1 -0.67204 -1 -1 -0.0493611 -1 0.969477 -1 -0.167039 -1 -0.826823 -0.245898 -0.146023 -1 -0.571431 -0.0788843 -1 -0.823172 -0.523129 -0.758239 -0.910637 -0.885048 -0.159119 1 -0.235756 -0.837772 0.307604 0.401109 0.197078 0.718161 -0.970378 0.0781448 -0.867041 -1 -0.789558 -0.178565 -0.601734 
-0.427472 -0.736655 -1 1 -0.616116 -0.0634267 -0.718081 -0.628226 -0.32683 0.725123 0.82382 0.680697 -0.931657 0.227678 -0.105894 0.269068 -0.426088 -0.753201 -0.23984 -1 -0.499101 0.195765 -0.38052 -0.354124 -1 -0.689842 -0.196625 -0.852025 -0.124598 -0.0968552 -1 -0.725379 0.755481 0.408963 -0.270359 0.072127 0.629766 -1 -1 0.390996 -0.973982 -1 -0.00727788 0.220121 -0.639302 -1 0.720104 0.318849 -0.820277 -0.899448 -1 -0.776584 -0.427197 -1 0.060496 -0.490244 0.0816666 -0.646752 0.261117 -0.103447 -0.190124 -1 0.254788 -0.33497 -0.863017 0.15328 -0.713203 -1 -0.983704 0.492695 -1 0.631256 -1 0.117296 0.726176 0.796273 -1 0.768532 -1 0.392969 -0.491305 -0.186451 -1 0.826738 -1 -1 -1 -0.951873 -1 0.477465 -0.00316891 -0.106849 0.0759166 0.351627 -0.508967 -0.928778 -0.201547 0.7822 -0.627621 0.786075 -0.66835 -1 -0.995554 -0.109329 -0.366195 -0.418898 
-0.427472 -0.86199 -1 0.67916 -0.411294 -0.519429 -0.859867 -1 -0.262063 0.725123 0.70659 0.368183 -0.447312 0.232385 -0.628522 -0.0800186 -0.357196 -1 -0.722947 -0.701326 -0.499101 -0.271253 -0.783402 -0.404623 -0.802643 -0.837688 -0.827252 -0.597321 -0.647733 -0.0698286 -1 -0.54893 0.940016 0.545735 -1 -0.0468916 0.61952 -0.952857 -0.97581 0.123404 -0.918507 -0.567229 -0.0478937 0.342267 -0.930617 -0.867684 0.720104 0.468002 -0.641948 -0.823372 -1 -0.941206 0.373215 -1 0.717238 -0.140412 -0.589211 -0.774228 -0.339423 -0.166906 -0.190124 -1 0.254788 -0.710919 -1 0.0113892 0.183953 -1 -0.983704 0.0565501 -0.999674 0.447871 -1 -0.191481 0.791912 0.380066 -1 0.556157 -1 0.392969 -0.466664 -0.0888645 -1 0.378007 -1 -1 -1 -1 -1 0.122404 -0.167657 0.323278 0.28544 0.455256 -0.989986 -0.816749 -0.0778304 0.603361 -0.919451 0.800117 -0.351454 -1 -0.491381 -0.0226054 -0.803847 -0.54981 
-1 -0.0736428 -0.433624 -0.401093 -0.978924 0.269229 0.26156 0.438351 -1 -0.786651 -0.809256 -0.249465 0.449997 0.882144 -1 0.702734 -1 -0.806926 -1 -0.332925 -1 -0.23796 -0.033622 -1 0.364158 -0.733408 -1 -1 0.238161 -0.99286 -1 -0.619454 -0.909517 -1 -1 -1 -0.762405 0.333048 -0.844802 0.630987 0.383411 -1 -1 -1 -1 -0.761404 0.135266 -1 -0.509959 -0.913021 -1 0.946528 -0.880898 -0.530999 -0.827734 -0.945127 -0.0985611 -0.729814 -1 -0.552044 -0.151416 -1 -0.526185 -1 -1 -1 -1 -0.71622 -0.606403 -1 -0.29321 -1 -1 -0.0493611 -1 0.648566 -1 -0.167039 -0.832325 -0.826823 -0.405608 -0.600001 -1 -1 -0.0788843 -1 -1 -0.523129 -0.871632 -0.910637 -0.884113 -0.671448 0.939334 0.0150034 -0.837772 0.30477 0.401109 0.197078 0.718161 -1 0.0781448 -0.96993 -0.861057 -1 -0.242675 -0.601734 
-0.427472 -0.736655 -1 1 -0.662505 -0.0634267 -0.701893 -0.82609 -0.32683 0.725123 0.687595 0.636811 -0.931657 0.227678 -0.105894 0.269068 -0.426088 -0.753201 -0.817264 -1 -0.916364 -0.258716 -0.582888 -0.354124 -1 -1 -0.4172 -0.945873 -0.230831 -0.0968552 -1 -0.725379 0.839989 0.373024 -0.270359 0.072127 0.629766 -0.850613 -0.619827 0.390996 -1 -0.734385 -0.572638 0.317526 -0.627976 -1 0.854339 0.841231 -0.820277 -1 -1 -1 -0.427197 -1 0.331048 -0.490244 0.268906 -0.525909 -0.184974 -0.103447 -0.585555 -1 0.254788 -0.33497 -0.863017 0.15328 -0.1163 -1 -0.899113 0.609165 -0.999674 0.669596 -1 0.0865484 0.360596 0.796273 -1 0.77466 -0.905714 0.0739012 -0.466664 0.374396 -1 0.709435 -0.745207 -0.842978 -1 -0.706568 -1 0.152344 -0.00316891 0.217501 0.0836275 0.210064 -0.508967 -0.838621 -0.201547 0.7822 -0.627621 0.682577 -0.66835 -1 -0.811939 -0.0226054 -0.351347 -0.451648 
-0.427472 -0.736655 -1 0.48684 -0.504851 -0.0634267 -1 -0.448559 -0.32683 0.725123 0.352469 0.492789 -0.931657 0.227678 -0.251522 0.269068 -0.426088 -0.753201 -0.128741 -1 -0.499101 0.243362 -0.38052 -0.354124 -1 -1 -0.196625 -1 -0.124598 -0.0968552 -1 -1 0.755481 0.0156508 -0.270359 0.072127 0.629766 -1 -1 -0.0226405 -0.973982 -1 -0.00727788 0.220121 -0.639302 -1 0.720104 -0.0896509 -0.820277 -0.999704 -1 -0.776584 -0.427197 -1 0.060496 -0.490244 -0.0421229 -0.597031 -0.0844788 -0.103447 -0.190124 -1 0.0623832 -0.33497 -0.863017 -0.433851 -0.944936 -1 -0.983704 0.492695 -1 0.631256 -1 0.117296 0.726176 0.673013 -1 0.540671 -1 0.392969 -0.491305 -0.754649 -1 0.826738 -1 -1 -1 -0.951873 -1 0.477465 -0.00316891 -0.106849 0.0759166 0.500236 -0.508967 -0.928778 -0.201547 0.7822 -1 0.786075 -1 -1 -1 -0.109329 -0.366195 -0.418898 
-0.451568 -1 -0.890712 0.371756 -1 -0.183965 -1 -0.944069 -0.282334 0.750226 0.256857 -0.443787 -0.417574 -0.330834 -0.564445 0.269068 -0.767773 -1 -0.0439432 -0.938936 -0.90316 0.350843 -0.600145 -0.615302 -0.843957 -1 -1 -1 0.0193785 -0.873855 -1 -1 0.850006 0.528465 0.0981442 -0.278797 0.0939183 -1 -0.911856 -0.193471 -1 -0.567229 -0.803094 0.60284 -0.671646 -0.586018 0.1195 0.311694 -0.602143 -1 -1 -0.583487 0.390866 -0.909072 -0.737459 -0.833951 -0.197793 -1 0.205207 -0.0845541 -0.546968 -0.825174 -0.856925 -0.217989 -1 -0.443566 -0.281364 -0.97894 -1 -0.17787 -0.560655 0.0697039 -1 -0.286753 0.355249 0.661362 -1 0.490202 -0.925973 0.340216 -0.612515 0.709852 -1 0.429449 -1 -1 -0.800164 -1 -1 -0.47072 -0.0081304 0.286826 0.163499 0.331496 -0.673939 -1 -0.332184 0.576194 -0.432696 0.842628 -0.159524 -1 -1 -0.74591 -0.982186 -1 
-0.427472 -1 -1 0.932284 -0.819808 -0.183965 -1 -1 -0.293037 0.471907 0.291024 -0.202986 -0.417574 0.146533 -0.105894 0.269068 -0.884865 -0.621668 -0.539421 -0.938936 -0.90316 0.354775 -0.469914 -0.309142 -1 -0.844991 -0.836982 -1 0.0193785 -0.326691 -1 -0.797172 0.54938 0.571934 0.00603223 -0.104583 0.495677 -1 -0.99427 -0.193471 -1 -0.567229 -0.598124 0.6125 -1 -0.896902 0.31696 0.199118 -1 -0.95789 -0.792839 -0.890977 0.0974467 -1 -0.0746221 -1 -0.165709 -1 -0.0296115 -0.0548565 -0.732502 -1 0.0380469 -0.490314 -0.696113 0.30867 0.482765 -1 -1 -1 -0.428641 0.125083 -0.903464 -0.19097 0.862989 0.91734 -1 0.463221 -1 0.392969 -0.393377 0.802141 -0.644613 0.477353 -0.988057 -1 -0.754672 -1 -1 0.00232853 -0.167657 0.399877 0.139863 0.495465 -0.673939 -0.84786 -0.122368 0.645884 -0.297826 0.528781 -0.159524 -0.84925 -0.491381 -0.877498 -0.993643 -0.319437 
-0.427472 -1 -1 0.932284 -0.819808 -0.183965 -1 -1 -0.293037 0.471907 0.291024 -0.202986 -0.417574 0.146533 -0.105894 0.269068 -0.884865 -0.621668 -0.539421 -0.938936 -0.90316 0.354775 -0.469914 -0.309142 -1 -0.844991 -0.836982 -1 0.0193785 -0.326691 -1 -0.797172 0.54938 0.571934 0.00603223 -0.104583 0.495677 -1 -0.99427 -0.193471 -1 -0.567229 -0.598124 0.6125 -1 -0.761125 0.31696 0.199118 -1 -0.95789 -0.802598 -0.890977 0.0974467 -1 -0.0746221 -1 -0.165709 -1 -0.0296115 -0.0548565 -0.732502 -1 0.0380469 -0.490314 -0.696113 0.30867 0.482765 -1 -1 -1 -0.428641 0.125083 -0.903464 -0.19097 0.862989 0.965248 -1 0.463221 -1 0.392969 -0.393377 0.802141 -0.644613 0.477353 -0.988057 -1 -0.754672 -1 -1 0.00232853 -0.167657 0.399877 0.139863 0.495465 -0.673939 -0.84786 -0.122368 0.645884 -0.297826 0.528781 -0.159524 -0.84925 -0.491381 -0.877498 -0.993643 -0.319437 
-0.427472 -0.86199 -1 0.67916 -0.411294 -0.519429 -0.859867 -1 -0.741284 0.725123 0.70659 0.368183 -0.447312 0.232385 -0.628522 -0.0800186 -0.357196 -1 -0.722947 -1 -0.499101 -0.271253 -0.783402 -0.404623 -0.802643 -0.837688 -0.827252 -0.597321 -0.647733 -0.0698286 -1 -0.54893 0.940016 0.545735 -1 -0.0468916 0.61952 -0.952857 -0.97581 0.123404 -0.918507 -0.567229 -0.0478937 0.342267 -0.930617 -0.867684 0.720104 0.468002 -0.641948 -0.823372 -1 -0.941206 0.373215 -1 0.717238 -0.140412 -0.589211 -0.774228 -0.339423 -0.166906 -0.190124 -1 0.254788 -0.710919 -1 -0.512156 0.183953 -1 -0.983704 0.0565501 -0.999674 0.447871 -1 -0.191481 0.791912 0.380066 -1 0.556157 -1 0.392969 -0.466664 -0.0888645 -1 0.378007 -1 -1 -1 -1 -1 0.122404 -0.167657 0.323278 0.28544 0.455256 -0.989986 -0.816749 -0.0778304 0.603361 -1 0.800117 -0.351454 -1 -0.411839 -0.415778 -0.803847 -0.54981 
-1 0.643242 -0.538044 -0.401093 -0.978924 0.336727 0.26156 0.295507 -1 0.0286059 -0.883297 -0.162707 0.449997 0.741302 -1 0.9088 -1 -1 -1 -0.0365234 -1 -0.60738 -0.033622 -1 -0.233645 -1 -0.956137 -0.88087 0.221821 -1 -1 -0.425204 -1 -0.964173 -1 -1 -0.762405 0.333048 -1 0.740747 0.361624 -1 -1 -0.965365 -0.855076 -0.519795 -0.168756 -1 -1 -0.893363 -0.713382 0.548269 -1 -0.34027 -0.874132 -0.551572 -0.0985611 -0.780658 -1 -0.296926 0.0571077 -1 -0.111128 -1 -1 -1 -0.209207 -1 -0.0518546 -1 -0.155739 -1 -1 -0.605056 -1 0.678861 -1 -0.167039 -0.974028 -1 -0.510068 -0.214713 -1 -0.265968 -0.20195 -1 -0.822207 -0.502606 -0.823384 -0.878017 -0.71224 -0.833795 1 0.342238 -0.837772 0.495142 0.528011 0.359367 0.68059 -0.970378 0.0781448 -1 -1 -0.818794 -0.232365 -1 
-0.871225 0.3997 -0.538044 -0.867191 -0.978924 0.620821 0.24105 0.295507 -1 -0.153792 -0.769884 -0.162707 0.110793 0.933459 -1 0.583248 -0.952115 -1 -1 -0.060569 -1 -0.911949 -0.033622 -1 -0.00986284 -0.583225 -0.854216 -1 0.221821 -1 -1 -0.948259 -1 -0.964173 -1 -1 -0.762405 0.333048 -1 0.251292 0.361624 -1 -1 -1 -0.855076 -0.356557 -0.252113 -1 -0.964819 -1 -0.713382 1 -1 -0.477018 -1 -0.551572 -0.422516 -1 -1 -0.826518 0.0571077 -1 -0.60609 -1 -0.988991 -0.977288 -0.750979 -1 -0.628033 -1 -0.730468 -1 -1 -0.611852 -1 0.791167 -1 -0.198589 -1 -1 -0.583498 -0.298127 -1 -0.0662824 -0.693003 -1 -0.98962 -0.502606 -0.758239 -0.688628 -0.71224 -0.833795 1 0.109234 -1 0.42252 0.528011 0.267111 0.493713 -0.970378 0.106063 -1 -1 -0.894212 -0.0872308 -1 
-0.509251 -0.736655 -1 1 -0.662505 -0.0634267 -1 -0.82609 -0.428627 0.725123 1 0.636811 -0.931657 -0.344831 -0.105894 0.269068 -0.386179 -1 -0.23984 -1 -1 -0.112676 -0.582888 -0.354124 -1 -1 -0.4172 -0.945873 -0.169429 -0.0968552 -1 -0.893951 0.839989 0.50571 -0.270359 -0.088474 0.466643 -0.850613 -0.619827 0.390996 -1 -1 -0.49717 0.317526 -1 -1 0.720104 0.841231 -0.820277 -1 -1 -0.822811 -0.427197 -1 0.331048 -0.490244 0.268906 -0.525909 0.293556 -0.103447 -0.190124 -1 0.254788 -0.33497 -1 -0.494856 -0.1163 -1 -0.899113 0.609165 -1 0.669596 -1 0.237913 0.360596 0.796273 -1 0.77466 -0.905714 0.0739012 -0.466664 0.374396 -1 0.709435 -0.745207 -1 -1 -0.821408 -1 -0.419853 -0.00316891 0.217501 0.22195 0.276619 -0.508967 -0.892931 -0.324307 0.501628 -0.68427 0.682577 -0.66835 -1 -0.676886 -0.0226054 -0.351347 -0.451648 
-0.427472 -0.736655 -1 1 -0.616116 -0.0634267 -0.718081 -0.928858 -0.32683 0.725123 0.82382 0.636811 -0.931657 0.39706 0.0176092 0.269068 -0.426088 -0.753201 -0.303227 -1 -0.499101 0.0783666 -0.38052 -0.408506 -1 -0.689842 -0.196625 -0.852025 -0.124598 -0.0968552 -1 -0.725379 0.839989 0.408963 -0.270359 0.072127 0.629766 -1 -1 0.390996 -0.973982 -1 -0.00727788 0.220121 -0.639302 -1 0.720104 0.318849 -0.820277 -0.899448 -1 -0.776584 -0.427197 -1 0.060496 -0.490244 0.0816666 -0.525909 0.261117 -0.103447 -0.190124 -1 0.254788 -0.33497 -0.863017 -0.0510732 -0.713203 -1 -0.983704 0.492695 -1 0.631256 -1 0.117296 0.726176 0.796273 -1 0.768532 -1 0.392969 -0.491305 -0.186451 -1 0.65186 -1 -1 -1 -0.951873 -1 0.477465 -0.00316891 -0.106849 0.240931 0.351627 -0.508967 -0.831466 -0.201547 0.7822 -0.627621 0.786075 -0.66835 -1 -0.995554 -0.135407 -0.366195 -0.451648 
-0.793737 -0.736655 -1 1 -0.616116 -0.0634267 -0.533913 -1 -0.32683 0.725123 0.82382 0.636811 -0.931657 0.227678 -0.105894 0.269068 -0.426088 -0.753201 -0.470813 -1 -0.499101 0.254501 -0.38052 -0.354124 -1 -0.689842 -0.196625 -0.852025 -0.492964 -0.0968552 -1 -0.725379 0.839989 0.408963 -0.270359 0.072127 0.629766 -1 -1 0.390996 -0.973982 -1 -0.00727788 0.220121 -0.639302 -1 0.720104 0.318849 -0.820277 -0.899448 -1 -0.776584 -0.427197 -1 0.0390295 -0.490244 0.0816666 -1 0.261117 -0.103447 -0.190124 -1 0.254788 -0.33497 -0.863017 0.15328 -0.713203 -1 -0.983704 0.458019 -1 0.631256 -1 0.117296 0.726176 0.796273 -1 0.768532 -1 0.392969 -0.491305 -0.186451 -1 0.721025 -1 -1 -1 -0.821408 -1 0.477465 -0.00316891 -0.106849 0.0759166 0.351627 -0.508967 -0.928778 -0.201547 0.7822 -0.627621 0.786075 -0.66835 -1 -0.995554 -0.109329 -0.351347 -0.451648 
-0.79809 -0.851737 -1 0.515225 -1 -0.453078 -0.490272 -0.931349 -0.609828 0.428283 0.584358 0.77648 -1 0.18497 -0.0777715 0.453097 -0.374337 -1 -0.556389 -1 -1 -0.0605491 -0.258961 -0.404623 -1 -1 -1 -0.464213 -0.49047 -0.694148 -0.913726 -0.950824 0.18658 0.0497155 -0.28577 -0.368318 0.392822 -0.90776 -0.882594 0.0946348 -1 -1 0.122362 0.326868 -1 -1 0.720104 0.329166 -0.261114 -0.845206 -1 -1 0.373215 -1 0.129918 -0.426459 -0.627626 -0.903486 0.280498 -0.008971 -1 -1 0.0733358 -0.954111 -0.894724 -0.195133 -1 -0.965048 -0.983704 -0.125065 -1 0.58928 -0.945814 -0.796544 0.00387788 0.930503 -1 0.942252 -0.887257 0.52831 -0.766303 0.714385 -1 -0.0359332 -1 -0.851318 -1 -1 -1 -0.067358 -0.0831198 0.185685 0.429005 -0.318375 -1 -1 -0.479222 0.603361 -0.482105 0.817638 -0.27653 -1 -0.327031 0.0631413 -0.813308 -1 
-0.427472 -0.736655 -1 1 -0.662505 -0.0634267 -0.701893 -0.82609 -0.32683 0.725123 0.860111 0.636811 -0.931657 0.227678 -0.105894 0.269068 -0.426088 -0.753201 -0.23984 -1 -0.916364 -0.258716 -0.582888 -0.354124 -1 -1 -0.4172 -0.945873 -0.230831 -0.0968552 -1 -0.725379 0.839989 0.373024 -0.270359 0.072127 0.629766 -0.850613 -0.619827 0.390996 -1 -0.734385 -0.282715 0.317526 -0.722161 -1 0.720104 0.841231 -0.820277 -1 -1 -0.822811 -0.427197 -1 0.331048 -0.490244 0.268906 -0.525909 0.293556 -0.103447 -0.190124 -1 0.254788 -0.33497 -0.863017 0.15328 -0.1163 -1 -0.899113 0.609165 -0.999674 0.669596 -1 0.237913 0.360596 0.796273 -1 0.77466 -0.905714 0.0739012 -0.466664 0.374396 -1 0.709435 -0.745207 -1 -1 -0.821408 -1 0.152344 -0.00316891 0.217501 0.0836275 0.210064 -0.508967 -0.838621 -0.201547 0.7822 -0.627621 0.682577 -0.66835 -1 -0.811939 -0.0226054 -0.351347 -0.451648 
-0.451568 -1 -1 0.371756 -1 -0.183965 -1 -0.944069 -0.282334 0.750226 0.256857 -0.443787 -0.417574 -0.330834 -0.564445 0.269068 -0.767773 -1 -0.0439432 -0.938936 -0.90316 0.350843 -0.920388 -0.643774 -1 -1 -1 -1 0.0753992 -0.873855 -1 -1 0.653236 0.528465 0.0981442 -0.278797 0.160777 -1 -0.911856 -0.193471 -1 -0.567229 -0.931783 0.60284 -0.671646 -0.424128 0.1195 0.311694 -0.602143 -1 -1 -0.74348 0.390866 -1 -0.5188 -0.833951 0.168432 -1 -0.00547942 0.01152 -0.546968 -0.825174 -0.520331 -0.217989 -0.982771 -0.443566 -0.712041 -0.97894 -1 -0.17787 -0.560655 0.0697039 -1 -0.286753 0.355249 0.661362 -1 0.490202 -1 0.340216 -0.612515 0.802141 -1 0.429449 -1 -1 -0.800164 -1 -1 -0.47072 -0.0081304 0.286826 0.163499 0.331496 -0.673939 -1 -0.458413 0.330754 -0.432696 0.873827 -0.051255 -1 -0.824823 -0.74591 -1 -0.709627 
-0.427472 -0.736655 -1 1 -0.616116 -0.0634267 -0.718081 -0.928858 -0.32683 0.725123 0.82382 0.636811 -0.931657 0.227678 -0.105894 0.269068 -0.426088 -0.753201 -0.303227 -1 -0.499101 0.0783666 -0.38052 -0.354124 -1 -0.689842 -0.196625 -0.852025 -0.124598 -0.0968552 -1 -0.725379 0.839989 0.408963 -0.270359 0.072127 0.629766 -1 -1 0.390996 -0.973982 -1 -0.00727788 0.220121 -0.639302 -1 0.720104 0.318849 -0.820277 -0.899448 -1 -0.776584 -0.427197 -1 0.060496 -0.490244 0.0816666 -0.525909 0.261117 -0.103447 -0.190124 -1 0.254788 -0.33497 -0.863017 0.15328 -0.713203 -1 -0.983704 0.492695 -1 0.631256 -1 0.117296 0.726176 0.796273 -1 0.768532 -1 0.392969 -0.491305 -0.186451 -1 0.826738 -1 -1 -1 -0.951873 -1 0.477465 -0.00316891 -0.106849 0.0759166 0.351627 -0.508967 -0.831466 -0.201547 0.7822 -0.627621 0.708718 -0.66835 -1 -0.995554 -0.135407 -0.366195 -0.451648 
-0.427472 -0.736655 -1 1 -0.662505 -0.0634267 -0.701893 -0.82609 -0.32683 0.725123 1 0.636811 -0.970367 0.227678 -0.105894 0.269068 -0.426088 -0.753201 -0.23984 -1 -0.916364 -0.258716 -0.582888 -0.354124 -1 -1 -0.4172 -0.945873 -0.230831 -0.0968552 -1 -0.725379 0.839989 0.373024 -0.270359 -0.0387793 0.629766 -0.850613 -0.619827 0.390996 -1 -0.795597 -0.282715 0.317526 -0.722161 -1 0.720104 0.841231 -0.820277 -1 -1 -0.822811 -0.427197 -1 0.331048 -0.490244 0.268906 -0.525909 0.293556 -0.103447 -0.190124 -1 0.254788 -0.33497 -0.863017 0.166106 -0.1163 -1 -0.899113 0.609165 -0.999674 0.669596 -1 0.237913 0.360596 0.796273 -1 0.77466 -0.905714 0.0739012 -0.466664 0.374396 -1 0.709435 -0.745207 -1 -1 -0.821408 -1 0.152344 -0.00316891 0.217501 0.0836275 0.210064 -0.508967 -0.838621 -0.201547 0.7822 -0.627621 0.682577 -0.66835 -1 -0.811939 -0.0226054 -0.351347 -0.451648 
-0.427472 -0.677791 -1 1 -0.71061 -0.591448 -0.745954 -0.628226 -0.32683 0.725123 0.374508 0.238883 -1 0.227678 -0.105894 -0.472509 -0.426088 -1 -0.23984 -0.957736 -0.499101 0.0762051 -0.512181 -0.354124 -1 -0.689842 -0.196625 -0.852025 -0.51701 0.161418 -1 -0.656774 0.839989 0.408963 -0.359954 0.072127 0.629766 -1 -1 0.390996 -1 -1 -0.272914 -0.242547 -0.743942 -1 0.720104 0.318849 -0.820277 -0.899448 -1 -0.776584 -0.978293 -0.966647 0.060496 -0.567544 0.0816666 -0.770139 0.261117 -0.103447 -0.652386 -1 0.254788 -0.33497 -1 -0.160398 -0.822551 -1 -0.983704 0.458019 -1 0.631256 -1 0.117296 0.726176 0.796273 -0.915284 0.768532 -1 0.392969 -0.491305 -0.125997 -1 0.721025 -1 -1 -1 -1 -0.854997 0.477465 -0.00316891 -0.106849 0.0759166 0.415037 -0.508967 -0.928778 -0.206941 0.7822 -0.743035 0.527378 -0.717372 -1 -0.960745 -0.109329 -0.351347 -0.451648 
-0.451568 -1 -1 0.371756 -1 -0.183965 -1 -0.944069 -0.282334 0.750226 0.256857 -0.443787 -0.417574 -0.330834 -0.564445 0.269068 -0.767773 -1 -0.0439432 -0.938936 -0.90316 0.350843 -0.920388 -0.643774 -1 -1 -1 -1 0.0753992 -0.873855 -1 -1 0.653236 0.528465 0.0981442 -0.278797 0.160777 -1 -0.911856 -0.193471 -1 -0.567229 -0.931783 0.60284 -0.671646 -0.424128 0.1195 0.311694 -0.602143 -1 -1 -0.74348 0.390866 -1 -0.5188 -0.833951 0.168432 -1 -0.00547942 0.01152 -0.546968 -0.825174 -0.520331 -0.217989 -1 -0.443566 -0.712041 -0.97894 -1 -0.17787 -0.560655 0.0697039 -1 -0.286753 0.355249 0.661362 -1 0.490202 -1 0.340216 -0.612515 0.802141 -1 0.429449 -0.910075 -1 -0.800164 -1 -1 -0.47072 -0.0081304 0.286826 0.163499 0.331496 -0.673939 -1 -0.458413 0.330754 -0.432696 0.873827 -0.051255 -1 -0.824823 -0.74591 -1 -0.709627 
-0.427472 -0.736655 -1 1 -0.616116 -0.0634267 -0.718081 -0.928858 -0.32683 0.725123 0.82382 0.636811 -0.931657 0.227678 -0.105894 0.269068 -0.426088 -0.753201 -0.303227 -1 -0.499101 0.0783666 -0.38052 -0.354124 -1 -0.689842 -0.196625 -0.852025 -0.124598 -0.0968552 -1 -0.725379 0.839989 0.408963 -0.270359 0.072127 0.629766 -1 -1 0.390996 -0.973982 -1 -0.00727788 0.220121 -0.639302 -1 0.720104 0.318849 -0.820277 -0.899448 -1 -0.776584 -0.427197 -1 0.060496 -0.490244 0.0816666 -0.525909 0.261117 -0.103447 -0.190124 -1 0.254788 -0.33497 -0.863017 0.15328 -0.713203 -1 -0.983704 0.492695 -1 0.631256 -1 0.117296 0.726176 0.796273 -1 0.768532 -1 0.392969 -0.491305 -0.186451 -1 0.826738 -1 -1 -1 -0.951873 -1 0.477465 -0.00316891 -0.106849 0.0759166 0.351627 -0.508967 -0.831466 -0.201547 0.7822 -0.627621 0.786075 -0.66835 -1 -0.995554 -0.135407 -0.366195 -0.451648 
-0.427472 -0.736655 -1 1 -0.662505 -0.0634267 -0.934221 -0.82609 -0.32683 0.630207 1 0.636811 -0.931657 0.227678 -0.704834 0.269068 -0.426088 -0.753201 -0.23984 -1 -0.916364 -0.258716 -0.582888 -0.354124 -1 -0.897911 -0.4172 -0.945873 -0.230831 -0.0968552 -1 -0.725379 0.732104 0.373024 -0.270359 0.072127 0.629766 -0.850613 -0.619827 0.390996 -1 -1 -0.282715 0.317526 -0.722161 -0.809233 0.884246 0.841231 -0.820277 -1 -1 -0.822811 -0.427197 -1 0.331048 -0.490244 0.268906 -0.525909 0.293556 -0.0408716 -0.190124 -1 -0.123742 -0.33497 -0.863017 0.15328 -0.1163 -1 -0.899113 0.609165 -0.999674 0.669596 -1 0.237913 0.360596 0.796273 -1 0.77466 -0.905714 0.0739012 -0.466664 0.374396 -1 0.709435 -0.745207 -1 -1 -0.821408 -1 0.152344 -0.00316891 -0.351531 0.0836275 0.210064 -0.508967 -0.838621 -0.201547 0.7822 -0.627621 0.139546 -0.66835 -1 -0.811939 -0.0226054 -0.351347 -0.451648 
-0.531557 -1 -1 0.932284 -0.962315 -0.183965 -0.985758 -1 -0.330894 0.140722 -0.0370484 -0.202986 -0.417574 -0.181247 -0.105894 0.269068 -0.884865 -0.629475 -0.179007 -0.938936 -0.836566 0.0162581 -0.350047 -0.309142 -0.988462 -1 -0.67496 -1 -0.554598 -0.491231 -1 -0.797172 0.940016 0.565085 -0.109421 -0.0999132 0.506636 -1 -0.99427 -0.193471 -1 -0.567229 -0.367409 0.6125 -1 -0.758386 0.720104 -0.0794811 -0.838987 -1 -1 -1 0.542815 -0.839054 0.120119 -1 -0.14281 -1 -0.0296115 -0.508171 -0.190124 -1 0.0380469 -0.987824 -0.879537 0.320713 0.459083 -1 -0.937464 -0.292752 -0.428641 0.631256 -0.903464 -0.316776 0.770542 0.678565 -1 0.7442 -1 0.167947 -0.643162 0.802141 -0.644613 0.477353 -0.988057 -1 -1 -1 -0.673908 0.00232853 -0.167657 0.592762 0.139863 0.495465 -0.673939 -0.653402 -0.122368 0.692384 -0.297826 0.433679 -0.0508448 -0.84925 -0.491381 -0.877498 -0.774409 -0.244902 
-0.857416 -1 -1 0.371756 -1 -0.183965 -1 -0.944069 -0.282334 0.665914 0.222335 -0.443787 -0.417574 -0.330834 -0.799623 0.269068 -1 -1 -0.0439432 -0.938936 -0.90316 0.350843 -0.920388 -0.643774 -1 -1 -1 -1 0.0753992 -0.757443 -1 -1 0.653236 0.528465 0.0981442 -0.278797 0.160777 -1 -0.911856 -0.193471 -1 -0.976291 -0.931783 0.708879 -0.671646 -0.424128 0.1195 0.311694 -0.602143 -1 -1 -0.74348 0.390866 -1 -0.5188 -0.833951 0.168432 -1 -0.00547942 0.01152 -0.546968 -0.825174 -0.520331 -0.767463 -0.960324 -0.443566 -0.712041 -0.97894 -1 -0.17787 -0.560655 0.0697039 -1 -0.286753 0.355249 0.661362 -1 0.490202 -1 0.340216 -0.793585 0.802141 -1 0.429449 -0.910075 -0.849837 -0.760302 -0.980895 -1 -0.47072 -0.0081304 0.286826 0.163499 0.331496 -0.673939 -1 -0.458413 0.330754 -0.432696 0.873827 -0.051255 -1 -0.763844 -0.74591 -1 -0.709627 
-0.451568 -1 -1 0.371756 -1 -0.126272 -1 -0.944069 -0.110196 0.750226 0.256857 -0.952643 -0.417574 -0.330834 -0.564445 0.153271 -0.786339 -1 -0.0439432 -0.905444 -1 0.350843 -0.585614 -0.538022 -1 -1 -1 -1 0.0193785 -1 -1 -1 0.795434 0.528465 0.143492 -0.278797 0.32658 -0.953373 -0.911856 -0.353553 -1 -0.567229 -0.779633 0.743156 -0.671646 -0.759947 0.1195 0.311694 -0.602143 -1 -1 -0.776584 0.390866 -1 -0.256933 -1 0.00760233 -1 0.0692075 -0.0845541 -0.546968 -0.825174 -0.888629 -0.217989 -1 -0.727087 -0.204099 -0.814737 -1 -0.17787 -0.560655 0.0697039 -1 -0.137767 0.355249 0.661362 -1 0.490202 -1 0.340216 -0.678763 0.802141 -1 0.429449 -1 -1 -0.800164 -1 -1 -0.498416 -0.0081304 0.286826 -0.0312074 0.487917 -0.673939 -1 -0.122368 0.68697 -0.432696 0.842628 -0.159524 -1 -0.824823 -0.74591 -1 -0.709627 
-0.427472 -1 -1 1 -1 -0.609739 -0.745954 -0.628226 -0.32683 0.422705 0.12574 0.238883 -1 0.227678 -0.105894 -0.631436 -0.426088 -0.882448 -0.23984 -0.957736 -0.499101 -0.456261 -0.512181 -0.354124 -1 -0.689842 -0.196625 -0.852025 -0.51701 -0.17987 -0.991014 -1 0.839989 0.408963 -0.349531 0.17482 0.629766 -0.93297 -1 0.390996 -0.973982 -1 -0.272914 -0.242547 -0.743942 -1 0.720104 0.318849 -0.820277 -1 -1 -0.776584 -0.978293 -1 -0.445278 -0.567544 0.0816666 -0.770139 0.0851406 -0.103447 -0.652386 -1 0.0540656 -0.927541 -1 -0.160398 -0.907743 -1 -1 0.650587 -1 0.631256 -1 0.117296 0.726176 0.796273 -0.915284 0.768532 -1 -0.111091 -0.491305 -0.135629 -1 0.721025 -1 -1 -0.855425 -1 -1 0.0611975 -0.00316891 -0.106849 0.0759166 0.415037 -0.508967 -0.928778 -0.206941 0.964738 -0.627621 0.786075 -0.680135 -1 -1 -0.109329 -0.351347 -0.451648 
-0.427472 -0.736655 -1 1 -0.616116 -0.0634267 -0.718081 -0.628226 -0.32683 0.725123 0.82382 0.636811 -0.931657 0.227678 -0.105894 0.269068 -0.426088 -0.753201 -0.330882 -1 -0.499101 0.254501 -0.38052 -0.354124 -1 -0.689842 -0.196625 -0.852025 -0.124598 -0.0968552 -1 -0.725379 0.839989 0.408963 -0.270359 0.072127 0.629766 -1 -1 0.390996 -0.973982 -1 -0.00727788 0.220121 -0.639302 -1 0.720104 0.318849 -0.820277 -0.899448 -1 -0.776584 -0.427197 -1 0.0390295 -0.490244 0.0816666 -0.525909 0.261117 -0.103447 -0.190124 -1 0.254788 -0.33497 -0.863017 0.15328 -0.713203 -1 -0.983704 0.458019 -1 0.631256 -1 0.117296 0.726176 0.796273 -1 0.768532 -1 0.392969 -0.491305 -0.186451 -1 0.721025 -1 -1 -1 -0.821408 -1 0.477465 -0.00316891 -0.106849 0.0759166 0.351627 -0.508967 -0.928778 -0.201547 0.7822 -0.627621 0.786075 -0.66835 -1 -0.995554 -0.109329 -0.351347 -0.451648 
-0.436044 -0.736655 -1 1 -0.662505 -0.0634267 -0.701893 -0.82609 -0.32683 0.725123 1 0.161837 -0.931657 0.227678 -0.233866 0.266031 -0.426088 -0.753201 -0.582293 -1 -0.916364 -0.258716 -0.582888 -0.354124 -1 -1 -0.4172 -0.945873 -0.230831 -0.0968552 -1 -0.725379 0.839989 0.373024 -0.270359 0.072127 0.629766 -0.850613 -0.619827 0.390996 -1 -0.734385 -0.282715 -0.267628 -0.722161 -1 0.720104 0.841231 -0.860789 -1 -1 -0.822811 -0.427197 -1 0.455693 -0.490244 0.268906 -0.525909 0.293556 -0.103447 -0.190124 -1 0.254788 -0.33497 -0.863017 0.15328 -0.1163 -1 -0.899113 0.609165 -0.999674 0.669596 -1 0.237913 0.360596 0.796273 -1 0.77466 -0.905714 0.0739012 -0.466664 0.374396 -1 0.709435 -0.745207 -1 -1 -0.821408 -1 0.152344 -0.00316891 0.0987256 0.0836275 0.0601666 -0.508967 -0.838621 -0.201547 0.7822 -0.627621 0.682577 -0.66835 -1 -0.811939 -0.0226054 -0.351347 -0.451648 
-0.427472 -0.736655 -1 1 -0.616116 -0.0634267 -1 -0.928858 -0.32683 0.725123 0.82382 0.636811 -0.931657 0.227678 -0.105894 0.269068 -0.426088 -0.753201 -0.303227 -1 -0.499101 0.0783666 -0.38052 -0.354124 -1 -0.689842 -0.196625 -0.852025 -0.124598 -0.0968552 -1 -0.725379 0.839989 0.408963 -0.270359 -0.19824 0.682876 -1 -1 0.390996 -1 -1 -0.00727788 0.220121 -0.639302 -1 0.720104 0.318849 -0.820277 -0.899448 -1 -0.776584 -0.531295 -1 0.060496 -0.490244 0.0816666 -0.525909 0.261117 -0.103447 -0.712298 -1 0.254788 -0.33497 -0.863017 0.15328 -0.713203 -1 -0.983704 0.492695 -1 0.631256 -1 0.316431 0.728676 0.796273 -1 0.768532 -1 0.392969 -0.491305 -0.186451 -1 0.826738 -1 -1 -1 -0.951873 -1 0.477465 -0.00316891 -0.106849 0.0759166 0.351627 -0.508967 -0.831466 -0.201547 0.7822 -0.627621 0.786075 -0.66835 -1 -0.875308 -0.135407 -0.742916 -0.451648 
-1 0.643242 -1 -0.401093 -0.978924 0.485571 0.26156 0.295507 -1 0.0286059 -1 -0.162707 0.449997 0.741302 -1 0.9088 -1 -1 -1 -0.0365234 -1 -1 -0.632172 -0.977193 -0.233645 -1 -0.956137 -0.88087 0.221821 -1 -1 -0.425204 -1 -0.964173 -1 -1 -0.762405 0.333048 -1 0.772581 0.361624 -1 -1 -1 -1 -0.519795 -0.168756 -1 -1 -1 -0.713382 0.747141 -1 -0.580202 -0.874132 -1 -0.124511 -0.780658 -1 -0.636983 -0.0977428 -1 -0.111128 -1 -1 -0.936184 -0.209207 -1 -0.0518546 -1 -0.155739 -1 -1 -0.730883 -1 0.678861 -1 -0.515929 -0.931421 -1 -0.510068 -0.590748 -0.814817 -0.265968 -0.20195 -1 -0.822207 -0.502606 -0.823384 -0.878017 -0.71224 -0.833795 1 -0.150425 -0.837772 0.495142 0.528011 0.359367 0.68059 -1 0.0781448 -1 -1 -0.818794 -0.232365 -1 
-0.505692 -1 -1 0.932284 -1 -0.747002 -1 -1 -0.545007 0.471907 0.291024 -0.202986 -0.417574 -0.266323 -0.105894 0.269068 -1 -0.629475 -0.179007 -0.938936 -0.90316 0.106502 -0.49789 -0.309142 -1 -1 -0.67496 -1 0.0193785 -0.0986847 -0.866053 -0.797172 0.702789 0.243353 0.00603223 -0.0999132 0.495677 -1 -0.99427 -0.761791 -1 -0.829858 -0.598124 0.6125 -0.915792 -0.761125 0.720104 0.199118 -1 -0.851762 -0.802598 -0.890977 0.399986 -1 -0.402279 -1 -0.165709 -1 -0.0296115 0.0597651 -0.190124 -1 0.0587502 -1 -0.879537 0.320713 -0.916726 -1 -1 -1 -0.428641 0.631256 -1 -0.316776 0.791912 0.449636 -1 0.719229 -0.843654 -0.357628 -0.543217 0.166589 -1 0.1198 -0.988057 -1 -1 -1 -0.805504 -0.0731298 -0.167657 -0.0160162 0.139863 0.495465 -0.673939 -0.653402 -0.122368 -0.0504044 -0.297826 0.842628 -0.0508448 -0.84925 -0.622134 -0.69722 -1 -0.319437 
-0.427472 -0.736655 -1 1 -0.616116 -0.0634267 -0.718081 -0.628226 -0.203225 0.725123 0.82382 0.636811 -0.931657 -0.259596 -0.105894 0.269068 -0.789156 -0.753201 -0.777072 -1 -0.499101 0.254501 -0.38052 -0.354124 -1 -1 -0.231648 -0.852025 -0.124598 -0.536127 -1 -0.73168 0.839989 0.408963 -0.270359 0.072127 0.629766 -1 -1 0.390996 -0.973982 -1 -0.00727788 0.220121 -0.639302 -1 0.690941 0.318849 -0.820277 -0.899448 -1 -0.776584 -0.427197 -1 0.060496 -0.804591 0.0816666 -0.525909 0.261117 -0.179455 -0.10698 -1 0.254788 -0.33497 -1 0.0324127 -0.713203 -1 -0.983704 0.458019 -1 0.631256 -1 -0.227593 0.726176 0.988689 -1 0.768532 -1 0.476377 -0.491305 -0.186451 -1 0.566766 -1 -1 -0.907545 -0.821408 -1 0.477465 -0.00316891 -0.106849 0.0759166 0.351627 -0.508967 -0.928778 -0.201547 0.724926 -0.627621 0.786075 -0.66835 -1 -1 -0.109329 -0.351347 -0.451648 
-0.905201 -0.736655 -1 1 -0.633282 -0.390738 -0.906308 -0.762615 -0.257934 0.725123 0.82382 0.80204 -1 0.137758 -0.105894 0.125522 -0.426088 -1 -0.439606 -1 -0.876302 0.0920101 -0.38052 -1 -1 -0.78916 -0.196625 -0.852025 -0.124598 -0.0968552 -1 -0.988305 0.755481 0.408963 -0.531463 0.072127 0.629766 -1 -0.844169 0.390996 -1 -1 -0.00727788 0.160314 -0.639302 -1 0.720104 -0.0653726 -1 -1 -1 -0.776584 -0.427197 -1 0.060496 -0.553171 0.149449 -1 0.261117 -0.0554513 -0.190124 -1 0.3841 -0.29683 -0.701892 -0.710658 -0.713203 -1 -0.983704 0.283576 -1 0.631256 -1 0.117296 0.726176 0.796273 -1 0.768532 -1 0.392969 -0.491305 -0.186451 -1 0.675617 -1 -1 -1 -0.951873 -1 0.477465 -0.525946 -0.106849 0.0759166 0.146722 -0.508967 -0.928778 0.00642911 0.7822 -0.627621 0.786075 -1 -1 -1 -0.109329 -1 -0.565715 
-0.451568 -1 -1 0.371756 -1 -0.183965 -1 -0.944069 -0.451061 0.750226 0.256857 -0.879891 -0.417574 -0.330834 -0.564445 -0.200042 -0.953441 -1 -0.430959 -0.938936 -0.988108 0.350843 -0.920388 -0.775988 -1 -1 -1 -1 0.0753992 -0.873855 -1 -1 0.653236 0.528465 0.0981442 -0.278797 -0.33042 -1 -0.911856 -0.193471 -1 -0.567229 -0.931783 0.60284 -0.671646 -0.424128 0.1195 0.311694 -0.602143 -1 -1 -0.74348 0.390866 -1 -0.5188 -0.833951 0.0587986 -1 -0.00547942 0.01152 -0.546968 -0.825174 -0.520331 -0.217989 -1 -0.312454 -0.712041 -0.97894 -0.929648 -0.17787 -0.560655 0.0697039 -1 -0.286753 0.355249 0.661362 -1 0.490202 -1 0.340216 -0.612515 0.802141 -0.923407 -0.144846 -0.910075 -1 -1 -0.819948 -0.988842 -0.704807 0.0130152 0.286826 0.163499 0.331496 -0.673939 -1 -0.999389 0.330754 -0.432696 0.52518 -0.051255 -1 -0.824823 -0.74591 -1 -0.709627 
-0.451568 -1 -1 0.371756 -1 -0.459353 -1 -0.944069 -0.282334 0.750226 0.113057 -0.443787 -0.417574 -0.330834 -0.564445 0.269068 -0.767773 -1 -0.0439432 -0.938936 -0.90316 0.198068 -0.920388 -0.690313 -1 -1 -1 -1 0.0753992 -1 -0.817645 -1 0.653236 0.246348 0.0981442 -0.278797 0.302165 -1 -0.840923 -0.193471 -1 -0.994069 -0.931783 0.60284 -0.671646 -0.424128 0.1195 0.311694 -0.602143 -1 -1 -0.74348 0.390866 -1 -0.5188 -0.833951 0.168432 -1 -0.00547942 0.01152 -0.613548 -1 -0.520331 -0.217989 -0.985242 -0.443566 -1 -1 -1 -0.17787 -0.560655 0.0697039 -1 -0.286753 0.355249 0.661362 -1 0.490202 -1 0.340216 -0.612515 0.802141 -1 0.429449 -0.910075 -1 -0.800164 -1 -1 -0.47072 -0.0081304 0.203821 0.163499 0.173232 -0.603841 -1 -0.458413 0.330754 -0.432696 0.873827 -0.203765 -1 -0.824823 -0.74591 -1 -0.709627 
-0.46524 -0.8747 -1 1 -1 -0.591448 -0.745954 -0.628226 -0.32683 0.725123 0.305319 0.238883 -1 0.227678 -0.105894 -0.330944 -0.426088 -1 -1 -0.957736 -0.499101 0.0762051 -0.512181 -0.354124 -1 -0.689842 -0.196625 -0.852025 -0.51701 0.161418 -1 -0.656774 0.839989 0.408963 -0.359954 0.072127 0.629766 -1 -0.900453 0.390996 -1 -1 -0.272914 -0.242547 -0.743942 -1 0.684846 0.318849 -0.820277 -0.899448 -1 -0.776584 -0.978293 -0.966647 -0.359709 -0.567544 0.0816666 -0.770139 0.261117 -0.103447 -0.652386 -1 0.254788 -0.33497 -1 -0.160398 -0.822551 -1 -0.983704 0.458019 -1 0.730507 -0.929522 0.117296 0.726176 0.796273 -1 0.768532 -1 0.392969 -0.491305 -0.125997 -1 0.721025 -1 -1 -1 -1 -1 0.382144 -0.00316891 -0.106849 0.0759166 0.415037 -0.508967 -0.928778 -0.230979 0.7822 -0.743035 0.527378 -0.717372 -1 -0.960745 -0.109329 -0.351347 -0.451648 
-1 0.643242 -1 -0.850959 -1 0.336727 0.26156 0.295507 -1 0.0286059 -1 -0.162707 0.400375 0.741302 -1 0.9088 -1 -1 -1 -0.0365234 -1 -0.60738 -0.633297 -1 -0.233645 -1 -0.956137 -0.88087 0.221821 -1 -0.860255 -0.425204 -0.853757 -0.964173 -0.986797 -1 -0.762405 0.49972 -1 0.740747 0.328051 -1 -1 -0.965365 -1 -0.519795 -0.168756 -1 -1 -0.916142 -0.713382 0.548269 -1 -0.34027 -0.874132 -0.551572 -0.466323 -0.780658 -1 -0.296926 -0.287442 -1 -0.111128 -1 -1 -1 -1 -1 -0.151217 -1 0.00537392 -1 -1 -0.605056 -0.835485 0.678861 -1 -0.202939 -0.974028 -1 -0.510068 -0.314082 -1 -0.498895 -0.41396 -1 -0.822207 -0.502606 -0.823384 -0.684231 -0.769079 -0.833795 1 0.342238 -0.837772 0.0756636 0.528011 0.359367 0.68059 -1 0.0781448 -1 -1 -0.818794 -0.232365 -0.833891 
-0.472927 -0.945418 -1 0.932284 -0.411294 -0.519429 -1 -1 -0.351487 0.725123 1 0.368183 -0.929549 0.232385 -0.646126 -0.222266 -0.981482 -1 -1 -0.869665 -0.499101 -0.271253 -0.773217 -0.404623 -1 -1 -1 -0.597321 -0.348719 -0.0986847 -1 -0.54893 0.940016 0.124915 -0.90012 -0.52395 0.61952 -0.952857 -0.803179 -0.0444965 -0.918507 -0.567229 -0.497141 0.342267 -0.777791 -0.669609 0.720104 0.727404 -0.600701 -1 -1 -0.941206 -0.045644 -1 0.162494 -0.0703781 -1 -1 -0.497817 -0.103447 -0.190124 -1 0.254788 -0.732727 -1 0.139993 0.0797447 -0.98639 -0.983704 -0.087149 -0.999674 0.447871 -1 -0.191481 0.651444 0.460274 -1 0.589961 -1 0.392969 -0.466664 -0.72027 -0.847618 0.326578 -1 -1 -1 -1 -0.982303 0.0279781 -0.167657 0.445186 0.323094 0.455256 -0.966506 -0.816749 0.0796855 0.603361 -0.919451 0.800117 -0.351454 -1 -0.491381 -0.292003 -0.664456 -0.451648 
