0.834636 -0.221476 -1 -0.829157 0.907759 -0.804382 -0.900051 0.636754 -0.817775 -0.034903 -0.564356 -0.73087 -1 -1 -1 -0.883103 0.713446 -0.931778 0.279245 -1 -0.0692593 -0.797925 -1 0.354176 -0.34643 -1 -0.945486 -0.787217 -0.0221865 -0.605221 -0.624004 0.501632 -0.28718 0.722009 -1 -0.756974 0.651901 -0.799844 0.172502 -1 -1 -0.466159 -0.44325 -1 -0.354064 -1 -0.647878 -0.58496 -0.807295 -0.429553 -0.335799 -0.553156 -0.560899 -0.496225 -1 -0.829125 -0.163696 -0.553634 -1 -0.508863 -0.599616 -1 -0.260828 -1 0.305659 -0.291409 -1 -0.483226 -1 0.508779 -0.932819 -0.755665 -0.138253 0.293866 -0.159044 -1 -1 0.297525 -0.906441 -1 0.298404 -1 -0.11982 -0.296889 -1 -0.221563 -1 0.822921 0.342135 -1 -0.00449826 0.188297 -1 0.134903 0.969104 -1 -0.844868 -0.880628 -0.242319 -0.675939 -0.867057 -1 -0.956351 -1 0.889164 -1 
0.155709 -0.274033 0.467403 -0.73695 -0.74943 -0.053008 -1 -0.832591 -0.989528 0.521037 -1 0.708719 -0.786523 0.333463 0.296565 -0.307824 -0.865156 0.379625 -0.0494214 -0.489042 -0.954042 -0.521956 -1 0.707937 -1 -0.0942429 0.15589 -1 0.447109 -0.573092 -0.32881 0.693224 -0.957796 -0.268281 0.441763 0.732891 0.249321 -0.605219 -0.320984 0.623064 -0.815771 -0.861187 -1 -0.694037 0.438408 0.163619 -0.285561 -0.240645 -0.399876 -0.00824875 -0.418942 0.589368 0.209872 -0.583848 -0.159145 -0.453675 0.768791 -0.806495 0.742313 -0.299197 0.104088 0.678859 0.837143 0.187396 -0.54637 -0.229222 -0.632684 0.209648 0.213018 0.00847566 0.953127 -0.285216 0.781844 -0.70043 -0.407079 0.162164 -0.0919044 0.908668 0.216979 -0.132846 -0.902818 0.0131446 -0.737394 -0.873329 0.856729 0.585546 -0.997173 -0.649614 -0.489239 0.631488 -1 -0.522387 -0.982045 -0.265556 -0.322681 -1 -0.759181 -1 -0.814817 0.232698 0.105125 -1 -0.457152 -0.454276 0.264464 -0.245131 
0.201272 -0.600291 -0.857354 -1 0.907759 -1 -0.883071 0.636754 -0.817775 -0.303896 -0.564356 -0.575255 -0.480139 -1 -1 -1 0.713446 -0.946772 0.0146147 -1 0.487745 -0.797925 -1 0.354176 -0.34643 -1 -1 -0.787217 -0.763548 -1 -1 0.920214 -0.28718 0.722009 -1 -0.756974 0.922006 -0.246903 -0.719516 -1 -1 -0.466159 -0.208179 -1 -0.146557 -0.32615 -0.945431 0.325979 -1 -0.429553 -1 -0.181283 -0.560899 -0.722694 -0.848452 -1 0.177701 -0.525121 -0.457789 -0.508863 -1 -1 -0.0531889 -0.55376 0.305659 -0.465204 -0.977878 -0.0351486 -1 0.868401 -1 -0.646847 0.557544 0.0128389 -0.159044 -0.984185 -1 0.524937 -0.906441 -1 0.298404 -1 0.290012 -0.296889 -1 -0.111441 -1 0.822921 -0.212445 -1 0.35962 0.0768563 -1 0.618882 0.969104 -1 -1 -0.385302 -0.380825 -0.675939 -1 -0.492494 -1 -1 0.889164 -1 
0.155709 0.317576 0.467403 0.486563 -0.74943 0.80987 -1 -0.198906 -0.989528 0.2656 -1 0.708719 -0.786523 0.541308 0.296565 -0.307824 -0.865156 0.194988 -0.0494214 -0.0654038 -0.954042 -0.633871 -0.730355 0.707937 -1 -0.0942429 0.15589 -1 0.502389 -0.573092 -0.513303 0.693224 -1 -0.311759 0.441763 0.732891 0.89956 -0.167765 -0.320984 0.623064 -0.815771 -0.861187 -0.624398 -0.512792 0.67733 0.163619 -0.285561 -0.0456885 -0.399876 0.676753 -0.418942 0.589368 0.209872 -0.583848 -0.438587 -0.453675 0.473153 -0.806495 0.742313 -0.516521 0.279086 0.678859 0.837143 0.187396 -0.697864 -0.229222 -0.632684 0.209648 0.213018 0.668222 0.953127 0.402605 0.781844 -0.70043 0.0681525 0.162164 -0.0919044 0.908668 0.560959 -0.132846 -0.902818 0.661065 -1 -0.873329 0.566073 0.585546 0.392973 1 -0.489239 0.631488 -1 -0.522387 -0.982045 -0.265556 -0.322681 -0.575104 -0.759181 -1 -0.814817 0.232698 0.105125 -0.742156 0.245071 -0.165152 0.264464 -0.245131 
0.834636 -0.299609 -1 -1 0.907759 -1 -0.883071 0.636754 -0.814384 -0.371916 -0.564356 -0.50258 -1 -1 -1 -1 0.813644 -1 0.279245 -0.729559 0.548304 -0.797925 -1 0.267181 -0.463616 -1 -1 -0.811729 -0.134855 -1 -1 0.920214 -0.559689 0.337211 -1 -0.756974 0.378149 -0.270434 -0.0832818 -1 -0.796022 -0.34104 -1 -0.969911 0.424904 -0.32615 -1 0.325979 -1 -1 -0.335799 -0.190803 -0.763693 -0.722694 -1 -1 -0.696728 0.374171 -0.457789 -0.508863 -0.599616 -0.866158 -0.0531889 -0.55376 0.305659 -0.332522 -0.977878 -0.435361 -1 0.508779 -1 -1 -0.0757333 0.0128389 -0.0159155 -0.984185 -0.903964 1 -0.882085 -0.79234 0.298404 -0.682835 -0.559274 -0.181778 -0.977704 -0.111441 -1 0.822921 0.342135 -0.935117 -1 0.0768563 -1 0.618882 0.969104 -0.884203 -1 -0.0901314 -0.242319 -0.675939 -1 -0.492494 -1 -1 0.964524 -0.485741 
1 -0.105715 -0.857354 -1 0.344901 -1 -1 0.636754 -0.817775 -1 -0.407209 -0.464609 -0.491783 -1 -1 -0.823514 0.861914 -0.946772 0.100283 -1 0.487745 -0.797925 -1 0.354176 -0.400488 -1 -1 -0.768065 -0.0221865 -1 -1 0.920214 -0.705421 0.722009 -0.852854 -1 0.581643 -0.401971 -0.0832818 -1 -0.948514 -0.466159 -1 -1 -0.560435 -0.542685 -1 0.325979 -1 -0.429553 -1 -0.476445 -0.560899 -1 -1 -1 0.177701 -0.750231 -0.457789 -0.508863 -1 -1 -0.0531889 -0.949999 -0.0681091 -0.41802 -1 -0.44034 -1 -0.08894 -1 -0.0646108 0.0518117 -0.681655 -0.159044 -0.984185 -1 0.381906 -0.906441 -1 0.298404 -1 -0.504575 -0.0418675 -0.977704 -0.111441 -1 0.342747 0.342135 -1 0.0954989 0.0768563 -1 0.618882 0.969104 -1 -1 -0.385302 -0.891187 -0.498588 -0.986771 -0.992188 -1 -1 1 -0.750912 
0.526469 -0.299609 -0.857354 -1 0.97562 -1 -1 0.636754 -0.817775 -0.706906 -0.407209 -0.575255 -0.747839 -1 -1 -1 0.861914 -0.946772 0.279245 -1 0.425639 -0.797925 -1 0.354176 -0.34643 -1 -1 -0.768065 -0.303449 -1 -1 0.797132 -0.732483 0.722009 -0.852854 -0.756974 0.651901 -0.401971 -0.0832818 -0.792394 -0.971914 -0.947607 -0.479494 -0.981594 -0.146557 -0.32615 -0.929721 0.325979 -1 -0.429553 -1 -0.9642 -1 -0.710879 -1 -0.971274 0.177701 -0.750231 -0.457789 -0.508863 -1 -1 -0.0531889 -0.55376 -0.0681091 -0.332522 -1 0.204941 -1 -0.08894 -1 -0.0646108 -0.573233 0.0239771 -0.159044 -0.984185 -1 1 -0.906441 -1 0.298404 -1 -0.504575 -0.909129 -0.977704 -0.111441 -1 0.525481 0.248 -1 -0.406636 0.0768563 -1 0.618882 0.969104 -1 -1 -0.939579 -0.380825 -1 -1 -0.616363 -1 -1 0.889164 -1 
0.155709 0.574434 0.467403 0.311066 -0.74943 0.80987 -1 -0.198906 -0.989528 0.2656 -1 0.708719 -0.786523 0.242894 0.296565 -0.307824 -0.865156 0.194988 -0.0494214 -0.0532166 -0.954042 -0.900173 -1 0.707937 -1 -0.800202 0.15589 -1 0.502389 -0.573092 -0.513303 0.693224 -1 -0.311759 0.441763 0.732891 0.325558 -1 -0.258091 0.623064 -1 -1 -0.624398 -0.854677 0.67733 -0.0326165 -0.285561 -0.0456885 -0.291833 0.0303702 -0.231978 0.589368 0.209872 -0.583848 -0.438587 -1 0.473153 -0.806495 0.742313 -1 0.279086 0.376048 0.837143 0.346131 -0.697864 -1 -0.796264 0.209648 0.213018 0.668222 0.0961255 0.402605 0.733743 -1 -0.22186 0.162164 -0.0919044 0.908668 0.560959 -0.132846 -0.902818 0.271254 -1 -0.873329 0.566073 0.585546 0.392973 1 -0.489239 0.631488 -1 -1 -0.884345 -0.265556 -0.322681 -0.95347 -0.759181 -1 -0.814817 0.232698 0.250476 -0.973735 0.302382 -0.165152 0.264464 -0.245131 
1 -0.105715 -1 -0.921856 0.344901 -1 -1 0.636754 -0.817775 -1 -0.407209 -0.573388 -0.491783 -1 -1 -0.686481 0.57434 -0.946772 0.279245 -1 0.487745 -0.797925 -1 0.354176 -0.34643 -1 -1 -0.768065 -0.0221865 -1 -0.960341 0.12887 -0.28718 0.722009 -0.852854 -0.756974 0.651901 -0.401971 -0.0832818 -0.949633 -1 -0.466159 -1 -1 -0.146557 -0.542685 -1 0.325979 -1 -0.429553 -1 -0.476445 -0.560899 -1 -1 -1 0.177701 -0.750231 -0.457789 -0.508863 -1 -1 -0.0531889 -0.55376 -0.0681091 -0.41802 -0.977878 0.204941 -0.943685 -0.08894 -1 -0.0646108 0.0518117 -0.312079 -0.43028 -1 -1 0.381906 -0.906441 -1 0.298404 -1 -0.504575 -0.296889 -1 -0.111441 -1 0.342747 0.342135 -1 -0.647619 0.0768563 -1 0.618882 0.969104 -1 -1 -0.385302 -0.380825 -0.498588 -0.986771 -0.574371 -1 -1 0.889164 -1 
0.834636 -0.299609 -1 -1 0.907759 -1 -0.883071 0.636754 -0.814384 -0.371916 -0.564356 -0.575255 -1 -1 -1 -0.634979 0.408907 -0.879603 0.279245 -1 0.487745 -0.797925 -1 0.267181 -0.463616 -1 -1 -1 0.216158 -1 -1 0.920214 -0.559689 0.568858 -1 -0.756974 0.651901 -0.736778 -0.0832818 -1 -1 -1 -0.942008 -1 0.548984 -0.32615 -1 0.325979 -1 -0.429553 -0.335799 -0.190803 -1 -0.722694 -1 -1 -0.696728 0.140361 -0.457789 -0.508863 -0.599616 -1 -0.0531889 -0.55376 -0.459609 -0.153552 -1 0.283925 -1 -0.254447 -0.932819 0.037277 -0.34416 -0.807015 -0.502224 -0.984185 -0.903964 1 -0.91101 -1 0.298404 -0.682835 -1 -0.324853 -0.817935 -0.111441 -1 0.822921 0.163704 -0.861284 -0.509074 0.0768563 -1 0.618882 0.402161 -0.884203 -1 -0.0901314 -0.242319 -0.675939 -1 -0.900555 -1 -1 0.889164 -0.485741 
0.834636 -0.299609 -1 -0.880298 0.907759 -1 -0.883071 0.636754 -0.814384 -0.371916 -0.564356 -0.575255 -1 -1 -1 -0.823514 0.408907 -0.879603 0.279245 -1 0.487745 -0.797925 -1 0.267181 -0.463616 -1 -1 -1 -0.0221865 -1 -1 0.920214 -0.559689 0.568858 -1 -0.756974 0.651901 -1 -0.0832818 -1 -0.796022 -1 -0.942008 -1 0.548984 -0.32615 -1 0.325979 -1 -0.429553 -0.335799 -0.190803 -0.763693 -0.722694 -1 -1 -0.696728 0.140361 -0.457789 -0.508863 -1 -1 -0.0531889 -0.55376 -0.459609 -0.332522 -1 0.283925 -1 -0.254447 -0.861828 0.037277 -0.812914 -1 -0.502224 -0.984185 -0.903964 1 -0.91101 -0.874092 0.298404 -0.682835 -1 -0.324853 -0.817935 -0.111441 -1 0.822921 0.163704 -0.861284 -0.509074 0.0768563 -1 0.191185 0.402161 -1 -1 -0.0901314 -0.242319 -0.675939 -1 -0.492494 -1 -1 0.889164 -0.485741 
0.805662 -0.299609 -1 -1 0.543121 -1 -0.883071 0.321632 -0.892911 -0.034903 -0.868373 -0.575255 -1 -1 -1 -0.823514 0.813644 -0.879603 0.279245 -1 0.144106 -1 -1 0.354176 -0.34643 -1 -1 -0.787217 -0.0221865 -0.809287 -1 0.654152 -0.340914 0.637335 -1 -0.756974 0.402986 -1 -0.0832818 -1 -0.796022 -0.34104 -1 -0.969911 0.405956 -0.280182 -1 0.325979 -0.830418 -0.429553 -0.335799 -0.513994 -0.763693 -0.722694 -1 -1 -1 0.0506676 -1 -0.482832 -1 -1 -0.0531889 -0.55376 0.305659 -0.332522 -1 0.283925 -1 0.508779 -0.932819 -1 -0.34416 -0.5441 -0.159044 -0.984185 -0.903964 1 -1 -1 -0.0816394 -1 -0.921265 -0.834547 -0.977704 -0.111441 -0.825835 0.822921 0.342135 -0.861284 -0.279967 -0.324084 -0.878888 0.618882 0.969104 -0.884203 -0.754887 0.204875 -0.242319 -0.755391 -1 -0.551062 -1 -1 0.889164 -0.628282 
1 -0.299609 -0.857354 -0.969362 0.907759 -1 -1 0.636754 -0.817775 -0.706906 -0.407209 -0.575255 -0.747839 -1 -1 -0.823514 0.861914 -0.682018 0.279245 -1 0.487745 -0.797925 -1 0.354176 -0.34643 -1 -1 -0.768065 -0.0221865 -1 -1 0.624782 -1 0.722009 -0.852854 -0.756974 0.651901 -0.276242 -0.0832818 -0.792394 -0.971914 -0.947607 -0.37394 -0.981594 -0.837409 -0.32615 -1 0.325979 -1 -0.429553 -1 -0.476445 -1 -0.710879 -1 -0.971274 -0.0699061 -0.750231 -0.457789 -0.508863 -1 -1 -0.0531889 -1 -0.0681091 -0.332522 -0.977878 0.204941 -1 -0.08894 -1 -0.902955 0.0518117 -0.579731 -0.159044 -0.984185 -1 1 -0.906441 -1 0.298404 -1 -1 -0.296889 -0.977704 -0.111441 -1 0.525481 0.418202 -1 -0.406636 0.0768563 -1 0.810884 0.969104 -0.94889 -1 -0.939579 -0.380825 -0.697906 -1 -0.616363 -1 -0.711129 0.889164 -1 
0.72693 -0.299609 -1 -1 0.48297 -1 -0.883071 0.897289 -0.759458 -0.034903 -0.564356 -0.903521 -1 -1 -1 -0.850594 0.813644 -0.879603 0.268249 -1 0.703075 -0.797925 -1 0.354176 -0.34643 -1 -1 -0.787217 -0.0221865 -0.809287 -1 0.363438 -0.340914 0.637335 -1 -1 0.651901 -0.786026 -0.450377 -1 -1 -0.34104 -1 -0.969911 0.548984 -0.719905 -1 -0.179579 -1 -0.671253 -0.335799 -0.190803 -0.763693 -0.722694 -1 -1 -0.708016 0.140361 -0.457789 -0.482832 -0.599616 -1 -0.575841 -0.55376 0.305659 -0.53026 -1 0.283925 -1 -0.271177 -1 -0.756459 -0.34416 0.0128389 -0.159044 -1 -1 0.178765 -1 -1 -0.0816394 -0.794516 -0.559274 -0.324853 -0.977704 -0.111441 -0.825835 0.822921 0.23193 -0.861284 -0.492637 0.0768563 -1 0.618882 0.969104 -0.774013 -1 -0.0901314 -1 -1 -1 -0.196069 -1 -1 0.889164 -0.628282 
1 -0.299609 -0.857354 -1 0.907759 -1 -1 0.636754 -1 -1 -0.372215 -0.575255 -0.747839 -1 -1 -1 0.861914 -0.946772 0.279245 -1 0.487745 -0.797925 -1 0.354176 -0.991131 -1 -1 -1 -0.0964818 -1 -1 0.920214 -0.802722 0.722009 -0.967263 -0.756974 0.651901 -0.401971 -0.468632 -1 -1 -0.466159 -0.651514 -1 -0.146557 -0.698073 -0.929721 -0.349937 -1 -0.46352 -1 -0.476445 -1 -0.893414 -1 -1 0.177701 -0.750231 -0.800355 -0.687529 -1 -0.991921 -0.0531889 -0.371994 -0.0681091 -0.332522 -1 -0.162022 -1 -0.245558 -0.818551 -0.0646108 0.0518117 0.0380918 -0.159044 -1 -1 1 -0.906441 -1 0.298404 -1 -0.237861 -0.628933 -0.977704 -0.111441 -1 0.336454 0.467099 -1 0.0954989 -0.0250825 -1 0.618882 0.676819 -1 -0.86886 -0.814207 -0.380825 -0.675939 -1 -1 -0.864589 -0.98645 0.195123 -1 
1 -0.299609 -0.857354 -1 0.907759 -1 -1 0.636754 -0.817775 -1 -0.372215 -0.575255 -0.747839 -1 -1 -1 0.861914 -0.946772 0.279245 -1 0.487745 -0.797925 -1 0.354176 -0.991131 -1 -1 -1 -0.0964818 -1 -1 0.920214 -0.28718 0.722009 -0.967263 -0.756974 0.651901 -0.401971 -0.302595 -0.792394 -1 -0.466159 -0.651514 -1 -0.146557 -0.188374 -0.929721 -0.349937 -1 -0.46352 -1 -0.476445 -0.560899 -0.893414 -1 -1 0.177701 -0.750231 -0.800355 -0.508863 -1 -0.991921 -0.0531889 -0.371994 -0.0681091 -0.332522 -1 -0.162022 -1 -0.245558 -0.818551 -0.0646108 0.0518117 0.0380918 -0.159044 -0.984185 -1 1 -0.906441 -1 0.298404 -1 -0.237861 -0.628933 -0.977704 -0.111441 -1 0.336454 0.342135 -1 0.0954989 0.0768563 -1 0.618882 0.676819 -1 -0.86886 -0.814207 -0.380825 -0.675939 -1 -1 -1 -0.98645 0.195123 -1 
0.155709 0.317576 0.467403 0.486563 -0.74943 0.80987 -1 -0.198906 -0.989528 0.2656 -1 0.708719 -0.786523 0.541308 0.296565 -0.307824 -0.865156 0.194988 -0.0494214 -0.0654038 -0.954042 -0.633871 -0.730355 0.707937 -1 -0.0942429 0.15589 -1 0.502389 -0.573092 -0.513303 0.693224 -1 -0.311759 0.441763 0.732891 0.89956 -0.167765 -0.320984 0.623064 -0.815771 -0.861187 -0.624398 -0.512792 0.67733 0.163619 -0.285561 -0.0456885 -0.399876 0.676753 -0.418942 0.589368 0.209872 -0.583848 -0.438587 -0.453675 0.473153 -0.806495 0.742313 -0.516521 0.279086 0.678859 0.837143 0.187396 -0.697864 -0.229222 -0.632684 0.209648 0.213018 0.668222 0.953127 0.402605 0.781844 -0.70043 0.0681525 0.162164 -0.0919044 0.908668 0.560959 -0.132846 -0.902818 0.661065 -1 -0.873329 0.566073 0.585546 0.392973 1 -0.489239 0.631488 -1 -0.522387 -0.982045 -0.265556 -0.322681 -0.575104 -0.759181 -1 -0.814817 0.232698 0.105125 -0.742156 0.245071 -0.165152 0.264464 -0.245131 
0.155709 0.363109 0.400801 0.486563 -1 0.793937 -1 -0.378566 -1 0.2656 -1 0.672197 -0.786523 0.541308 -0.482131 -0.307824 -0.865156 0.194988 -0.793305 -0.0654038 -0.954042 -1 -0.730355 0.707937 -1 -0.0942429 -0.363026 -1 0.502389 -0.744079 -0.436748 -0.0952446 -1 -1 0.441763 0.732891 0.89956 -0.167765 -0.320984 0.623064 -0.815771 -0.861187 -0.624398 -0.512792 -0.182803 0.318106 -0.285561 -0.0456885 -0.399876 0.676753 -0.418942 0.195171 0.209872 -0.583848 -0.438587 -0.453675 0.473153 -0.806495 0.742313 -0.516521 -0.290839 0.678859 0.837143 0.187396 -0.697864 -0.713426 -0.937611 0.209648 0.213018 0.668222 0.693875 0.402605 0.781844 -0.676623 0.0681525 0.162164 -0.0919044 0.908668 0.560959 0.0273016 -1 0.9294 -1 -0.873329 0.566073 0.585546 -0.0920503 0.989986 -0.489239 0.631488 -1 -0.522387 -0.982045 -0.265556 -1 -0.575104 -0.759181 -1 -0.814817 0.232698 0.105125 -1 0.245071 -0.165152 0.147387 -0.245131 
1 -0.299609 -0.857354 -1 0.907759 -1 -1 0.636754 -0.817775 -1 -0.372215 -0.575255 -0.747839 -1 -1 -0.823514 0.861914 -0.946772 0.160899 -1 0.487745 -0.797925 -1 0.354176 -0.34643 -1 -1 -1 -0.0964818 -1 -1 0.920214 -0.28718 0.722009 -0.967263 -0.756974 0.651901 -0.401971 -0.161953 -0.547608 -1 -0.466159 -0.651514 -1 -0.146557 -0.32615 -0.929721 0.325979 -1 -0.429553 -1 -0.476445 -0.560899 -0.893414 -1 -1 -0.4882 -0.961446 -0.457789 -0.508863 -1 -0.991921 -0.0531889 -0.371994 -0.0681091 -0.332522 -1 -0.162022 -1 -0.245558 -0.818551 -0.0646108 -0.712918 0.0380918 -0.159044 -0.984185 -0.90967 1 -0.906441 -1 0.298404 -1 -0.504575 -0.628933 -0.977704 -0.734613 -1 0.525481 0.342135 -1 0.0954989 0.0768563 -1 0.618882 0.969104 -1 -0.86886 -0.385302 -0.380825 -0.675939 -1 -1 -1 -0.98645 0.195123 -1 
-0.0243553 0.574434 -0.372996 0.486563 -0.74943 0.270713 -1 -0.198906 -1 0.2656 -1 0.122732 -1 0.242894 0.296565 -0.173942 -1 0.194988 -0.128168 -1 -0.954042 -0.603294 -1 0.707937 -0.806097 -1 0.15589 -1 0.184298 -0.807291 -0.513303 0.693224 -1 -1 0.441763 0.808877 0.325558 -0.791894 -0.258091 0.484715 -1 -1 -1 -0.854677 -1 -0.0326165 -0.285561 0.215214 -0.291833 0.0303702 -0.418942 0.386595 0.275946 -0.583848 -0.438587 -1 0.473153 -0.748039 -0.0540503 -0.702676 0.371722 0.678859 0.837143 0.187396 -0.680246 -0.854621 -0.796264 0.474996 0.213018 0.743972 0.364574 0.402605 0.733743 -1 0.169343 -0.224394 -0.0919044 0.908668 0.0508742 -0.132846 -1 0.250122 -1 -0.873329 0.141245 0.38723 -0.210131 1 -0.489239 0.89537 -0.827518 -1 -0.884345 -0.344278 -0.322681 -0.719804 -1 -1 -0.814817 0.0570222 0.250476 -0.973735 0.302382 -0.345463 0.264464 0.0703537 
0.72693 -0.299609 -1 -1 0.48297 -1 -0.883071 0.897289 -0.759458 -0.034903 -0.564356 -0.903521 -1 -1 -1 -0.850594 0.654008 -0.879603 0.268249 -1 0.703075 -0.797925 -1 0.354176 -0.34643 -1 -1 -0.787217 -0.0221865 -0.809287 -1 0.363438 -0.340914 0.637335 -1 -1 0.651901 -0.786026 -0.871708 -1 -1 -0.34104 -1 -0.969911 0.548984 -0.719905 -1 -0.179579 -1 -0.671253 -0.335799 -0.190803 -0.763693 -0.999327 -1 -1 -0.708016 0.140361 -0.457789 -0.482832 -0.825562 -1 -0.575841 -0.55376 0.305659 -0.53026 -1 0.283925 -1 -0.271177 -1 -0.756459 -0.34416 0.0128389 -0.159044 -1 -1 0.178765 -1 -1 -0.0816394 -0.794516 -0.559274 -0.324853 -0.977704 -0.111441 -0.825835 0.822921 0.23193 -0.861284 -0.492637 0.0768563 -1 0.618882 0.623933 -0.774013 -1 -0.0578536 -1 -1 -1 -0.196069 -1 -1 0.889164 -0.628282 
0.90567 -0.299609 -1 -1 0.543121 -1 -0.714238 0.321632 -0.892911 -0.034903 -0.868373 -0.575255 -1 -1 -1 -0.823514 0.813644 -0.879603 0.279245 -1 0.144106 -1 -1 -0.107962 -0.34643 -1 -1 -0.787217 -0.0221865 -0.809287 -1 0.654152 -0.340914 0.199385 -1 -0.756974 0.402986 -1 -0.0832818 -1 -0.796022 -0.34104 -1 -0.969911 0.405956 -0.280182 -1 0.325979 -0.830418 -0.429553 -0.335799 -0.513994 -0.852929 -0.722694 -1 -1 -1 0.0506676 -1 -0.482832 -1 -1 -0.0531889 -0.55376 0.305659 -0.332522 -1 0.181959 -1 0.508779 -0.932819 -1 -0.34416 -0.5441 -0.159044 -0.984185 -0.903964 1 -1 -1 -0.0816394 -1 -0.921265 -0.834547 -0.977704 0.0197918 -0.825835 0.822921 0.342135 -0.861284 -0.279967 -0.324084 -0.878888 0.618882 0.969104 -0.884203 -0.754887 0.204875 -0.242319 -0.755391 -1 -0.551062 -1 -1 0.889164 -0.628282 
0.155709 0.317576 0.400801 0.486563 -1 0.793937 -1 -0.378566 -0.989528 0.2656 -1 0.126187 -0.786523 0.541308 -1 -0.307824 -0.865156 0.194988 -1 -0.0654038 -0.954042 -1 -0.730355 0.707937 -1 -0.0942429 -0.363026 -1 0.502389 -0.573092 -0.513303 0.693224 -1 -0.838499 0.441763 0.732891 0.89956 -0.167765 -0.320984 0.623064 -0.815771 -0.861187 -0.624398 -0.512792 -0.182803 0.163619 -0.285561 -0.0456885 -0.399876 0.676753 -0.418942 0.195171 0.209872 -0.762424 -0.438587 -0.453675 0.473153 -0.806495 0.742313 -0.516521 0.279086 0.678859 0.837143 0.187396 -0.697864 -0.713426 -1 0.209648 0.213018 0.668222 0.693875 0.402605 0.781844 -1 0.0768111 0.162164 -0.0919044 0.908668 -0.118541 -0.132846 -1 0.661065 -1 -0.873329 0.566073 0.585546 -0.0920503 1 -0.790027 0.631488 -1 -0.522387 -0.982045 -0.0362876 -1 -0.575104 -0.759181 -1 -1 0.232698 0.105125 -1 0.245071 -0.165152 0.147387 -0.245131 
-0.580856 -0.0339005 0.467403 0.486563 -0.588824 0.80987 -1 -0.512262 -1 0.2656 -1 0.708719 -1 0.541308 0.296565 -0.82613 -0.899976 0.389506 -0.833759 -0.0654038 -1 -0.633871 -0.445448 0.602562 -1 -0.596096 0.34737 -1 0.502389 -0.484548 -0.513303 0.693224 -0.996052 -0.311759 0.441763 0.783671 0.384515 0.13689 -0.051646 0.623064 -0.815771 -0.66289 -0.349489 -0.367934 0.67733 0.360722 -0.786252 -0.0456885 -0.467714 0.418878 -0.418942 0.589368 -0.0558262 -0.583848 -0.438587 -1 -0.158253 -1 0.434716 -0.115515 0.279086 -0.0156153 0.837143 -0.247969 -0.697864 -0.229222 -0.462863 0.134142 0.151068 0.668222 1 -0.0456191 0.368348 -0.70043 0.0681525 0.333708 -0.0919044 1 -0.751296 -0.132846 -0.902818 0.661065 -1 -0.873329 0.330435 0.441004 0.392973 1 -1 0.519205 -1 -0.522387 -1 -0.265556 -0.322681 -1 -0.759181 -0.921837 -0.800331 0.120753 0.026542 -0.742156 0.245071 -0.165152 0.264464 -0.309413 
0.560471 -0.105715 -0.857354 -0.921856 0.344901 -1 -0.994127 0.636754 -0.817775 -1 -0.407209 -0.624038 -1 -0.935245 -0.942999 -0.823514 0.534592 -0.946772 0.279245 -1 0.487745 -1 -0.953457 0.354176 -0.34643 -1 -1 -1 -0.32251 -1 -1 0.346955 -0.28718 -0.385698 -0.852854 -0.756974 0.651901 -0.930364 -0.390476 -0.792394 -1 -1 -1 -1 -0.146557 -1 -1 0.325979 -1 -0.429553 -1 -0.828331 -1 -1 -1 -1 0.177701 -0.750231 -0.829164 -0.508863 -1 -1 -0.0531889 -0.55376 -0.154828 -0.41802 -0.977878 0.204941 -1 -0.08894 -1 -0.466725 0.0518117 0.0380918 -0.159044 -0.984185 -1 0.381906 -1 -1 0.298404 -1 -0.504575 -0.296889 -0.977704 -0.111441 -1 0.342747 0.342135 -1 -0.319968 0.0768563 -1 0.618882 0.969104 -1 -1 -0.204005 -0.765469 -0.498588 -0.986771 -0.463707 -1 -1 0.889164 -1 
0.155709 0.317576 0.467403 0.486563 -0.74943 0.80987 -1 -0.198906 -0.989528 0.2656 -1 0.708719 -0.786523 0.541308 0.296565 -0.307824 -0.865156 0.194988 -0.0494214 -0.0654038 -0.954042 -0.633871 -0.730355 0.707937 -1 -0.0942429 0.15589 -1 0.502389 -0.573092 -0.513303 0.693224 -1 -0.311759 0.441763 0.732891 0.89956 -0.167765 -0.320984 0.623064 -0.815771 -0.861187 -0.624398 -0.512792 0.67733 0.163619 -0.285561 -0.0456885 -0.399876 0.676753 -0.418942 0.589368 0.209872 -0.583848 -0.438587 -0.453675 0.473153 -0.806495 0.742313 -0.516521 0.279086 0.678859 0.837143 0.187396 -0.697864 -0.229222 -0.632684 0.209648 0.213018 0.668222 0.953127 0.402605 0.781844 -0.70043 0.0681525 0.162164 -0.0919044 0.908668 0.560959 -0.132846 -0.902818 0.661065 -1 -0.873329 0.566073 0.585546 0.392973 1 -0.489239 0.631488 -1 -0.522387 -0.982045 -0.265556 -0.322681 -0.575104 -0.759181 -1 -0.814817 0.232698 0.105125 -0.742156 0.245071 -0.165152 0.264464 -0.245131 
0.434041 -1 -1 -1 0.48297 -1 -0.883071 0.636754 -0.759458 -0.38419 -0.564356 -0.302372 -1 -1 -1 -0.941418 0.813644 -0.879603 0.279245 -1 0.487745 -0.797925 -1 0.354176 -0.34643 -1 -1 -0.671975 -0.324091 -0.809287 -1 0.920214 0.143331 0.13563 -1 -0.756974 0.651901 -0.661084 -0.0832818 -1 -0.693284 -0.34104 -1 -0.969911 0.548984 -0.32615 -1 0.325979 -1 -0.357291 -0.335799 -0.361829 -0.763693 -1 -1 -1 -0.696728 -0.45354 -0.457789 -0.482832 -0.599616 -1 -0.0531889 -0.438948 0.305659 -0.369327 -0.881125 0.471063 -1 0.508779 -1 -0.628742 -0.254744 0.0128389 -0.237341 -0.984185 -0.903964 1 -1 -0.815078 0.305688 -0.682835 -0.559274 -0.421896 -1 -0.111441 -1 0.822921 0.342135 -0.895561 -0.279967 -0.746773 -1 0.618882 0.969104 -1 -0.860982 -0.482137 -0.0671103 -1 -1 -0.250349 -1 -1 0.439603 -0.485741 
0.155709 -0.274033 0.467403 0.0089865 -0.74943 -0.053008 -1 -0.832591 -0.989528 0.521037 -1 0.708719 -0.786523 -0.244245 0.296565 -0.307824 -0.865156 0.379625 -0.0494214 -0.301127 -0.954042 -0.633871 -0.730355 0.707937 -1 -0.0942429 0.15589 -1 0.502389 -0.632977 -0.32881 0.693224 -1 -0.311759 0.441763 0.732891 0.89956 -0.167765 -1 0.623064 -0.815771 -0.989619 -0.624398 -0.4726 0.67733 0.163619 -0.285561 -0.0456885 -0.399876 -0.00824875 -0.418942 0.589368 0.209872 -0.583848 -0.185626 -0.453675 0.768791 -0.806495 0.444372 -0.516521 0.104088 0.0509459 0.837143 0.187396 -0.54637 -0.229222 -0.632684 -0.383501 0.0031774 -0.977326 0.953127 0.532253 0.781844 -0.70043 -0.945521 -0.36549 -0.0919044 0.146366 0.216979 -0.887116 -0.902818 0.661065 -0.82223 -0.650054 0.789361 0.585546 -0.469608 -0.649614 -0.489239 0.631488 -1 -1 -0.982045 -0.265556 -0.322681 -1 -0.759181 -1 -0.814817 0.232698 0.105125 -1 -0.502151 -0.454276 0.264464 -0.245131 
-0.198634 -0.123426 0.39421 0.486563 -1 1 -0.980505 -1 -1 -0.311722 -1 -0.769856 -0.942471 -0.590195 -0.926357 -1 -0.890153 -0.279273 -1 -0.77743 -1 -0.724598 -0.736456 -0.178231 -0.817106 0.152376 0.036821 -1 0.563969 -0.395134 -1 -0.405913 -1 -1 -1 -1 -0.867407 -0.949377 -0.825934 0.0129394 -0.815771 -1 -1 -0.512792 0.567735 -1 -0.285561 -1 -1 0.352436 -1 -0.522267 -0.163533 -1 -0.796697 -0.880393 0.473153 -1 0.722741 -1 0.279086 -0.225658 0.122839 0.187396 -0.946488 -0.166914 -1 -0.156953 0.608314 0.51729 0.0978079 0.717424 0.0508714 -1 -0.21771 -0.0441139 -0.0867257 0.439584 0.454894 0.0107285 -0.902818 -0.143891 -1 -1 -1 0.585546 0.392973 0.315472 -1 0.631488 -1 -0.733778 -1 -0.634489 -0.430279 -1 -0.368358 -1 -0.924942 -0.0939673 -1 -0.742156 0.0197669 -0.118766 -0.102418 0.0897118 
0.155709 0.574434 0.467403 0.486563 -0.74943 0.80987 -1 -0.198906 -0.989528 0.2656 -1 0.708719 -0.615224 0.242894 0.296565 -0.307824 -0.865156 0.194988 -0.575475 -0.0654038 -0.954042 -1 -1 0.707937 -1 -0.320375 0.15589 -1 0.502389 -0.573092 -0.513303 0.932541 -1 -0.311759 0.714498 0.732891 0.113643 -1 -0.258091 0.432209 -1 -1 -0.624398 -0.854677 0.144298 -0.0326165 -0.285561 -0.694302 -0.512463 0.0478379 -1 0.589368 0.209872 -0.583848 -0.641383 -1 0.473153 -0.806495 0.742313 -1 0.279086 0.678859 0.837143 0.187396 -0.967087 -0.854621 -0.796264 0.209648 0.424414 0.445232 -0.663169 0.402605 0.733743 -1 0.0681525 -0.230844 -0.0919044 0.908668 0.560959 -0.132846 -0.902818 0.271254 -1 -0.873329 0.566073 0.585546 0.392973 1 -1 0.631488 -1 -1 -0.884345 -0.265556 -0.322681 -0.575104 -0.759181 -1 -0.814817 0.232698 0.250476 -0.973735 0.302382 -0.165152 0.264464 -0.245131 
0.155709 -0.4728 0.467403 0.0089865 -0.74943 -0.053008 -1 -0.832591 -0.989528 0.521037 -1 0.545978 -0.956816 0.103571 0.296565 -0.307824 -1 0.379625 -0.0494214 -0.301127 -0.954042 -0.633871 -0.730355 0.707937 -1 -0.0942429 0.15589 -1 0.502389 -0.573092 -0.713624 0.693224 -1 -0.311759 0.441763 0.732891 0.89956 -0.167765 -0.320984 0.623064 -0.815771 -0.861187 -0.624398 -0.694037 0.67733 0.163619 -1 -0.0456885 -0.370886 -0.00824875 -0.418942 0.3258 0.209872 -0.583848 -0.159145 -0.453675 0.768791 -0.806495 0.742313 -0.568553 0.104088 0.678859 0.837143 0.187396 -0.54637 -0.229222 -0.632684 0.209648 0.213018 -0.671918 0.953127 0.532253 0.781844 -0.70043 -0.407079 0.162164 -0.0919044 0.908668 0.216979 -0.213679 -0.902818 0.901094 -0.737394 -0.873329 0.789361 0.585546 -1 -0.649614 -0.489239 0.631488 -1 -0.522387 -0.982045 -0.265556 -0.322681 -1 -0.66181 -1 -0.814817 0.232698 0.105125 -1 -0.457152 -0.454276 0.264464 -0.245131 
0.155709 0.317576 0.467403 0.486563 -0.74943 0.80987 -1 -0.198906 -0.989528 0.2656 -1 0.708719 -0.786523 0.541308 0.296565 -0.307824 -0.865156 0.194988 -0.0494214 -0.0654038 -0.954042 -0.633871 -0.730355 0.707937 -1 -0.0942429 0.15589 -1 0.502389 -0.573092 -0.513303 0.693224 -1 -0.311759 0.441763 0.732891 0.89956 -0.167765 -0.320984 0.623064 -0.815771 -0.861187 -0.624398 -0.512792 0.67733 0.163619 -0.285561 -0.0456885 -0.399876 0.676753 -0.418942 0.589368 0.209872 -0.583848 -0.438587 -0.453675 0.473153 -0.806495 0.742313 -0.516521 0.279086 0.678859 0.837143 0.187396 -0.697864 -0.229222 -0.632684 0.209648 0.213018 0.668222 0.953127 0.402605 0.781844 -0.70043 0.0681525 0.162164 -0.0919044 0.908668 0.560959 -0.132846 -0.902818 0.661065 -1 -0.873329 0.566073 0.585546 0.392973 1 -0.489239 0.631488 -1 -0.522387 -0.982045 -0.265556 -0.322681 -0.575104 -0.759181 -1 -0.814817 0.232698 0.105125 -0.742156 0.245071 -0.165152 0.264464 -0.245131 
1 -0.299609 -0.857354 -1 0.907759 -0.949988 -0.933434 0.636754 -0.817775 -1 -0.372215 -0.645624 -0.747839 -1 -1 -0.823514 0.861914 -0.946772 0.279245 -1 0.487745 -0.797925 -1 0.354176 -0.34643 -1 -1 -1 -0.0964818 -1 -0.886672 0.920214 -0.28718 0.0249202 -0.967263 -0.756974 0.651901 -0.401971 -0.161953 -0.792394 -1 -0.466159 -0.651514 -0.851932 -0.146557 -0.32615 -0.929721 -0.2572 -1 -0.429553 -1 -0.476445 -0.560899 -0.893414 -1 -1 0.177701 -0.750231 -0.457789 -0.508863 -1 -0.991921 -0.0531889 -0.371994 -0.378427 -0.332522 -1 -0.162022 -1 -0.245558 -1 -0.64872 0.0518117 0.0380918 -0.159044 -1 -1 1 -0.906441 -1 0.298404 -1 -0.504575 -0.628933 -0.977704 -0.111441 -1 0.525481 0.0640224 -1 0.0954989 -0.352366 -1 0.618882 0.969104 -1 -0.932133 -0.385302 -0.380825 -0.675939 -1 -1 -1 -0.98645 0.195123 -1 
0.155709 0.574434 0.467403 0.486563 -0.680145 -0.0381662 -1 -0.157793 -1 0.2656 -0.895602 0.247521 -1 0.242894 0.296565 -0.307824 -1 0.194988 -0.0494214 -1 -0.954042 -1 -1 0.470213 -1 -0.75246 0.15589 -0.876315 -0.253653 -0.975452 -0.55403 0.693224 -0.851954 -0.268302 0.441763 0.808877 0.425162 -1 -0.258091 0.623064 -1 -1 -1 -1 0.67733 -0.611828 -0.752882 -0.853162 -1 -0.308156 -1 0.769335 -0.142756 -0.91311 -0.882771 -1 0.473153 -1 0.0654129 -0.906121 0.279086 0.678859 0.201109 -0.336994 -0.697864 -1 -1 0.550187 0.352319 0.668222 -0.769315 0.586931 0.733743 -1 0.0681525 -0.224394 -0.0919044 -0.0958595 0.0508742 -0.132846 -1 0.540655 -0.859249 -0.873329 0.566073 0.178664 0.243043 0.890234 -1 0.89537 -1 -0.845751 -1 -0.113239 -0.837937 -0.789344 -0.759181 -0.76787 -0.814817 -0.14428 0.250476 -1 0.199107 -0.165152 0.264464 0.0703537 
0.455418 -0.299609 -0.857354 -1 0.907759 -1 -1 0.636754 -0.817775 -1 -0.372215 -0.575255 -0.747839 -1 -1 -0.823514 0.861914 -0.946772 -0.172035 -1 -0.0929564 -0.797925 -1 0.354176 -0.398816 -1 -1 -1 -0.367666 -1 -1 0.920214 -0.28718 0.722009 -0.825534 -0.756974 0.651901 -0.401971 -0.106999 -0.547608 -1 -0.466159 -0.651514 -1 -0.146557 -0.32615 -0.929721 0.525605 -1 -0.429553 -1 -0.476445 -0.560899 -0.893414 -1 -1 -0.4882 -0.961446 -0.457789 -0.508863 -1 -0.991921 -0.504781 -0.371994 -0.0681091 -0.332522 -1 -0.162022 -1 -0.245558 -0.818551 -0.0646108 -0.610046 0.0380918 -0.159044 -0.984185 -0.90967 1 -0.906441 -1 0.298404 -1 -0.504575 -0.628933 -0.977704 -0.734613 -1 0.525481 0.342135 -1 0.0954989 0.0768563 -1 0.618882 0.969104 -1 -0.786274 -0.385302 -0.380825 -0.675939 -1 -1 -1 -0.98645 0.195123 -1 
1 -0.299609 -0.857354 -1 0.907759 -1 -1 0.636754 -1 -0.706906 -0.372215 -0.575255 -0.747839 -1 -1 -0.823514 0.861914 -0.946772 0.279245 -1 0.307415 -0.797925 -1 -0.221957 -0.172854 -1 -1 -1 -0.0964818 -1 -1 1 -0.28718 0.404812 -1 -0.756974 0.651901 -1 -0.161953 -0.792394 -1 -0.466159 -0.651514 -1 -0.146557 -0.32615 -0.840361 0.325979 -1 -0.429553 -1 -1 -0.560899 -0.893414 -1 -1 0.177701 -0.750231 -0.457789 -0.508863 -1 -0.991921 -0.0531889 -0.55376 -0.0681091 -0.332522 -1 -0.90386 -1 -0.08894 -1 -0.0646108 0.0518117 -0.52407 -0.159044 -1 -1 1 -1 -1 0.298404 -0.821389 -0.504575 -0.110914 -1 -0.111441 -1 0.722279 0.342135 -1 0.0954989 0.227395 -1 0.618882 0.969104 -0.838229 -1 -0.500933 -0.466636 -1 -1 -1 -1 -1 0.195123 -1 
0.155709 -0.0125808 0.443738 0.693284 -0.74943 0.409876 -0.81073 -1 -0.989528 0.2656 -1 0.708719 -0.741684 -0.274017 0.296565 -1 -0.970398 0.194988 -0.0494214 -0.552396 -1 -1 -1 -0.539153 -1 -0.705395 0.15589 -1 0.406589 -0.573092 -0.404128 0.693224 -1 -0.690682 0.561525 0.0134443 0.48092 -1 -0.113435 0.623064 -1 -1 -0.423068 -0.854677 0.850045 -0.0326165 -0.522704 -0.0456885 -0.300599 -0.0743258 -0.963545 0.217827 0.0282415 -0.583848 -0.438587 -1 -0.0709544 -0.898542 0.742313 -1 0.279086 0.678859 -0.802585 -0.757185 -0.697864 -1 -1 -0.284553 0.466321 0.601674 -0.25179 0.402605 0.351279 -0.94132 -0.465898 0.0453972 -0.18931 1 0.560959 -0.914096 -1 0.271254 -1 -1 -0.441795 -0.645537 0.0702983 0.520178 -0.734932 0.631488 -1 -0.744315 -0.884345 -1 -0.547952 -0.642279 -1 -0.849496 -0.814817 0.289375 0.515584 -1 -0.100199 0.102576 -0.107842 -0.245131 
0.155709 0.574434 0.467403 0.486563 -0.74943 0.80987 -1 -0.198906 -0.989528 0.2656 -1 0.708719 -1 0.100935 -0.400838 -0.307824 -0.865156 0.194988 -0.519632 -0.0654038 -1 -0.900173 -1 0.707937 -1 -0.320375 0.15589 -1 0.502389 -0.959167 -0.284919 -0.0386987 -1 -0.28795 0.441763 0.732891 0.477279 -1 -0.616136 0.461647 -1 -1 -0.624398 -1 0.349176 -0.272421 -0.285561 -0.587609 -0.291833 0.0303702 -0.418942 0.589368 0.209872 -0.435455 -0.732984 -1 -0.386424 -0.806495 0.104468 -1 0.279086 0.678859 0.837143 0.187396 -0.697864 -1 -0.796264 0.209648 0.213018 0.668222 0.0961255 0.0864034 0.156137 -0.998435 -0.40425 0.162164 0.139349 0.908668 0.560959 -0.132846 -0.902818 0.271254 -1 -0.873329 0.566073 0.236508 0.392973 0.904199 -0.489239 0.609841 -1 -1 -0.884345 -0.265556 -0.322681 -0.575104 -0.759181 -1 -0.814817 0.232698 0.250476 -0.973735 0.302382 -0.165152 -0.330218 -0.245131 
-0.324472 -0.123426 0.39421 0.486563 -1 0.964592 -1 -1 -1 0.2656 -1 -0.769856 -1 -0.590195 -0.926357 -1 -0.890153 0.035094 -1 -0.77743 -1 -0.724598 -0.736456 -0.178231 -1 0.152376 0.036821 -1 0.563969 -0.573092 -0.941921 -0.124771 -1 -1 -1 -1 -0.867407 -0.949377 -1 0.0129394 -0.815771 -0.845874 -1 -0.512792 0.567735 -1 -0.285561 -0.87261 -0.662099 0.352436 -1 -0.0806111 0.209872 -1 -0.796697 -1 0.473153 -0.634941 0.742313 -1 0.279086 0.104231 0.122839 0.187396 -0.946488 -0.166914 -1 -0.156953 0.578341 0.51729 0.0978079 0.717424 0.0508714 -1 -0.375462 -0.0441139 -0.0867257 0.439584 0.454894 0.0107285 -0.902818 -0.143891 -1 -1 -1 0.585546 0.392973 0.315472 -1 0.631488 -1 -0.790632 -1 -0.634489 -0.430279 -1 -0.368358 -1 -0.924942 -0.0939673 -1 -0.742156 0.180038 -0.118766 -0.102418 0.0897118 
0.155709 0.574434 0.467403 0.486563 -0.95609 0.80987 -1 -0.328856 -0.989528 0.2656 -1 0.708719 -0.786523 0.242894 0.296565 -0.307824 -0.865156 0.194988 -0.0494214 -0.0654038 -0.954042 -0.900173 -1 0.622677 -1 -0.413736 0.15589 -1 0.502389 -0.573092 -0.513303 0.693224 -1 -0.340604 -0.0463658 0.790484 0.325558 -1 -0.258091 0.623064 -1 -1 -0.624398 -0.854677 0.67733 -0.0326165 -0.285561 -0.0456885 -0.291833 -0.174919 -0.418942 0.589368 0.209872 -0.583848 -0.521939 -1 0.473153 -1 0.742313 -1 0.279086 0.678859 0.837143 0.187396 -0.697864 -0.854621 -0.796264 0.370601 -0.226976 0.668222 0.0961255 -0.151472 0.733743 -1 0.0681525 0.162164 -0.0919044 0.908668 0.560959 -0.132846 -0.902818 0.271254 -1 -0.873329 0.566073 0.585546 0.392973 1 -0.489239 0.631488 -1 -1 -0.884345 -0.265556 -0.322681 -0.575104 -0.759181 -1 -0.814817 0.220281 0.250476 -0.973735 0.302382 -0.165152 0.264464 -0.245131 
1 -0.299609 -0.857354 -1 0.385125 -1 -1 0.636754 -0.817775 -1 -0.372215 -0.575255 -0.747839 -1 -1 -0.823514 0.861914 -0.946772 0.279245 -1 0.487745 -0.797925 -1 0.354176 -0.34643 -1 -1 -0.750247 -0.0964818 -1 -1 0.920214 -0.28718 0.722009 -0.852854 -0.756974 0.651901 -0.401971 -0.161953 -0.792394 -1 -0.466159 -0.651514 -1 -0.146557 -0.32615 -0.929721 0.325979 -1 -0.429553 -1 -0.476445 -1 -0.893414 -1 -1 0.177701 -0.750231 -0.457789 -0.508863 -1 -0.991921 -0.0531889 -0.55376 -0.0681091 -0.332522 -0.880822 -0.162022 -1 -0.08894 -1 -0.0646108 0.0518117 0.0380918 -0.159044 -0.984185 -1 1 -0.906441 -1 0.298404 -1 -0.504575 -0.0767056 -0.977704 -0.111441 -1 0.303387 0.342135 -1 0.145262 0.0768563 -1 0.618882 0.969104 -1 -1 -0.385302 -0.380825 -1 -1 -1 -1 -1 0.195123 -1 
1 -0.299609 -0.857354 -1 0.907759 -1 -1 0.636754 -0.817775 -1 -0.372215 -0.575255 -0.861341 -1 -1 -1 0.861914 -0.946772 0.279245 -1 0.487745 -0.797925 -1 0.354176 -0.991131 -1 -1 -1 -0.0964818 -1 -1 0.920214 -0.28718 0.722009 -0.967263 -0.756974 0.651901 -0.401971 -0.302595 -0.792394 -1 -0.466159 -0.651514 -1 -0.146557 -0.188374 -0.929721 -0.349937 -1 -0.46352 -1 -0.476445 -0.560899 -0.762964 -1 -1 0.177701 -1 -0.800355 -0.508863 -1 -0.991921 -0.0531889 -0.371994 -0.0681091 -0.332522 -1 -0.162022 -1 -0.245558 -0.818551 -0.0646108 0.0518117 0.0380918 -0.159044 -0.984185 -1 1 -0.906441 -1 0.298404 -1 -0.237861 -0.628933 -0.977704 -0.111441 -1 0.336454 0.314498 -1 0.0954989 0.0768563 -1 0.618882 0.676819 -1 -0.86886 -0.814207 -0.380825 -0.675939 -1 -1 -1 -0.98645 -0.309709 -1 
0.155709 0.317576 0.467403 0.486563 -0.74943 0.80987 -1 -0.198906 -0.989528 0.2656 -1 0.708719 -0.786523 0.541308 0.296565 -0.307824 -0.865156 0.194988 -0.0494214 -0.0654038 -0.954042 -0.633871 -0.730355 0.707937 -1 -0.0942429 0.15589 -1 0.502389 -0.573092 -0.513303 0.693224 -1 -0.311759 0.441763 0.732891 0.89956 -0.167765 -0.320984 0.623064 -0.815771 -0.861187 -0.624398 -0.512792 0.67733 0.163619 -0.285561 -0.0456885 -0.399876 0.676753 -0.418942 0.589368 0.209872 -0.583848 -0.438587 -0.453675 0.473153 -0.806495 0.742313 -0.516521 0.279086 0.678859 0.837143 0.187396 -0.697864 -0.229222 -0.632684 0.209648 0.213018 0.668222 0.953127 0.402605 0.781844 -0.70043 0.0681525 0.162164 -0.0919044 0.908668 0.560959 -0.132846 -0.902818 0.661065 -1 -0.873329 0.566073 0.585546 0.392973 1 -0.489239 0.631488 -1 -0.522387 -0.982045 -0.265556 -0.322681 -0.575104 -0.759181 -1 -0.814817 0.232698 0.105125 -0.742156 0.245071 -0.165152 0.264464 -0.245131 
0.155709 0.16249 -0.134797 0.693284 -0.74943 0.409876 -0.81073 -1 -0.989528 0.2656 -1 0.788916 -1 0.242894 0.296565 -1 -0.970398 0.00293824 -0.507286 -0.552396 -1 -1 -1 -0.539153 -1 -1 0.15589 -1 0.601518 -0.573092 -0.46145 0.693224 -1 -0.555589 0.561525 -0.131182 0.48092 -1 -0.113435 0.285994 -1 -1 -0.601437 -0.854677 0.135564 -0.0691095 -0.522704 0.150365 -0.300599 0.0303702 -0.418942 0.589368 0.0282415 -0.583848 -0.438587 -0.981719 -0.208927 -1 0.363779 -1 0.279086 0.678859 -0.636572 -0.757185 -0.697864 -1 -1 -0.284553 0.248966 0.668222 0.360902 0.402605 0.733743 -0.733514 -0.465898 0.0453972 -0.18931 1 0.567018 -1 -1 -0.123358 -1 -0.766863 -0.294836 0.152011 0.0702983 1 -0.734932 -0.100722 -0.860743 -0.744315 -0.884345 -1 -0.977626 -0.642279 -1 -0.849496 -0.814817 -0.0479902 0.515584 -1 -0.100199 -0.0589468 -0.107842 -0.245131 
-0.203442 0.574434 0.467403 0.310978 -0.680145 -0.0381662 -1 -0.157793 -1 0.2656 -1 0.708719 -1 0.242894 0.296565 -0.307824 -1 0.194988 -0.0494214 -1 -0.954042 -0.900173 -1 0.707937 -1 -0.889817 0.15589 -1 0.502389 -0.975452 -0.513303 0.693224 -1 -0.311759 0.441763 0.808877 0.425162 -1 -0.258091 0.623064 -1 -1 -0.624398 -0.989105 0.67733 -0.765765 -0.752882 -1 -0.885729 0.0303702 -1 0.769335 0.275946 -0.91311 -0.438587 -1 0.473153 -1 -0.0788443 -0.412133 0.140855 0.678859 0.66296 0.187396 -0.697864 -1 -0.796264 0.474996 0.352319 0.904818 -0.800672 0.586931 0.733743 -1 0.0681525 -0.224394 -0.0919044 0.219731 0.0508742 -0.132846 -0.902818 0.271254 -1 -0.873329 0.566073 0.757 0.392973 1 -1 0.89537 -0.931415 -1 -1 -0.265556 -0.322681 -0.789344 -0.759181 -0.991433 -0.814817 0.232698 0.250476 -0.990844 0.199107 -0.165152 0.264464 0.0703537 
0.155709 0.317576 0.467403 0.486563 -0.74943 0.780495 -1 -0.198906 -0.989528 0.2656 -1 0.708719 -0.786523 0.541308 0.261345 -0.307824 -0.865156 0.194988 -0.0494214 -0.0654038 -0.954042 -0.633871 -0.730355 0.707937 -1 -0.0942429 0.15589 -1 0.502389 -0.573092 -0.736268 0.693224 -1 -0.311759 0.441763 0.732891 0.89956 -0.167765 -0.547818 0.623064 -0.8422 -0.861187 -0.624398 -0.512792 0.67733 0.163619 -0.285561 -0.0456885 -0.399876 0.676753 -0.418942 0.589368 0.209872 -0.583848 -0.438587 -1 -0.421409 -0.806495 0.468202 -0.516521 0.279086 0.221712 0.837143 0.187396 -0.697864 -0.229222 -0.611999 -0.381511 -0.261487 0.668222 0.953127 0.402605 0.781844 -0.70043 0.0681525 -0.265772 -0.0919044 0.908668 0.345531 -0.132846 -0.970854 0.661065 -1 -0.873329 0.566073 0.585546 0.392973 1 -0.489239 0.631488 -1 -0.830133 -0.982045 -0.265556 -0.273241 -0.575104 -0.759181 -1 -0.814817 0.232698 0.105125 -1 0.245071 -0.165152 0.264464 -0.245131 
0.834636 -0.221476 -1 -0.829157 0.907759 -0.639817 -0.900051 0.615741 -0.817775 -0.034903 -0.564356 -0.73087 -1 -1 -1 -0.883103 0.713446 -0.931778 0.279245 -1 -0.0692593 -0.797925 -1 0.354176 -0.34643 -1 -0.945486 -0.787217 -0.0221865 -0.605221 -0.624004 0.501632 -0.28718 0.123898 -1 -0.756974 0.280143 -0.799844 0.172502 -0.861743 -1 -0.991783 -0.44325 -1 -0.354064 -1 -0.647878 -0.58496 -0.807295 -0.429553 -0.335799 -0.553156 -0.560899 -0.496225 -1 -0.829125 -0.163696 -0.553634 -1 -0.508863 -0.599616 -0.826205 -0.260828 -1 0.305659 -0.291409 -1 -0.483226 -1 0.508779 -0.932819 -0.755665 -0.138253 0.293866 -0.159044 -1 -1 0.297525 -0.906441 -1 0.298404 -1 -0.11982 -0.296889 -1 -0.221563 -1 0.822921 0.342135 -1 -0.00449826 0.188297 -1 0.134903 0.969104 -1 -0.844868 -0.880628 -0.242319 -0.675939 -0.867057 -1 -0.956351 -1 0.889164 -1 
-0.951404 0.32722 0.73189 0.237609 -1 1 -1 -0.968982 -1 -0.620549 -0.885649 0.775466 -0.786523 0.208397 0.296565 -0.878298 -0.865156 -1 -0.937623 -0.23138 -0.954042 -0.633871 -0.730355 -0.667779 -0.752103 -0.0942429 0.15589 -1 0.474798 -1 -1 0.398967 -0.918904 0.0207183 -0.497862 0.732891 0.89956 0.0660903 -0.727375 -1 -1 -0.861187 -0.481162 -0.810531 0.502829 -0.56598 -0.285561 -1 -0.782812 0.0400615 -0.728525 -0.255826 0.0342998 -0.325422 -0.913713 -1 0.473153 -1 -0.22024 -0.516521 -0.574735 0.678859 -0.659302 0.400657 -0.668839 -0.229222 -0.632684 -0.750573 0.213018 0.274122 -0.018867 -0.352637 -0.142452 -1 -0.816915 0.425578 -1 0.353776 0.338501 -1 -0.902818 0.432743 -1 -1 0.566073 -0.700455 -0.214495 1 -1 0.148861 -1 -0.3372 -0.803701 -0.957549 -1 -0.385702 -0.623122 -1 -0.814817 0.232698 0.505024 -0.742156 -1 -0.777944 0.157318 0.0971057 
0.201272 -0.600291 -0.857354 -1 0.907759 -0.859784 -0.883071 0.636754 -0.817775 -0.303896 -0.564356 -0.575255 -0.480139 -1 -1 -1 0.713446 -0.946772 0.0146147 -1 0.487745 -0.797925 -1 0.354176 -0.34643 -1 -1 -0.787217 -0.763548 -1 -1 0.920214 -0.28718 0.722009 -1 -0.756974 0.922006 -0.246903 -1 -1 -1 -0.466159 -0.208179 -1 -0.146557 -0.32615 -1 0.325979 -1 -0.664929 -1 -0.181283 -0.560899 -1 -0.848452 -1 0.177701 -0.525121 -0.666674 -0.508863 -1 -1 -0.0531889 -0.55376 0.305659 -0.465204 -0.977878 -0.0351486 -1 0.868401 -0.86973 -0.951584 0.557544 0.0128389 -0.159044 -0.984185 -1 0.524937 -1 -1 0.298404 -1 0.290012 -0.272048 -1 -0.111441 -1 0.822921 -0.212445 -1 0.35962 0.0768563 -1 0.714752 0.969104 -1 -1 -0.385302 -0.380825 -0.675939 -1 -0.492494 -1 -1 0.889164 -1 
-0.492643 0.317576 0.467403 0.486563 -0.550533 0.80987 -1 -1 -0.989528 0.2656 -1 0.708719 -0.786523 0.541308 0.296565 -0.82613 -0.899976 0.13888 -0.818808 -0.0654038 -1 -1 -0.445448 0.707937 -1 -0.193905 0.15589 -0.672581 0.502389 -0.484548 -0.361659 0.693224 -0.996052 -0.391467 0.441763 0.732891 0.327938 0.0294473 -0.051646 0.623064 -0.815771 -0.66289 -0.433448 -0.512792 0.67733 0.360722 -0.886043 -0.0456885 -0.30795 0.875314 -0.418942 0.589368 0.209872 -0.583848 -0.438587 -0.453675 -0.158253 -0.806495 0.742313 -0.241756 0.0535272 -0.0156153 1 0.187396 -1 -0.640524 -0.462863 0.134142 0.588172 0.601021 0.64345 0.402605 0.781844 -0.70043 0.0681525 0.442807 -0.0919044 0.908668 -0.335573 -0.132846 -0.902818 0.661065 -1 -1 0.330435 0.441004 0.392973 1 -0.353455 0.519205 -1 -0.522387 -1 -0.265556 -0.322681 -1 -1 -1 -0.814817 0.232698 0.082128 -0.742156 0.303087 -0.165152 0.358794 -0.245131 
