-0.639209 -1 -0.836731 -0.967049 -1 -1 0.830633 -1 0.514596 0.565054 -0.921662 -1 0.332189 -1 -1 -1 -0.358714 0.228096 -0.775619 0.135878 -1 -1 -0.773152 -0.361824 -1 -0.807614 0.267614 0.710848 -0.974732 -0.575291 -0.958492 -0.0236166 -1 -0.760482 -0.614047 -1 -1 -1 0.6198 -1 -0.340252 0.163355 -1 -0.878741 -0.647994 0.205613 -0.513573 -1 -1 0.765928 -0.785128 -0.181564 -0.915827 -1 -1 -1 -0.879543 -0.2748 0.850795 -0.100391 -1 -0.742319 -0.685086 -1 -1 -0.983922 -0.685116 0.633876 -0.402188 -0.594424 1 -1 -0.546418 -0.869047 -0.424309 1 -0.541917 0.635357 0.886458 -0.882534 0.577412 -0.490843 -1 -1 -1 -1 -0.0594718 -1 -0.750965 -0.342595 0.308868 -1 -1 -0.78438 -1 -1 0.762118 -0.969365 0.316631 -0.931306 -1 -0.772553 -0.345423 0.276404 -1 -0.19693 -0.164858 -1 -1 -0.891534 -0.881843 -0.0232593 0.377069 -0.651211 -0.81968 0.221089 -0.563346 -0.612807 -0.754403 -1 -1 -1 -0.303867 -1 -0.412699 -0.65742 0.695659 -1 -1 0.16843 0.56269 -1 -1 -1 0.627612 0.818175 -1 -1 
-1 -1 -1 -1 -1 -0.563059 -1 -1 -1 -1 -0.858254 -0.793851 -0.441436 -0.61064 -1 -0.878858 -1 -1 -1 -0.905949 -1 -0.742032 -1 -1 -1 -1 -1 -0.269757 -1 -1 -1 -1 -1 -1 -0.983108 -1 -1 -1 -0.00972658 -0.773197 -1 -1 -1 -0.953441 -0.795517 -1 -1 -1 -1 -0.340977 -1 -1 -1 -1 -0.493618 -1 -1 -1 -1 -0.628485 -1 -1 -1 -1 -0.792016 -1 -1 -1 -0.858759 -1 -0.831423 -1 -1 -1 -0.827409 -1 -1 -1 -0.382995 -0.567422 -1 -0.918875 -1 -0.749573 -0.769432 -1 -1 -1 -0.325332 -1 -0.713215 -1 -0.965379 -1 -0.945591 -0.0565675 -0.800418 -0.665765 -0.784341 -0.951258 -0.853303 -0.0216118 -1 -1 -1 -1 -1 -1 -0.939426 -0.990064 -0.350839 -0.805876 0.179224 -1 -0.881938 -1 -0.0268121 -1 -0.364523 -1 0.488615 -0.966962 -0.99455 -0.939033 -0.562472 -1 0.113494 -1 -0.490496 -0.620544 -0.451794 -0.654782 -1 -0.073087 -1 -1 -1 -0.76889 
-1 -0.6708 -1 -1 -1 -0.78438 0.830633 -1 -1 -0.415141 -1 -1 0.134882 -1 -0.967407 -1 -0.358714 0.468898 -1 -1 -1 -1 -1 -0.361824 -0.967551 -0.654657 -0.462929 0.710848 -1 -1 -1 -0.54924 -0.849733 -1 -0.892348 -1 -0.495221 -1 0.768252 -1 -0.58986 -1 -1 -0.865998 -0.647994 -0.188383 -0.975509 -1 -0.393641 0.713815 -1 -0.687515 -1 -1 -0.858128 -1 -1 -0.2748 0.821957 -1 -1 -0.860009 -0.826289 -1 -1 -0.658827 -0.685116 0.886197 -0.743798 -1 1 -0.968009 -1 -1 -0.424309 0.341387 -1 0.0168322 -0.0824749 -1 0.577412 -0.350513 -1 -1 -1 -1 -0.0594718 -1 -1 -1 -0.578454 -1 -1 -1 -1 -1 1 -1 -1 -1 -1 -1 -0.345423 0.276404 -0.952576 0.0823293 0.0966389 -0.648645 -1 -0.891534 -1 -0.430608 0.377069 0.162062 -1 -1 -0.188986 -1 -0.754403 -0.87088 -1 -1 -1 -0.379542 -0.398696 0.435894 -0.23912 -0.0468225 -1 0.666104 0.56269 -1 -0.786801 -1 -0.0659407 0.818175 -1 -0.625946 
-1 -1 -1 -0.967049 -0.91189 -1 -0.641622 -1 -0.50434 1 -1 -0.643081 -0.77756 -1 -0.708014 -1 -1 1 -1 -0.854585 -1 -1 -1 -0.210125 -1 -1 -0.735974 -0.0597764 -1 -1 -1 -0.136052 -1 -1 -0.497968 -1 -1 -1 -0.0172819 -1 -1 0.477387 -1 -1 -0.221139 0.213161 -1 -1 -0.930131 0.490802 -1 -0.677963 -1 -1 -1 -0.705838 -0.90096 -0.63052 -1 -1 -1 -1 -0.6481 -1 -0.639488 -1 -1 1 -1 -0.686157 -0.531758 -1 -1 -1 -0.6217 0.192394 -1 -1 -0.792029 -0.907467 0.577412 1 -1 -1 -1 -1 -0.155126 -1 -1 -1 -0.888066 -1 -1 -0.416286 -1 -1 0.63531 -0.785427 -0.136264 -0.885016 -1 -0.564128 -0.345423 -1 -1 -1 -1 -0.698006 -1 -1 -1 -0.334142 0.126206 -1 -1 -0.381208 -0.605231 -1 -0.620765 -1 -1 -1 -1 -0.257308 -0.412699 -0.789316 0.695659 -1 -0.938285 0.102194 -1 -1 -0.71757 -0.651744 0.143022 0.896641 -1 -0.609209 
-1 -1 -1 -1 -0.788773 -1 -0.958142 -0.944339 -1 -1 -0.715901 -1 -1 -1 -0.508336 -1 -1 -1 -0.412309 -1 -0.76843 -1 -1 -1 -1 -1 -1 -0.661944 -1 -0.621781 -0.909827 -1 -1 -1 -0.993389 -1 -0.689256 -1 -1 -1 -0.826477 -1 -0.853607 -1 -0.862449 -1 -1 -0.969591 -1 -1 -1 -0.779371 -0.909072 -0.618637 -1 -1 -1 -0.633339 -1 -0.870675 -1 -1 -0.621575 -0.629524 -0.577868 -0.833767 -1 -1 -1 0.0403574 -1 -1 -1 -1 -0.800253 -1 -1 -1 -1 -0.938782 -1 -1 -1 -0.994236 -1 -1 -1 -1 -0.579785 -1 -0.891164 -0.871193 -1 -1 -1 -1 -1 -1 -1 -1 -0.660869 0.963101 -0.702449 -1 -1 -1 -1 -0.85031 -1 -1 -1 -1 -1 -1 -1 -1 -1 -1 0.331347 -1 0.8619 -1 -0.669049 -1 -0.611174 -1 1 -1 -1 -1 -1 -0.804241 -0.643669 -0.901811 -1 -0.863879 -1 -1 
-0.721423 -1 -1 -0.41504 -0.265594 -1 -0.816636 -0.623261 -1 -1 -1 -0.76183 -1 -0.761164 -1 -1 -1 -1 -0.625344 -1 -1 -1 -0.983539 -1 -0.610352 -1 -1 -1 -1 -0.420976 -1 -0.693722 -1 -0.829123 -1 -1 -1 -1 -1 -0.360306 -1 -1 -0.740016 -1 -1 -1 -0.756856 -1 -0.621869 -1 -0.272066 -1 -1 -1 -1 -1 -0.937189 -0.958214 -1 -1 -0.910153 -0.254439 -1 -0.829159 -0.605804 -1 -1 -0.547715 -0.982827 -1 -1 -0.618827 -1 -1 -1 -0.893867 -1 -1 -0.786084 -0.404343 -1 -0.776993 -0.723127 -1 -1 -0.96506 -0.937421 -0.604063 -1 -1 -0.810291 -1 -1 -1 -1 -0.892092 -1 -1 0.0260572 -1 -0.843549 -1 -1 -1 -0.827385 -1 -0.978579 -1 -0.298051 -0.723247 -0.689208 -0.887733 -1 -0.160802 -0.0467153 -1 -1 -1 -1 -1 0.533813 -1 -1 -1 -1 -1 0.99861 -1 -1 -1 -0.797204 -0.809201 -1 -1 -0.56367 -0.958095 -1 -1 
-1 0.536921 -0.586967 -0.0969174 0.723077 -0.141653 -0.606542 0.0189359 -0.299992 -1 -0.0902747 -0.94329 -1 -0.469475 -0.178703 -1 -0.706108 0.201226 -0.82461 -0.698072 -0.200158 0.320177 -0.0448784 -1 -1 -0.517611 0.635178 -0.647788 1 -0.619399 -1 -0.0332138 -0.466693 -0.161921 -0.664074 -0.768982 0.399528 -0.97547 0.702617 -1 -0.446053 -0.151541 -1 -0.993035 -0.0439897 -1 -0.842615 0.197245 0.0625979 0.0950071 0.677816 -0.82818 0.0247463 0.173794 -0.64071 -1 -0.915887 -0.570494 -0.257167 -1 -1 -0.904083 -0.190195 -0.383531 -1 -0.0824211 -0.868083 -1 0.66647 -1 -0.448142 -1 -1 -0.672425 -0.789111 -0.231536 0.287972 -1 -1 -1 0.131552 -1 -0.497398 -1 0.112263 0.759897 -0.401626 -8.7589e-05 0.447227 -0.883921 -0.371726 0.562796 0.536937 -0.80157 -0.731868 -1 1 -0.548537 -1 0.282073 0.264467 -1 -1 -1 -0.836999 0.676938 -0.392808 -1 -0.298222 -1 -0.990418 -0.978761 0.0655293 -1 0.0920525 0.80441 -1 0.607746 0.657398 -0.606138 -0.570448 -1 0.987487 -0.321084 0.581954 0.00145268 -1 -1 0.58216 0.303915 -0.0341614 0.0328733 -0.615984 -0.462116 0.163531 -0.499932 0.19575 -0.356309 
-1 -1 -1 -0.967049 -1 -1 -0.641622 -1 -0.50434 0.112464 -1 -1 0.334822 -1 -0.788906 -1 -1 0.715753 -0.915979 -1 -1 -1 -1 -0.361824 -1 -1 -0.724213 0.710848 -1 -1 -1 0.00240713 -1 -1 -0.497968 -1 -1 -1 -0.0172819 -0.720469 -1 0.287822 -1 -1 -1 -0.315835 -1 -1 -1 0.490802 -0.877928 -0.677963 -1 -1 -1 -1 -1 -0.63052 -0.0358371 -1 -1 -1 -0.6481 -1 -0.639488 -1 -0.76039 0.554067 -1 -1 -0.133006 -0.859888 -1 -1 -0.16627 0.384793 -1 -1 -0.695502 -0.907467 -0.465949 1 -1 -1 -1 -1 -0.606742 -1 -0.855637 -0.952315 -1 -1 -1 -1 -1 -1 0.63531 -0.785427 0.164121 -1 -1 -0.564128 -0.345423 -1 -0.996501 -1 -1 -1 -1 -1 -1 -0.334142 0.126206 0.0750789 -1 -0.752257 -0.605231 -1 -1 -0.617705 -1 -1 -0.27561 -0.379542 -0.412699 -0.104106 0.695659 -0.436273 -1 0.102194 -0.522932 -0.844537 -1 -1 0.143022 0.896641 -1 -1 
-0.450529 -0.75711 -1 -0.543499 -1 -1 -0.583816 -0.440937 -1 -1 -1 -0.94731 -1 -0.758717 -1 -1 -1 -1 -1 -1 -1 -0.291167 -1 -1 -1 -1 -1 -1 -1 -0.420976 -1 -0.779708 -0.245334 -1 -1 -1 -1 -0.280598 -1 -1 -1 -1 -0.846047 -1 -1 -1 -0.853283 -1 -0.315515 0.0720966 -0.272066 -1 -1 -0.588688 -1 -1 -1 -1 -0.587637 -0.618272 -1 -0.825647 -0.971702 -1 -0.605804 -1 -0.693478 -1 -0.804328 -1 -1 -0.286478 -1 -1 -0.986282 -0.583156 -1 -1 -0.69866 1 -0.833832 -0.776993 -0.652059 -0.807564 -1 -1 -0.946613 -0.89709 -1 -0.970863 -1 -1 -1 0.027781 -0.820675 -1 -1 -1 0.0260572 -1 -0.876079 -0.222041 -1 -1 -0.305149 -1 -0.842329 -1 -0.298051 -0.961764 -0.689208 -1 0.379327 -1 0.494311 -1 -1 -0.147037 -1 -1 0.285762 -1 -1 -1 -1 -0.68365 1 -0.839675 -1 -1 -0.669042 -1 -1 -1 -0.56367 -1 -1 -1 
-1 -1 -0.971596 -0.849937 -1 -0.823279 0.562518 -1 0.343147 0.396896 -1 -1 0.602582 -1 -1 -1 -1 0.959681 -0.577713 -0.890832 -1 -0.48657 -1 -0.450166 -1 -1 -1 0.710848 -0.974732 -1 -1 -0.296302 -1 -0.760482 -0.565568 -0.934539 -1 -1 -0.586173 -1 -0.76289 -0.357193 -1 -0.878741 -0.647994 -1 -1 -0.869663 -1 0.765928 -0.983122 -0.181564 -0.89186 -1 -1 -1 -1 -1 -0.99844 -0.231175 -0.942356 -1 -1 -1 -1 -0.983922 -1 0.633876 -0.877989 -1 1 -1 -0.546418 -1 -1 1 -0.769911 -0.511119 -0.562001 -1 -0.00326419 0.360988 -1 -1 -1 -1 -1 -1 -1 -0.927992 0.656746 -1 -1 -0.713632 -1 -1 0.365785 -0.95962 -0.912814 -0.931306 -1 -1 -0.345423 -0.127025 -1 0.302495 -1 -1 -1 -0.891534 -1 -0.27607 -0.123525 -0.583524 -1 -0.740202 -1 -0.127988 -1 -1 -1 -1 -0.0428958 -0.379542 -0.684008 0.284041 0.387133 -0.33653 -1 0.16843 0.946058 -1 -1 -1 -0.354954 -0.626711 -1 -1 
-1 -1 -1 -1 -1 -0.413529 -1 -1 -1 -0.643295 -0.909982 -1 -1 -1 -0.730147 -1 -1 -1 -0.747442 -1 -0.76843 -1 -0.811401 -1 -1 -1 -1 -0.661944 -1 -1 -0.909827 -1 -1 -1 -1 -0.966026 -0.821587 -1 -1 -1 -1 -1 -1 -1 -0.900089 -0.626157 -1 -1 -1 -1 -0.988517 -1 -0.909072 -0.938822 -1 -1 -1 -0.500189 -1 -0.870675 -1 -1 -1 -0.629524 -0.577868 -0.833767 -1 -1 -1 0.0403574 -1 -1 -1 -1 -0.800253 -1 -1 -1 -0.625015 -1 -0.902707 -1 -1 -0.994236 -1 -1 -1 -1 -0.78461 -1 -0.891164 -0.871193 -1 -1 -1 0.258529 -0.646567 -1 -0.619544 -1 -0.660869 0.681196 -0.702449 -0.607693 -1 -1 -1 -1 -0.863827 -1 -1 -1 -0.831681 -1 -1 -1 -1 -1 0.331347 -1 0.8619 -1 -0.669049 -1 -0.8576 -1 1 -1 -1 -1 -1 -0.804241 -0.643669 -1 -0.878637 -1 -1 -1 
-0.817378 -1 -1 -1 -1 -0.975642 0.597502 -0.786591 -0.235789 0.177911 -1 -0.879016 0.602582 -1 -1 -1 -1 1 -0.908764 -0.854585 -1 -1 -1 -0.535181 -1 -1 0.267614 0.264639 -1 -1 -1 -0.958761 -1 -1 -0.361329 -1 -1 -1 -0.0624605 -1 -0.941059 -0.65115 -1 -1 -0.787368 -0.337612 -1 -1 -1 -0.0619255 -0.785128 -1 -1 -1 -0.985996 -0.732704 -1 -0.63052 0.0364257 -1 -1 -1 -1 -1 -0.698549 -0.86424 -0.58835 0.987676 -1 -1 -0.236203 -1 -1 -0.67836 0.0642933 0.747997 -0.672237 -0.999236 0.440149 -1 -0.96249 1 -1 -1 -0.813297 -1 -0.155126 -1 -1 -0.952315 -1 -1 -0.874881 -0.667995 -1 -0.826785 0.946048 -0.785427 0.164121 -1 -1 -0.564128 -0.345423 -1 -0.587058 -1 -1 -1 -1 -0.796664 -1 -0.543476 0.126206 -0.380169 -1 -0.752257 -0.563346 -1 -0.89722 -1 -0.865442 -1 -0.248564 -0.43874 -1 -0.865092 0.695659 -0.246599 -1 -0.387818 -0.522932 -1 -1 -1 -0.201925 1 -1 -1 
-0.639209 -0.674593 -0.836731 -1 -0.819127 -1 0.830633 -0.629444 0.514596 -0.776398 -0.921662 -1 0.837518 -0.903247 -1 -1 -0.700008 0.959681 -1 -1 -1 -1 -1 -0.361824 -1 -0.807614 -0.684077 -0.225483 -0.974732 -0.575291 -0.958492 -0.428269 -1 -0.760482 -0.614047 -1 -0.519406 -1 0.253311 -1 -0.340252 -0.947436 -1 -0.905063 -0.647994 0.321083 -0.949359 -1 -0.997689 0.765928 -0.807427 -1 -1 -1 -1 -1 -0.879543 -0.2748 0.409464 -0.100391 -1 -1 -0.685086 -1 -0.610539 -0.983922 -0.685116 0.633876 -1 -1 1 -0.745795 -1 -0.825888 -0.424309 1 -0.723377 0.992159 0.305692 -0.882534 0.577412 0.670881 -1 -1 -1 -1 -0.728483 -1 -1 -0.342595 0.308868 -1 -1 -0.78438 -1 -1 0.987793 -0.969365 -0.915681 -1 -1 -0.772553 -0.345423 -0.640193 -0.934309 -0.115717 -0.969724 -1 -1 -0.891534 -0.358954 -1 0.377069 -0.144002 -1 0.221089 -0.563346 -0.560838 -0.754403 -0.814673 -1 -1 -0.810731 -0.434314 -0.912185 0.284041 0.695659 -0.376945 -1 0.16843 0.904277 -1 -1 -1 0.627612 0.818175 -1 -0.709647 
-1 -1 -1 -0.88662 -1 -1 -0.641622 -1 -0.173241 0.774425 -1 -1 0.334822 -1 -0.906891 -1 -1 1 -0.645361 -1 -1 -1 -1 -0.361824 -1 -0.8839 -0.83994 0.540791 -1 -1 -1 0.00240713 -1 -1 -0.497968 -1 -1 -1 -0.594585 -1 -1 0.259178 -1 -1 -0.221139 -0.315835 -1 -1 -1 0.490802 -1 -0.677963 -1 -1 -1 -1 -1 -0.63052 -0.0358371 -1 -1 -1 -0.6481 -1 -0.705373 -1 -0.76039 1 -1 -1 0.566292 -0.754983 -0.966245 -1 -0.16627 0.140574 -1 -1 -0.695502 -1 0.4764 1 -1 -1 -0.832396 -1 -0.155126 -1 -0.855637 -0.952315 -1 -0.648621 -1 -0.681469 -1 -1 0.63531 -0.785427 0.164121 -1 -1 -1 -0.345423 -1 -1 -1 -1 -1 -1 -1 -1 -0.334142 0.126206 -0.224113 -1 -0.752257 -0.605231 -1 -0.898947 -1 -0.772943 -1 -0.27561 -0.308475 -0.412699 -0.57093 0.695659 -0.436273 -1 -0.0942313 -0.522932 -0.681423 -1 -1 0.143022 0.896641 -1 -1 
-0.0333694 -0.16968 0.854443 0.657414 0.58888 0.680767 0.36784 -0.688332 0.499126 0.813983 -1 -1 -0.918714 -1 -0.863505 -0.0813364 -0.482098 -0.361934 0.232102 -1 -0.00875244 -0.269309 -0.315263 -0.157672 -0.817409 0.111094 0.892196 -0.0597759 -0.447337 0.1441 -0.396286 -1 0.536558 0.597329 0.0982494 -0.276864 1 0.826235 -0.434791 0.776108 -0.815442 -1 0.488504 0.634727 -0.102932 0.453613 -1 -1 0.529139 0.342476 0.137902 -1 -0.715418 0.811253 0.893839 -1 0.51822 0.58919 -0.207813 0.0747917 -1 0.894288 -0.173247 -0.649268 -0.757064 0.976348 0.757181 0.721039 0.0333626 0.643548 0.25313 0.9474 -0.753811 -0.418768 0.391999 0.11672 0.849292 0.960005 -0.927555 -0.26767 -0.152989 -1 -1 -1 -1 -0.391919 0.250233 -0.830153 -1 -0.33825 -0.248733 0.322826 -0.43441 -0.954839 -0.424684 -0.739671 -0.199545 -0.364445 0.553219 -1 0.926685 -0.0908756 0.0224846 0.127257 -0.251094 -0.126004 -0.190219 -1 -0.573018 0.510912 -0.0397567 -0.895436 -0.140345 0.460739 0.276192 -1 -1 -1 -0.633073 -1 -1 -1 0.270705 -0.932057 -0.273246 -0.963967 -1 0.777088 -0.700694 -1 -0.915797 -1 0.110893 0.139593 -1 0.331258 -0.381948 1 
-1 -0.572597 -0.221389 -0.0969174 0.723077 -0.141653 -0.917855 -0.0776136 -0.607631 -1 -0.0902747 -0.290311 -1 0.133567 -0.0780614 -0.864164 -1 0.201226 -1 0.293222 -0.254747 0.320177 -0.160773 -1 -1 -0.517611 0.635178 -0.647788 1 -0.502696 -0.762958 -0.281173 -0.238017 0.176012 -0.664074 -0.956714 0.399528 -1 0.702617 -1 -1 -1 -0.786907 -0.993035 -0.0439897 -1 -0.842615 -0.292403 -1 0.288096 0.677816 -1 0.369098 -0.073365 -0.779076 -0.635624 -1 -1 0.030477 -1 -1 -1 -1 -0.830558 -1 -0.349801 -1 -1 0.120355 -1 -1 -0.963592 -0.699186 -1 -1 -0.655452 0.287972 -0.814438 -0.686955 -1 0.131552 -1 -1 -1 0.112263 0.406608 -0.578141 -0.448144 -0.0601817 -0.768 -1 0.562796 -0.379171 -1 -1 -1 0.560211 -0.772665 -0.351143 -0.202161 0.264467 -1 -1 -1 -1 0.239074 -1 -0.987659 -1 -1 -0.990418 -1 -0.276275 -1 -0.137214 -0.272479 -1 -0.58248 0.657398 0.541319 -1 -1 0.987487 -0.202364 0.581954 0.187654 -1 -1 0.941669 0.583109 -1 0.0328733 -0.763672 -0.462116 -0.313142 -0.499932 -0.172615 -1 
-0.874921 -1 -0.65215 -0.967049 -1 -1 -0.93329 -1 -1 0.774425 -0.834393 -1 0.334822 -1 -0.906891 -1 -0.975796 0.806217 -1 -0.854585 -1 -1 -1 -0.254119 -1 -1 -0.735974 0.710848 -1 -1 -1 -1 -1 -1 -0.497968 -1 -1 -1 -1 -1 -1 0.364427 -1 -1 -0.221139 0.213161 -1 -1 -1 0.490802 -1 -1 -1 -1 -1 -1 -1 -0.63052 -0.0358371 -1 -1 -1 -1 -0.862391 -1 -1 -1 1 -1 -0.957016 0.566292 -1 -1 -1 -0.553951 0.435546 -1 -1 -0.852326 -1 0.650492 0.0112526 -1 -1 -1 -1 -0.116113 -0.836598 -1 -1 -1 -1 -1 -0.787095 -1 -1 0.50466 -0.742211 -0.056349 -1 -1 -0.757261 -0.171035 -1 -1 -1 -0.269146 -1 -1 -1 -0.976136 -1 -0.0197185 0.0750789 -1 -0.752257 -0.605231 -1 -0.626046 -1 -1 -1 -0.27561 -0.268776 -0.412699 -0.789316 0.695659 -0.436273 -0.938285 0.124959 -0.592748 -1 -1 -0.705765 0.175185 0.896641 -0.933255 -0.327054 
-0.999307 0.536921 0.0730775 -1 0.332095 -0.527138 -0.978222 0.292029 -1 -0.252563 -0.0902747 0.0955079 -0.727031 1 -0.777703 -1 1 0.514571 -1 -0.591966 -0.230859 0.230956 -0.0448784 -0.856632 -1 0.102891 0.418107 -1 0.0863607 -0.340144 -1 -0.613477 -1 0.695055 -0.396381 -1 0.319723 -1 0.0598138 -0.847891 0.00486159 -0.151541 -0.724485 -0.993035 -0.0439897 -0.695472 -1 0.145128 0.0291886 0.0950071 0.0558007 -0.462909 0.819772 0.451665 -1 -1 -0.915887 -0.750188 -0.275411 -0.282865 -1 -0.904083 -0.857443 -0.0879847 -1 -0.11014 -0.647383 -0.787147 0.66647 -1 -1 -1 -1 -0.821405 -1 0.446775 0.434182 -1 -1 -0.807221 0.131552 -0.660714 -0.497398 -1 -0.206432 0.615608 0.131083 0.15411 -0.00967789 -1 -0.490709 -0.483979 -0.955803 -1 -1 -0.657274 0.234029 -0.656663 -1 -0.062023 0.264467 -1 -1 -1 -0.327705 1 0.206555 -0.260537 -1 -0.71058 -0.744323 -0.314617 -0.928017 -0.731879 -1 0.160333 -1 0.607746 -0.614764 0.541319 -0.699692 -1 0.164925 -0.613275 -0.673341 0.15052 -1 -1 0.579199 0.61905 -0.234547 0.479397 -0.615984 -0.900562 0.108464 -0.54204 -0.124944 -0.530453 
0.205038 -0.121153 0.539817 -1 -0.302813 -1 -0.979886 -1 -1 -0.395833 -0.958385 1 -0.0720634 -1 -1 -1 -1 -1 -0.490284 -1 -0.629457 -0.857019 -0.668884 -0.863555 0.144912 -0.897255 -1 -1 -1 0.464068 0.443583 0.322282 -0.702744 -0.564056 -0.843956 -1 0.52714 -0.587228 -0.378503 -1 -0.681981 -1 1 -0.534981 0.0387056 -0.584338 -0.184326 -0.419924 -0.895154 -1 0.156417 -1 0.502824 -0.943371 -0.925473 -1 0.799861 0.532441 0.91396 -0.873271 0.397631 -1 -0.874272 -0.324632 -1 -0.281006 -1 -0.525328 -1 -0.34248 -0.374238 -1 0.348711 -0.233845 -1 -0.265173 -0.70876 -0.168147 -1 -0.413168 -1 -0.880654 -1 -0.31541 -0.0925686 -0.233269 -0.818889 -0.172237 0.647528 -1 -1 -0.733573 0.113613 -1 0.783305 0.146749 -1 -0.151735 -0.871105 0.286337 -1 -0.695179 0.840727 -1 -1 -0.54444 -0.474108 -1 -1 -0.930824 -0.0599901 -1 -1 -1 -0.696283 -0.62666 0.936765 0.340092 0.840775 -1 -1 0.239707 -1 -0.922572 0.43017 0.0269222 0.820417 -1 -0.36865 -0.660922 -0.855192 -0.805393 -0.730408 -0.0652758 1 -1 0.0917827 -1 
-1 -0.312938 -1 -1 -1 -1 0.830633 -0.75732 -1 0.0790891 -0.881076 -1 0.134882 -1 -1 -1 -0.313675 -0.844934 -1 -1 -1 -0.603997 -0.641146 -0.361824 -0.967551 -0.654657 -0.462929 0.440326 -1 -1 -1 -0.54924 -1 -1 -0.892348 -1 -0.495221 -1 0.768252 -1 -1 -0.352163 -1 -0.865998 -0.647994 -0.194351 -0.366296 -0.745622 -0.393641 0.668468 -0.785128 -0.858736 -1 -1 -0.858128 -0.660072 -1 -0.2748 0.821957 -1 -0.629674 -0.860009 -0.826289 -1 -0.669169 -1 -0.685116 -0.261388 -1 -1 0.82052 -0.968009 -0.791745 -1 -0.0624002 -0.714143 -1 -0.886983 -0.0824749 -1 -0.42759 -0.350513 -1 -1 -1 -1 0.245018 -0.938341 -1 -1 -0.618359 -1 -0.823786 -1 -1 -1 1 -1 -0.730309 -0.782041 -1 -1 -0.345423 -0.212814 -0.952576 0.0823293 0.0966389 -0.648645 -1 -1 -0.456484 -0.0728199 0.377069 0.162062 -1 -1 0.121128 -0.648404 -1 -1 -1 -1 -1 -0.874206 -0.659769 0.435894 0.809297 -0.135556 -0.978696 0.269339 -0.00284433 -1 -0.786801 -0.818218 -0.0685636 0.818175 -1 -0.709647 
-0.900874 -1 -1 -1 -0.890768 -1 -1 -0.76291 -1 -0.85485 -1 -0.702571 1 -0.839902 -0.825707 -1 -1 -1 -1 -0.828431 -0.56591 -1 -1 -1 -0.0176675 -0.673495 -0.914881 -0.738977 0.133815 -0.310469 -1 0.806315 -0.890155 -1 -1 -0.0657322 -0.85191 -1 0.180203 -1 -1 -1 -1 -1 -0.60617 -1 -1 -0.214783 -1 0.0299924 -0.253903 -1 -1 -1 -0.80344 -0.641514 -0.90551 -1 -1 -1 -0.697572 -6.97374e-06 -0.267979 -0.304694 -1 -0.726844 -0.919308 -1 -1 -0.134779 -0.713358 -0.0395419 -0.876131 -0.663662 -0.863686 -1 -1 -0.677658 -0.570123 -0.606483 -1 -0.58898 -0.573341 -0.634278 -1 -1 -0.678199 -1 -1 -1 -1 -1 -1 -1 -1 -0.40104 -1 -1 -1 -1 0.15165 -0.408319 -0.709739 -0.135833 -1 -1 -0.694468 -1 -0.421647 -0.653712 -0.545721 -1 -0.947035 -1 -0.261661 -1 -1 -0.997666 -0.146676 -0.829429 0.0418642 -0.899294 -0.827731 -0.842462 -0.947949 -1 0.229262 -1 -1 -1 -1 -1 -1 -1 -0.823998 -1 -1 -1 
-0.204526 -0.75711 -1 -0.749099 -1 -1 -0.583816 -0.440937 -1 -1 -1 -1 -1 -1 -1 -1 -1 -1 -1 -0.669601 -1 -0.291167 -1 -1 -1 -1 -0.812698 -1 -0.850849 -0.420976 -1 -0.464144 -0.245334 -1 -1 -1 -1 -0.280598 -1 -1 -1 -1 -0.846047 -1 -1 -0.966721 -0.853283 -1 -0.315515 0.0720966 -0.272066 -1 -1 -0.951698 -1 -1 -1 -1 -0.587637 -0.618272 -1 -0.825647 -1 -1 -0.421353 -1 -1 -1 -0.982827 -1 -1 -0.626526 -1 -0.938459 -1 -0.886869 -0.955819 -1 -0.69866 0.559876 -1 -0.776993 -0.652059 -0.807564 -1 -1 -0.946613 -0.89709 -1 -0.970863 -1 -1 -1 0.027781 -0.820675 -1 -1 -1 0.0260572 -1 -0.876079 -0.222041 -1 -1 -1 -1 -0.842329 -1 -0.246523 -0.961764 -1 -0.69234 0.379327 -0.881808 0.494311 -1 -1 -0.147037 -1 -1 0.285762 -0.677694 -1 -1 -1 -0.68365 0.99861 -0.917883 -1 -1 -0.669042 -1 -1 -1 -0.56367 -1 -1 -1 
-1 -1 -1 -1 -1 -0.211236 -1 -1 -1 -0.713159 -0.715901 -1 -1 -1 -0.730147 -1 -1 -1 -1 -1 -0.76843 -1 -0.811401 -1 -1 -1 -1 -0.661944 -0.61835 -1 -0.909827 -1 -1 -1 -1 -0.966026 -1 -1 -1 -1 -0.826477 -1 -1 -0.958797 -1 -0.626157 -1 -1 -1 -1 -0.995744 -1 -1 -0.794763 -1 -1 -1 -0.33619 -0.634066 -0.917239 -1 -1 -1 -0.728407 -1 -0.833767 -1 -1 -1 0.0403574 -1 -1 -1 -1 -0.800253 -1 -1 -1 -0.625015 -1 -0.658909 -1 -1 -0.548824 -1 -1 -1 -1 -0.579785 -1 -0.891164 -0.871193 -1 -1 -1 -0.0824352 -1 -1 -0.619544 -1 -0.660869 0.963101 -0.93257 -1 -1 -1 -1 -1 -0.973756 -1 -1 -1 -0.997734 -0.822523 -1 -1 -0.391684 -1 -0.0105665 -1 0.8619 -0.641805 -0.669049 -1 -0.8576 -1 1 -1 -1 -1 -1 -0.718869 -0.643669 -1 -0.888309 -1 -1 -1 
-1 0.112378 -0.490891 -1 -1 -1 0.0916462 -1 -1 -0.0110552 -1 -1 0.408358 -0.55104 -0.344712 -0.851625 -1 -0.709627 -1 -0.0669139 0.721102 -1 -1 -0.408953 -0.657715 -1 -0.604903 -0.572369 -0.307522 -0.0515187 -0.692258 -0.976095 -1 1 -0.983155 -1 -0.365884 -1 -1 -1 -0.836981 -0.12263 0.214864 0.117583 -0.708592 -1 -1 -0.340406 -1 -0.638011 -0.213845 0.846284 1 -0.622758 -0.978841 0.207956 0.680301 -1 -0.0212985 -0.531567 -0.7205 -1 0.768848 -0.0670532 -1 -0.536894 0.0719978 -0.732575 0.975995 -0.0514553 -0.474474 -0.179542 -0.244929 -0.206648 0.134563 -1 -1 0.126035 -0.63782 -0.0175037 -0.837672 -0.650738 0.490793 -0.835396 -1 -0.618932 -1 -1 -1 0.148767 -0.995646 -1 -1 -0.352209 -0.112152 0.198828 0.816386 -1 -1 -0.470009 -1 -1 -0.521793 -0.156764 -1 -0.927892 -0.462654 -0.820636 -1 -1 0.892664 -0.997274 -0.324254 -0.881233 -0.873366 0.840616 -1 -0.454378 -1 0.269922 -0.311963 -0.0529171 -0.849213 0.61573 0.488062 0.366542 0.502265 -1 -1 -0.614854 0.351528 -1 -1 -1 1 -1 -0.34953 -1 
-1 -1 -1 -1 -1 -1 -0.439903 -1 -1 0.236599 -1 -1 0.141115 -1 -1 -1 -1 0.666483 -0.691592 -0.854585 -1 -0.652999 -1 -1 -1 -1 -1 0.710848 -1 -0.895566 -1 -0.213882 -1 -1 -0.497968 -0.817913 -1 -1 -0.133924 -1 -1 -0.180676 -1 -0.791718 -0.221139 -0.191532 -1 -1 -1 0.490802 -1 -1 -1 -1 -0.843739 -1 -1 -1 -0.0358371 -1 -1 -1 -0.6481 -1 -1 -1 -1 1 -1 -1 0.566292 -0.869521 -0.966245 -1 -0.16627 0.148053 -1 -1 -1 -0.907467 -1 -0.280009 -1 -1 -1 -1 -0.227488 -1 -0.647395 -0.952315 -1 -1 -1 -0.681469 -0.942817 -1 0.63531 -1 -0.971847 -1 -1 -0.564128 -0.640599 -1 -1 -1 -1 -1 -1 -1 -1 -0.0138387 -1 0.0750789 -1 -0.810446 -1 -1 -0.873145 -1 -1 -1 -0.291869 -0.379542 -0.412699 -0.166894 -1 -1 -1 0.226156 -1 -1 -1 -1 -0.664878 0.198633 -1 -1 
-0.506401 0.112378 0.488428 -1 -1 -1 0.462395 -1 -1 -0.0110552 -1 -1 -0.118454 -0.55104 -0.465383 -0.851625 -1 -1 -0.234175 -0.353313 0.769036 -1 -1 -0.408953 -1 -1 -0.604903 -0.572369 -0.307522 -0.475099 -0.454957 -0.628994 -0.967976 0.773203 -0.29022 -1 0.00137186 -1 -1 -1 -0.836981 -0.870847 0.214864 0.117583 -0.770045 -1 -1 -1 -0.692078 -0.638011 -0.860081 0.119826 1 -0.622758 -0.978841 0.207956 0.680301 -1 -0.10191 -0.531567 -0.949017 -1 0.768848 -1 -1 0.17098 -0.166629 -0.732575 0.975995 -0.0514553 0.455795 -0.179542 -0.244929 -0.206648 0.134563 -0.834611 -1 -0.066182 -0.63782 -0.0175037 -0.837672 -0.650738 0.490793 -0.835396 -1 -0.618932 -1 -1 -1 0.148767 -0.153834 -1 -0.796832 -0.352209 -0.112152 -0.59559 1 -0.440664 -1 0.2504 -1 -1 -0.628078 -0.156764 -1 -0.799859 -0.462654 -0.820636 -1 -1 0.428804 -0.20529 -0.324254 -0.881233 -1 0.840616 -1 -1 -1 -0.894177 -1 -0.0529171 -0.849213 0.486086 0.488062 -0.509487 0.502265 -0.869713 -1 -0.614854 0.485978 -1 -1 -1 1 -1 -0.938739 -1 
-1 -1 -1 -0.967049 -1 -1 -0.641622 -1 -0.50434 0.774425 -1 -1 0.334822 -1 -1 -1 -1 1 -0.503232 -0.854585 -0.972261 -1 -1 -0.361824 -1 -1 -0.83994 0.710848 -1 -1 -1 0.00240713 -1 -1 -0.497968 -1 -1 -1 -0.0172819 -1 -1 0.364427 -1 -1 -0.221139 -0.315835 -1 -1 -1 0.490802 -1 -0.677963 -1 -1 -1 -1 -1 -0.63052 -0.0358371 -1 -1 -1 -0.597147 -1 -0.639488 -1 -0.76039 1 -1 -1 0.566292 -1 -0.966245 -1 -0.16627 0.384793 -1 -1 -1 -0.907467 0.577412 1 -1 -1 -1 -1 -0.155126 -1 -0.855637 -0.952315 -1 -1 -1 -0.681469 -1 -1 0.63531 -0.785427 0.164121 -1 -1 -0.564128 -0.345423 -1 -1 -1 -1 -1 -1 -1 -1 -0.334142 0.126206 0.0750789 -1 -0.752257 -0.605231 -1 -0.898947 -1 -1 -1 -0.27561 -0.379542 -0.282635 -0.166894 0.695659 -0.436273 -1 0.102194 -0.522932 -0.844537 -1 -1 0.143022 0.896641 -1 -1 
-1 -1 -1 -0.953067 -1 -1 -1 -1 -0.899469 -1 -1 -1 -1 -1 -0.844558 -0.729536 -0.726172 -1 -1 -0.905949 -0.920805 -1 -1 -1 -1 -1 -0.8127 -0.757135 -1 -0.711306 -1 -0.274185 -1 -1 -1 -1 -1 -1 -0.888996 -0.85114 -0.96239 -1 -1 -1 -1 -1 -0.687885 -0.6116 -1 -1 -0.893652 -0.993721 -0.723124 -1 -1 -1 -1 -0.941041 -1 -1 -1 -1 -0.553976 -1 -0.511791 -1 -1 -0.959509 -1 -1 -0.831423 -0.876178 -1 -1 -1 -1 -1 -0.798179 -0.817596 -1 -1 -1 -0.66887 -1 -0.769432 -0.610722 -1 -1 -0.257883 -1 -0.713215 -1 -1 -0.711266 -0.945591 -1 -1 -0.939501 -1 -1 -0.524138 -0.19749 -1 -1 -1 -0.70506 -1 -0.641307 -0.607801 -0.990064 -1 -0.617658 -0.285083 -1 -0.899596 -1 -0.793882 -0.822944 -0.753858 -1 0.488615 -0.965895 -1 -0.964139 -1 -1 0.199051 -1 -1 -1 -1 -0.735084 -0.647184 -0.202037 -1 -1 -1 -0.623482 
-0.639209 -0.674593 -1 -1 -1 -1 0.536196 -0.629444 0.514596 -0.776398 -0.921662 -1 0.837518 -0.903247 -1 -1 -0.540336 0.959681 -0.851532 -1 -1 -1 -1 -0.361824 -1 -0.807614 -0.684077 -0.225483 -0.974732 -1 -1 -0.428269 -1 -0.769877 -0.614047 -1 -0.519406 -1 0.253311 -1 -0.0773643 -1 -1 -0.878741 -0.647994 0.457733 -0.949359 -1 -1 0.765928 -0.785128 -1 -1 -1 -1 -1 -1 -1 0.409464 -0.100391 -1 -1 -0.685086 -1 -0.498938 -1 -0.685116 0.633876 -1 -1 1 -1 -1 -0.825888 -0.424309 0.277087 -0.541917 0.992159 0.0429037 -0.882534 0.577412 0.3839 -1 -1 -1 -1 -0.728483 -1 -1 -0.342595 0.389191 -1 -1 -0.78438 -1 -1 0.894771 -0.924659 -0.726151 -1 -1 -0.403871 -0.345423 -0.640193 -0.934309 0.0823293 -0.969724 -1 -1 -1 -0.358954 -1 0.377069 -0.144002 -1 0.221089 -0.563346 -0.560838 -0.479609 -1 -0.841656 -1 -0.810731 -0.434314 -0.412699 0.284041 0.181227 -0.376945 -1 0.16843 0.904277 -1 -1 -1 -0.0688329 0.453054 -1 -0.709647 
-1 0.536921 -0.221389 -0.402935 0.789397 -0.380277 -0.606542 0.601006 -0.940533 -0.0121687 -0.0902747 0.420412 -0.750032 0.776898 -0.325931 -1 -0.0234944 0.840715 -0.756374 0.493376 -0.691617 0.362776 -0.31163 -1 -1 -1 0.418107 -0.254804 0.904001 -0.608805 -1 -0.0332138 -1 -0.163145 -0.649427 -0.654809 -0.710535 -0.97547 0.611369 -1 -0.0495225 0.104643 -0.786907 -0.59328 -1 -1 -0.449107 0.145128 0.135302 -0.219001 0.677816 -0.162506 0.819772 0.451665 -0.956265 -0.950457 -0.715023 -1 0.0288484 -1 -0.893175 -1 0.0148687 -0.682471 -0.0991769 -1 -0.620778 -1 0.41819 -1 -0.604723 -0.491318 -1 -1 -0.608274 0.0764327 -0.656481 -1 -1 -0.561371 -1 -0.706512 -0.497398 -0.71824 -0.0687455 -0.417102 -0.29243 0.153313 -0.703472 -1 -0.42424 0.562796 -0.245983 -1 -1 -0.657274 1 -0.656663 -0.514232 -0.0171421 0.264467 -1 -0.880117 -0.684578 -0.960256 -0.27638 0.0994586 -1 -0.362475 -0.292674 -1 -0.684689 0.0766463 -1 -0.38969 0.1937 -0.97683 0.607746 0.657398 0.541319 -0.570448 -1 0.987487 -1 0.581954 -0.926173 -0.642762 -1 0.58216 -0.333605 -0.234547 0.203989 -1 0.44737 0.20175 -0.499932 0.19575 0.0423664 
-1 -1 -1 -0.967049 -1 -1 -0.641622 -1 -0.50434 0.774425 -0.623867 -1 0.334822 -1 -0.906891 -1 -0.975796 1 -1 -0.854585 -1 -1 -1 -0.266323 -1 -1 -0.735974 0.297029 -1 -1 -1 -0.0236166 -1 -1 -0.661076 -1 -1 -1 -0.0172819 -1 -1 0.358159 -1 -1 -0.221139 0.213161 -1 -1 -1 0.490802 -1 -0.677963 -1 -1 -1 -0.705838 -1 -0.63052 -1 -1 -1 -1 -0.6481 -1 -0.639488 -1 -1 1 -1 -0.957016 -0.531758 -1 -1 -1 -0.6217 0.435546 -1 -0.984085 -0.792029 -0.907467 0.577412 1 -1 -1 -1 -1 -0.155126 -1 -1 -1 -1 -1 -1 -0.416286 -1 -1 0.63531 -0.785427 -0.136264 -1 -1 -0.564128 -0.345423 -1 -1 -1 -1 -1 -1 -1 -1 -0.334142 0.126206 0.0750789 -0.903415 -0.381208 -0.605231 -0.811129 -1 -1 -1 -1 -0.27561 -0.283224 -0.412699 -0.789316 0.695659 -0.436273 -0.938285 0.102194 -0.522932 -1 -0.71757 -1 0.143022 0.896641 -1 -1 
-1 -1 -0.790701 -1 -1 -0.387791 -1 -1 -1 -1 -0.734446 -1 -1 -0.752894 -0.662667 -1 -0.902065 -1 -1 -1 -0.76843 -0.96631 -1 -1 -1 -1 -1 -0.661944 -1 -1 -1 -1 -1 -1 -1 -0.694324 -1 -1 -1 -1 -1 -1 -1 -1 -1 -1 -0.97212 -0.69357 -1 -0.99905 -1 -0.636324 -1 -1 -1 -0.959219 -1 -0.739322 -1 -1 -0.981049 -1 -1 -0.629524 -0.549845 -0.854183 -1 -0.667855 -1 -0.599522 -0.664389 -0.727414 -1 -0.922206 -0.800253 -1 -1 -0.651505 -0.755022 -1 -0.84565 -1 -1 -1 -0.983126 -1 -1 -1 -0.493768 -1 -0.741389 -0.871193 -1 -1 -1 -0.0824352 -1 -1 -1 -0.919429 -0.485332 0.321622 -0.535356 -1 -1 -1 -0.598823 -1 -0.942577 -1 -0.678983 -1 -0.528973 -0.698112 -1 -1 0.101157 -1 -0.0105665 -1 0.435369 -1 -0.669049 -1 -0.699887 -1 0.851115 -1 -1 -1 -1 -0.731739 -1 -1 -0.827121 -1 -1 -1 
0.153773 0.112378 -0.171878 -1 -0.766295 -1 -0.855704 -1 -1 -0.373977 -1 -1 0.59202 -0.55104 -0.663441 -0.640306 -1 -0.709627 -0.234175 -0.353313 0.721102 -1 -1 -0.690579 -1 -1 -1 -1 -0.554555 0.304989 -0.692258 -0.490326 -1 0.772801 -0.282774 -1 0.148748 -1 -1 -1 -1 0.0296625 0.245306 -0.756984 -1 -1 -1 -0.340406 -1 -0.638011 -0.213845 -0.564699 1 -0.736081 -0.611794 0.0922095 0.740607 -1 -0.0212985 -0.531567 -0.7205 -1 0.768848 -0.388483 -1 0.17098 0.367787 -0.732575 0.330336 -0.759824 0.616554 -0.179542 -0.244929 -0.206648 0.221256 -1 -1 -0.066182 -0.63782 -0.910829 -0.731854 -0.650738 0.490793 -1 -1 -0.618932 -0.846382 -1 -1 0.409205 -0.768388 -1 -1 -1 -0.825833 0.0554578 -1 -1 -1 -0.486123 -1 -1 -0.355212 -0.156764 -1 -0.950337 -0.9395 -1 -1 -1 0.892664 -1 -1 -0.834903 -0.873366 0.854342 -0.755755 -0.454378 -0.897843 0.269922 -0.311963 0.0938746 -1 0.983891 0.352952 -0.0480018 0.698497 -0.869713 -0.733674 -0.614854 -0.335461 -1 -0.607888 -0.838825 1 -1 -0.34953 -0.972843 
-1 -1 -1 -1 -1 -1 0.296406 -1 -0.28189 0.396896 -1 -0.663517 -0.609708 -1 -1 -0.990976 -0.358714 0.959681 -0.775619 -1 -1 -1 -1 -0.47463 -0.929519 -1 -0.462929 0.710848 -0.974732 -1 -0.958492 -0.54924 -1 -1 -0.614047 -1 -0.495221 -1 -1 -1 -0.380933 0.274431 -1 -0.878741 -0.647994 -0.523022 -1 -1 -1 0.582286 -0.592717 -0.949717 -0.89186 -1 -1 -1 -0.636068 -0.150209 -1 -0.411459 -0.831213 -1 -0.735574 -1 -1 -0.983922 -1 -1 -0.519426 -1 1 -1 -0.546418 -1 -1 0.82705 -0.541917 -0.0194302 0.934762 -0.882534 0.629972 1 -1 -1 -1 -0.721804 -0.00234327 -1 -1 -1 0.656746 -1 -1 -0.713632 -0.644268 -1 0.365785 -1 -1 -0.931306 -1 -1 -0.404062 -1 -1 0.218992 -1 -1 -0.663798 -0.891534 -0.217356 -0.27607 0.377069 0.162062 -0.81968 -0.619805 -1 -0.392084 -0.771587 -1 -0.61535 -1 -0.303867 -0.700595 -0.412699 -0.450151 0.062215 -0.37894 -1 0.523638 1 -1 -1 -1 0.304345 -0.378782 -1 -1 
-1 -1 -1 -0.88662 -1 -1 -1 -1 -0.173241 0.774425 -1 -0.86196 0.147738 -1 -0.906891 -1 -1 1 -0.645361 -1 -1 -1 -1 -0.361824 -1 -0.8839 -1 0.540791 -0.726904 -1 -1 0.00240713 -0.930344 -1 -0.497968 -1 -1 -1 -0.594585 -1 -1 0.259178 -1 -1 -0.221139 -0.315835 -1 -1 -1 0.490802 -1 -0.677963 -1 -1 -1 -0.824985 -1 -0.63052 -0.0358371 -1 -1 -1 -0.6481 -1 -0.705373 -1 -0.76039 1 -1 -1 0.566292 -0.754983 -0.966245 -1 -0.16627 0.140574 -1 -1 -1 -1 0.4764 1 -1 -1 -0.832396 -1 -0.155126 -1 -0.855637 -0.952315 -0.891223 -0.648621 -1 -1 -1 -1 0.63531 -0.785427 0.31293 -1 -1 -1 -1 -1 -1 -1 -1 -1 -1 -1 -0.672923 -0.334142 0.126206 -0.224113 -0.616974 -0.752257 -0.635792 -1 -0.898947 -1 -0.772943 -1 -0.27561 -0.308475 -0.412699 -0.57093 0.695659 -0.436273 -1 -0.0942313 -0.671085 -0.681423 -1 -1 0.311749 0.896641 -1 -1 
-1 -1 -1 -1 -0.788773 -1 -0.958142 -0.944339 -1 -1 -0.715901 -1 -1 -1 -0.508336 -1 -1 -1 -0.747442 -1 -0.76843 -0.96631 -1 -1 -1 -1 -1 -0.661944 -1 -1 -0.909827 -1 -0.81564 -1 -1 -0.966026 -0.689256 -1 -1 -1 -0.826477 -1 -0.853607 -1 -0.862449 -0.626157 -1 -1 -1 -1 -0.720544 -0.648703 -0.909072 -0.938822 -1 -1 -1 -1 -1 -0.870675 -1 -1 -1 -0.629524 -0.577868 -0.833767 -1 -1 -1 0.0403574 -1 -1 -1 -1 -0.800253 -1 -1 -1 -1 -0.938782 -1 -1 -1 -0.994236 -1 -1 -1 -1 -0.579785 -1 -0.891164 -0.871193 -1 -1 -1 -1 -1 -1 -1 -1 -0.660869 0.963101 -0.702449 -1 -1 -1 -1 -0.85031 -0.863827 -1 -1 -1 -0.528973 -1 -1 -1 -1 -1 0.331347 -1 0.8619 -1 -0.669049 -1 -0.611174 -1 1 -1 -1 -0.670524 -1 -0.804241 -0.643669 -0.901811 -1 -0.863879 -1 -1 
-1 -0.6708 -1 -0.67794 -1 -0.78438 0.830633 -1 -1 -0.415141 -1 -1 0.134882 -1 -0.967407 -1 -0.358714 0.468898 -1 -1 -1 -1 -1 -0.361824 -0.967551 -0.654657 -0.462929 0.710848 -1 -1 -1 -0.54924 -0.849733 -1 -0.892348 -1 -0.495221 -1 0.768252 -1 -0.789243 -1 -1 -0.865998 -0.647994 -0.188383 -0.975509 -1 -0.393641 0.713815 -1 -0.687515 -1 -1 -1 -1 -1 -1 0.821957 -1 -1 -0.860009 -1 -1 -1 -0.658827 -0.685116 0.275235 -0.776387 -1 1 -0.968009 -1 -1 -0.424309 -0.24755 -1 0.0168322 -0.0824749 -1 0.577412 -1 -1 -1 -1 -0.848408 -0.489568 -1 -1 -1 -0.578454 -1 -1 -1 -1 -1 0.540187 -1 -1 -1 -1 -1 -0.0376799 0.276404 -0.952576 0.0823293 0.0966389 -0.648645 -1 -0.891534 -1 -0.430608 0.0896685 -0.824027 -1 -0.691421 -0.188986 -1 -0.754403 -0.87088 -1 -1 -1 -0.379542 -0.398696 0.435894 -1 -0.717079 -0.785887 0.957737 0.56269 -1 -0.786801 -1 -0.639928 0.818175 -1 -0.460943 
-1 -1 -1 -0.967049 -1 -1 -0.641622 -1 -1 0.774425 -1 -1 0.334822 -1 -1 -1 -1 1 -0.503232 -1 -0.972261 -1 -1 -0.361824 -1 -1 -0.83994 0.710848 -1 -0.730083 -1 0.00240713 -1 -1 -0.497968 -1 -1 -1 -0.0172819 -1 -1 0.364427 -1 -1 -0.221139 -0.727231 -1 -1 -1 0.668281 -1 -0.677963 -1 -1 -1 -1 -1 -0.63052 -0.0358371 -0.605227 -1 -1 -0.597147 -1 -0.639488 -1 -0.76039 0.502846 -1 -1 0.566292 -0.693703 -0.966245 -1 -0.16627 0.384793 -1 -1 -1 -0.907467 0.577412 0.0341281 -1 -1 -1 -1 -0.581969 -1 -0.855637 -0.952315 -0.612559 -1 -1 -0.695563 -1 -1 0.63531 -0.785427 -0.999844 -1 -1 -0.564128 -0.345423 -1 -1 -1 -1 -1 -1 -1 -1 -0.334142 0.126206 0.0750789 -1 -0.752257 -0.605231 -0.649148 -0.898947 -1 -0.872944 -1 -0.926834 -0.379542 -0.442163 -0.166894 0.695659 -0.436273 -1 0.102194 -0.522932 -0.844537 -1 -1 0.143022 0.869165 -1 -1 
-0.834486 -1 -1 -0.967049 -1 -1 -0.35719 -0.932556 -0.708994 0.143907 -1 -1 0.602582 -1 -0.818478 -1 -0.959866 -0.114512 -1 -0.321524 -1 -1 -1 -1 -1 -1 0.327777 -0.648314 -0.770117 -0.946862 -1 -1 -1 -1 -0.683576 -1 -1 -1 -0.565049 -0.538112 -0.855109 0.263577 -1 -1 -0.397913 -0.970776 -1 -1 -1 -0.964373 -1 -1 -1 -1 -1 -1 -1 -0.265854 -1 -1 -0.617799 -0.836482 -1 -1 -0.478523 -1 -0.253456 1 -1 -0.957016 -0.182153 -1 -1 -1 -0.845997 0.0862383 -1 -0.991184 -0.27943 -1 0.577412 -0.11428 -1 -1 -0.900276 -1 0.489201 -0.825648 -1 -0.952315 -1 -1 -1 -1 -1 -0.984828 -0.295491 -0.785427 0.367482 -1 -1 -1 -0.670396 -1 -1 -1 -1 -1 -1 -1 -1 -0.334142 0.108935 -0.949336 -1 -0.752257 -0.0273932 -0.58199 -0.899844 -0.598178 -1 -0.633236 0.103443 -0.711421 -0.931767 -0.167821 0.0693446 -0.246599 -0.873358 -0.141798 -0.456896 -1 -1 -0.789486 0.0992145 -0.309791 -1 -1 
-0.861512 -1 -0.696624 -1 -1 -1 -0.994752 -0.510142 -1 -0.836843 -0.398947 -1 -0.673579 -0.184285 -1 -0.197276 -1 -1 -0.668217 -0.932816 -1 -0.694506 -0.34998 -0.203323 0.414238 -1 -1 -0.581031 -1 -1 -0.585443 -0.876097 -1 -1 -0.94167 -1 -1 -0.572106 -1 0.0454696 -0.830778 -1 -1 -0.538507 -0.816207 -0.438913 -0.95564 -0.814185 -0.601575 -0.786206 0.629075 -0.708085 -1 -0.175565 -1 -0.954182 0.108477 -1 -0.220758 -1 -0.423516 -1 -1 -1 -1 -0.856421 -1 -1 -1 -1 -1 -1 -0.177986 -0.319483 -1 -1 -1 -1 -1 -1 -0.76981 0.333201 -1 -1 0.403712 -1 -1 -1 -0.0770242 -1 0.322531 -1 -1 -1 0.264474 -0.815924 0.489367 -0.470031 -0.217071 -1 -0.567022 -0.839267 0.000176013 -1 0.152555 0.994545 0.182336 -1 -1 -0.844855 -0.369057 -0.612588 -0.341591 -1 -0.370078 -0.525772 -0.645473 -1 -0.762463 -0.281684 1 0.72526 -1 0.0729523 -1 -0.0437692 -1 -0.976958 0.507874 -0.415437 -1 -1 -1 -0.819301 -1 -1 -1 -0.187009 
-1 0.536921 -0.221389 -0.402935 0.789397 -0.380277 -0.606542 0.601006 -0.940533 -0.0121687 -0.0902747 0.420412 -0.750032 0.776898 -0.178703 -1 0.941378 0.840715 -0.756374 0.493376 -0.200158 0.320177 -0.0448784 -0.943515 -1 -0.902742 0.418107 -0.647788 0.904001 -0.315407 -1 -0.0332138 -1 -0.163145 -0.664074 -0.956714 -0.710535 -0.97547 0.702617 -1 -0.0495225 0.104643 -0.786907 -0.993035 -1 -1 -0.449107 0.145128 0.135302 -0.224425 0.677816 -0.162506 0.819772 0.451665 -0.779076 -0.635624 -0.915887 -1 0.0288484 -0.599654 -0.893175 -1 0.0148687 -0.219562 -0.0991769 -1 -0.652179 -0.997903 0.66647 -1 -0.604723 -0.827154 -1 -1 -0.927648 0.302377 -0.227531 -0.37396 -1 -0.561371 -0.40199 -0.660714 -0.497398 -0.71824 -0.206432 0.279668 -0.29243 0.15411 -0.703472 -1 -0.42424 0.562796 0.273133 -1 -1 -0.657274 1 -0.656663 -0.514232 -0.0171421 0.264467 -1 -0.996994 0.235371 0.100417 0.676938 0.0994586 -1 -0.362475 -0.292674 -0.990418 -0.433979 0.114494 -1 -0.527006 0.80441 -0.97683 0.607746 0.657398 0.541319 -0.570448 -1 0.987487 -0.476225 0.581954 0.0991557 -0.642762 -0.669322 0.58216 -0.333605 -0.234547 0.203989 -1 0.44737 0.20175 -0.499932 0.19575 0.0423664 
-1 0.536921 -0.221389 -0.342812 0.723077 0.0133958 -0.606542 0.0189359 -0.607631 -1 0.171429 -0.172189 -1 0.133567 -0.178703 -1 -0.54641 0.0180632 -1 0.465805 -0.200158 0.288065 -0.0448784 -0.943515 -0.684068 -0.517611 0.635178 -1 1 -0.502696 -1 -0.359283 -0.466693 -0.915085 -0.89438 -0.956714 0.399528 -0.97547 0.722128 -1 -0.446053 -0.383679 -0.65925 -0.993035 -0.566725 -0.95917 -1 0.197245 0.451976 0.0950071 0.723144 -0.625488 0.819772 0.538204 -1 -1 -0.915887 -0.890033 -0.257167 -1 -0.893175 -1 -0.991768 -0.383531 -0.961836 -0.0824211 -1 -1 0.377655 -1 -0.448142 -1 -0.885603 -1 -0.789111 0.0961517 0.287972 -0.403344 -1 -1 0.138978 -0.660714 -0.497398 -1 0.112263 0.0706601 -0.329064 -8.7589e-05 0.447227 -0.883921 -0.371726 0.562796 0.0652246 -0.787461 -1 -0.788147 1 -0.656663 -1 0.282073 0.264467 -1 -1 -0.569905 -0.551739 0.474188 -0.392808 -1 -0.362475 -1 -0.990418 -1 0.114494 -1 -0.326266 0.795601 -1 0.44491 -1 -0.61412 -0.920283 -1 0.820171 -0.879879 1 -0.588828 -1 -1 0.537723 0.303915 -0.234547 0.0328733 -0.615984 -0.462116 0.312134 -0.789508 -0.940031 -0.251339 
-0.984276 -1 -1 -1 -1 -1 0.495661 -0.786591 -0.235789 0.396896 -0.923807 -1 0.639438 -1 -1 -0.742898 -1 1 -0.683672 -0.854585 -0.900246 -1 -1 -1 -1 -1 0.485794 -0.785176 -1 -1 -1 -0.0236166 -1 -1 -1 -1 -1 -1 0.32996 -1 -1 -0.0238087 -1 -1 -0.825018 0.089796 -1 -0.891044 -1 -1 -1 -0.848472 -1 -1 -1 -0.851091 -0.539053 -0.555432 0.0364257 -0.641738 -1 -1 -1 -1 -1 -0.86424 -0.58835 -0.20811 -1 -1 -0.472991 -1 -1 -1 -0.493943 0.747997 -1 -1 -0.538437 -1 -1 0.712517 -1 -0.966947 -0.783894 -0.956164 -0.0001432 -0.756686 -1 -1 -1 -0.639677 -1 -0.566004 -1 -1 0.63531 -0.747842 -0.579135 -1 -1 -0.564128 -0.459355 -1 -0.53837 -1 -1 -0.930518 -1 -0.517248 -1 -0.607629 0.150942 -0.737083 -1 -1 -0.563346 -1 -0.89722 -1 -0.865442 -1 -0.248564 -1 -1 -0.952599 1 -1 -1 -0.318971 -0.901109 -1 -1 -1 -0.97466 0.588452 -1 -1 
-1 -1 -1 -0.856357 -1 -1 -0.539314 -1 -0.968031 0.832452 -1 -1 0.334822 -1 -0.906891 -1 -1 0.666483 -0.645361 -0.854585 -1 -0.652999 -1 -0.184534 -1 -1 -1 0.710848 -1 -1 -1 -0.213882 -1 -1 -0.497968 -1 -1 -1 -0.0172819 -1 -1 0.364427 -1 -1 -0.221139 -0.315835 -1 -1 -1 0.490802 -1 -0.83765 -1 -1 -0.843739 -1 -1 -0.63052 -0.0358371 -1 -1 -1 -0.6481 -1 -0.639488 -1 -0.76039 1 -1 -1 0.566292 -0.869521 -0.966245 -1 -0.16627 0.384793 -1 -1 -0.695502 -0.907467 -0.128443 0.601784 -1 -1 -1 -1 -0.227488 -1 -0.855637 -0.952315 -1 -1 -1 -0.681469 -0.942817 -1 0.63531 -1 -0.394 -1 -1 -0.564128 -0.345423 -1 -1 -1 -1 -1 -1 -1 -1 -0.334142 -0.894817 0.0750789 -1 -0.752257 -0.605231 -1 -0.873145 -1 -1 -1 -0.27561 -0.379542 -0.412699 -0.166894 0.695659 -0.436273 -1 0.226156 -0.522932 -0.844537 -1 -1 0.221675 0.198633 -1 -1 
-0.39455 -1 -0.438637 -1 -0.713265 -1 -1 -1 -1 0.130102 -0.958385 1 0.753635 -0.772517 -1 -1 -1 -1 -0.389134 -1 0.319974 -1 -1 -1 0.144912 -1 -1 -1 -0.818464 -1 0.336353 0.322282 -1 -0.279736 -1 -1 -0.838048 -1 -0.611474 -0.938305 -1 -1 0.961118 -1 0.0387056 -1 -0.0873266 0.132 -0.895154 -0.703784 -1 -0.94922 0.502824 -1 -1 -0.328071 -0.670461 0.532441 0.764462 -0.719461 -0.0766083 -1 -0.687199 -0.749894 -0.922297 -1 -1 -0.709629 -1 -1 -0.0743962 -1 -0.830946 -1 -1 -0.743184 -0.914701 -0.106708 -1 -0.413168 -1 -0.565046 -1 -0.0902368 -0.0925686 -0.666263 -0.503221 -0.172237 0.149895 -0.859551 -0.949364 -0.927311 0.209703 -1 0.783305 0.146749 -1 -0.568376 -0.345321 0.342217 -1 -1 -0.790734 -1 -1 -0.191952 0.304209 -0.755563 -1 0.316297 -0.0599901 -1 -0.285586 -0.883664 -0.149002 -1 -0.498515 -0.849594 0.568075 -0.77656 -1 -1 -1 -0.686726 0.43017 -0.488075 0.777704 -1 -0.1081 0.274968 -1 0.393555 -1 1 1 -1 0.636745 -1 
-1 -1 -1 -0.967049 -1 -1 -0.641622 -1 -0.50434 0.774425 -1 -1 0.334822 -1 -0.906891 -1 -1 1 -0.645361 -0.854585 -1 -1 -1 -0.361824 -1 -1 -0.83994 0.710848 -1 -1 -1 0.00240713 -1 -1 -0.497968 -1 -1 -1 -0.0172819 -1 -1 0.364427 -1 -1 -0.221139 -0.315835 -1 -1 -1 0.490802 -1 -0.677963 -1 -1 -1 -1 -1 -0.63052 -0.0358371 -1 -1 -1 -0.6481 -1 -0.639488 -1 -0.76039 1 -1 -1 0.566292 -1 -0.966245 -1 -0.16627 0.384793 -1 -1 -0.695502 -0.907467 0.577412 1 -1 -1 -1 -1 -0.155126 -1 -0.855637 -0.952315 -1 -1 -1 -0.681469 -1 -1 0.63531 -0.785427 0.164121 -1 -1 -0.779365 -0.345423 -1 -1 -1 -1 -1 -1 -1 -1 -0.334142 0.126206 0.0750789 -1 -0.752257 -0.605231 -1 -0.898947 -1 -1 -1 -0.27561 -0.379542 -0.412699 -0.166894 0.695659 -0.436273 -1 0.102194 -0.522932 -0.844537 -1 -1 0.143022 0.896641 -1 -1 
-1 -0.0646117 -0.550379 -0.0969174 0.644641 -1 -0.606542 -0.755027 -0.607631 -1 0.0263804 -0.0142365 -1 -1 -0.724517 -1 -0.54641 0.201226 -1 -1 -1 0.175754 -0.147314 -0.943515 -1 -0.990378 -0.00105613 -0.647881 0.478321 -1 -1 -0.0332138 -0.884421 -1 -1 -1 -0.741027 -0.97547 0.702617 -1 -0.406658 -0.0781383 -1 -0.993035 -0.34398 -0.644781 -0.842615 0.140706 0.0625979 -1 0.108625 -0.690571 -0.246989 -0.848742 -1 -0.908976 -1 -1 -0.257167 -1 -0.893175 -0.904083 -0.21227 -1 -1 -0.196626 -0.882054 -0.843195 -0.410067 -1 -0.448142 -0.628551 -0.885603 -1 -0.789111 -1 0.067437 -0.403344 -1 -1 -0.945555 -1 -1 -0.949372 0.112263 -1 -1 -0.620214 0.202574 -0.883921 -0.371726 -0.0806822 0.273133 -1 -1 -0.657274 0.476736 -1 -0.61966 0.282073 -0.668325 -1 -1 -0.718738 -1 -0.424067 -0.392808 -0.987659 -1 -1 -0.990418 -1 0.0619094 -1 -0.0783221 -0.345993 -1 0.794308 -0.0959905 0.541319 -0.632153 -1 1 -0.476225 0.581954 0.00145268 -1 -1 0.58216 0.303915 -0.234547 0.0328733 -0.887359 -1 0.163531 -1 -0.251795 -1 
-0.787858 0.783302 0.539817 -1 -1 -1 -1 -1 -1 -0.646721 -1 -0.643998 1 -1 -1 -0.932444 -0.699019 -1 -1 -1 -0.539373 -0.69979 -0.668884 -1 0.478309 -0.889559 -1 -1 -0.771791 0.464068 -1 -0.121121 -0.874379 -0.228145 -0.481547 -1 0.52714 -0.526038 -0.378503 -1 -0.681981 -1 0.805733 -0.533904 0.0387056 -0.0668414 -0.407852 0.607592 -0.861716 -1 -1 -1 -0.577814 -1 -0.699742 -1 -0.644808 -0.297755 0.764462 -0.719461 0.397631 -1 -1 -0.324632 -1 -0.937646 -0.708673 -1 -1 -0.135828 -0.862166 -0.834022 0.806141 -0.69312 -1 0.458205 -0.710572 -0.553917 -1 -0.413168 -1 0.391295 -1 -1 -0.241084 0.079101 -0.818889 -1 -0.232771 -1 -1 0.224167 0.113613 -0.886857 -0.361447 -0.173147 -1 -0.151735 -0.179294 -0.936899 -1 -1 0.406389 -0.961471 -1 -0.54444 -0.130254 -1 -0.767889 -0.680185 -0.71508 -0.980674 0.0482868 -0.867108 -1 -0.62666 0.688413 -0.12008 0.745499 -1 -1 0.541898 -1 -0.571615 -0.106799 0.0158241 1 -1 -0.36865 -0.643364 -1 -0.392968 -1 0.552036 0.150086 -1 1 -1 
-1 -1 -1 -0.967049 -1 -0.955246 -1 -1 -0.39837 0.718808 -1 -0.712755 -0.459033 -0.743996 -1 -1 -1 1 -0.778632 -0.905181 -1 -1 -1 -0.90843 -1 -1 -0.83994 -0.590186 -1 -1 -1 0.211091 -1 -1 -1 -0.727658 -1 -1 -0.999506 -0.657037 -1 -1 -1 -1 -0.802601 -0.425504 -1 -0.717381 -0.776042 0.129396 -0.60534 -1 -1 -1 -1 -1 -1 -1 -0.410541 -0.889275 -1 -0.721842 -0.6481 -1 -1 -1 -0.76039 1 -1 -1 0.43845 -1 -0.966245 -1 -0.165383 0.384793 -1 -1 -1 -0.512335 0.577412 0.695956 -1 -1 -1 -1 -0.155126 -0.994814 -0.855637 -0.60622 -0.94762 -1 -0.78324 -0.799068 -0.673063 -1 0.640078 -1 -0.1957 -1 -0.743126 -1 -0.661348 -1 -1 -0.828485 -1 -1 -1 -0.802503 -1 -0.586805 0.126206 0.0750789 -1 -0.752257 -0.605231 -1 -1 -0.82412 -1 -0.626382 -0.27561 -1 -1 -0.166894 -1 -0.979438 -1 -0.0706634 -1 -0.762944 -0.932771 -1 -0.174533 0.0332162 -1 -1 
-1 -1 -1 -0.967049 -1 -1 -0.641622 -0.947857 -0.50434 0.774425 -1 -1 0.334822 -1 -0.906891 -1 -0.975796 1 -1 -0.854585 -1 -1 -1 -0.361824 -1 -1 -0.735974 0.710848 -1 -1 -1 -0.0236166 -1 -1 -0.611529 -0.866456 -1 -0.850807 -0.0172819 -1 -1 0.364427 -1 -1 -0.221139 0.213161 -1 -0.934513 -1 0.490802 -1 -0.677963 -1 -1 -1 -1 -1 -0.63052 -0.0358371 -1 -1 -1 -0.6481 -1 -0.639488 -1 -0.58835 1 -1 -0.957016 0.566292 -1 -1 -1 -0.16627 0.435546 -1 -1 -0.695502 -0.907467 0.577412 1 -1 -1 -1 -1 -0.155126 -1 -1 -0.952315 -1 -1 -1 -0.787095 -1 -1 0.63531 -0.785427 0.302321 -1 -1 -0.564128 -0.345423 -1 -1 -1 -1 -1 -1 -1 -1 -0.334142 0.126206 0.0750789 -1 -0.752257 -0.605231 -1 -0.898947 -0.803922 -1 -1 -0.27561 -0.268776 -0.412699 -0.789316 0.695659 -0.436273 -0.938285 -0.431686 -0.522932 -1 -1 -1 0.143022 0.896641 -1 -1 
