-1 -0.417457 0.234477 -0.0922413 -0.336799 0.350585 0.830435 1 1 -0.257316 -1 0.195436 0.0128869 0.667102 -1 0.394052 -1 -1 -1 -0.296028 -1 -0.133384 -0.402047 -1 -1 0.101475 -0.196378 1 -0.195765 0.465732 -0.964493 0.598716 0.398468 -0.201455 1 -1 -1 -1 -1 -1 0.0653411 0.507619 -0.700493 -0.916937 -0.958181 0.68944 0.464438 -0.0150131 0.159739 -0.82092 -0.374113 -1 -1 -0.63399 0.276678 -0.939335 -1 -0.27627 -0.253251 0.25198 -0.63672 -0.0506332 -0.126651 0.441728 -0.773542 -1 0.293249 0.224115 -0.955627 -0.231223 0.546089 -0.730173 0.0340333 -1 0.126577 -0.634588 0.824843 -1 -0.080353 -1 -0.422607 -0.865062 0.065256 -0.0270309 -0.15714 -0.281277 -0.987013 0.419304 -0.880839 -1 0.12781 -0.64968 0.398254 -1 0.103146 -0.853153 -0.359109 -0.300026 -0.235358 -0.140566 -0.383803 -1 -0.776625 -0.635746 -0.0640351 0.087824 
-0.546906 -0.417457 0.234477 -0.0922413 -0.498081 0.448148 0.816646 0.522735 1 -0.257316 -1 0.195436 -0.147694 0.667102 -0.872338 0.394052 -1 -1 -1 -1 -0.660924 -0.133384 -0.402047 -1 -1 0.342252 -0.196378 1 -0.195765 0.880162 -1 0.403494 0.398468 -0.201455 0.848856 -1 -1 -1 -1 -1 0.497249 0.398589 -0.553817 -0.916937 -0.958181 0.621381 0.464438 -0.0150131 0.155439 -0.82092 -0.374113 -1 -1 -0.63399 0.234283 -0.939335 -1 -0.571122 -0.253251 0.25198 -0.63672 -0.0506332 -0.126651 0.441728 -0.773542 -1 0.293249 0.224115 -0.919444 -0.231223 0.546089 -0.775164 0.0340333 -0.970906 0.126577 -0.634588 0.552786 -1 -0.338475 -1 -0.422607 -0.926091 0.065256 -0.185112 -0.0455948 -0.281277 -0.987013 0.419304 -0.880839 -1 0.12781 -0.606262 0.398254 -1 -0.064208 -1 -0.359109 -0.473253 -0.392058 -0.140566 0.0886079 -1 -0.557044 -0.635746 0.188243 0.165161 
-0.546906 -0.417457 0.234477 -0.0922413 -0.336799 0.375822 0.816646 0.862384 1 -0.257316 -1 0.195436 -0.147694 0.667102 -1 0.394052 -1 -1 -1 -0.436265 -0.660924 -0.133384 -0.402047 -1 -1 0.342252 -0.229633 1 -0.195765 0.880162 -0.964493 0.403494 0.398468 -0.201455 0.848856 -1 -1 -1 -1 -1 0.497249 0.398589 -0.553817 -0.916937 -0.958181 0.621381 0.464438 -0.0150131 0.159739 -0.82092 -0.374113 -1 -1 -0.63399 0.276678 -0.939335 -1 -0.27627 -0.253251 0.25198 -0.63672 -0.0506332 -0.126651 0.441728 -0.773542 -1 0.293249 0.224115 -0.919444 -0.231223 0.546089 -0.775164 0.0340333 -0.970906 0.126577 -0.634588 0.824843 -1 -0.080353 -1 -0.422607 -0.865062 -0.0282599 0.388229 -0.0924588 -0.281277 -0.987013 0.419304 -0.880839 -1 0.12781 -0.606262 0.398254 -1 -0.064208 -0.853153 -0.359109 -0.473253 -0.392058 -0.140566 0.0886079 -1 -0.557044 -0.635746 0.188243 0.165161 
-0.546906 -0.417457 0.234477 -0.0922413 -0.336799 0.160761 0.830435 0.97017 1 -0.257316 -1 0.195436 -0.147694 0.667102 -1 0.282695 -1 -1 -1 -0.436265 -0.660924 -0.133384 -0.402047 -1 -1 0.366129 -0.196378 1 -0.195765 0.620056 -0.964493 0.403494 0.392071 -0.201455 0.274158 -1 -1 -1 -1 -1 0.497249 0.454772 -0.553817 -0.916937 -0.958181 0.621381 0.464438 -0.0150131 0.159739 -0.82092 -0.374113 -1 -1 -0.63399 -0.0935532 -0.939335 -0.86524 -0.874588 -0.253251 -0.29657 -0.63672 -0.0506332 -0.545087 0.246522 -0.773542 -1 0.293249 0.224115 -0.919444 -0.231223 0.546089 -0.908922 0.0340333 -0.970906 -0.303292 -0.634588 0.824843 -1 -0.080353 -1 -0.20827 -0.865062 0.065256 0.440162 -0.0427797 -0.472708 -0.987013 0.419304 -0.880839 -1 0.12781 -0.64968 0.398254 -1 -0.064208 -0.853153 -0.359109 -0.485862 -0.231156 -0.268343 0.0886079 -1 -0.557044 -0.635746 0.188243 -0.168126 
-1 -0.66403 -1 -1 -0.0828236 -0.894743 -1 -1 -1 -1 0.855218 -0.920672 -0.903168 -1 -1 -1 -1 -1 -0.492075 -0.803118 -1 -1 -0.96268 -1 -0.983353 -1 0.606288 -1 0.910243 -0.783785 -1 0.190148 -1 -1 -0.455963 -0.420783 0.0580605 -0.0916803 -1 -1 -1 -1 -0.851223 -1 -0.872599 -1 -1 -1 0.420123 -1 -0.818678 -0.584718 -0.657381 -1 -1 -1 -1 -0.971253 -1 -1 -1 -1 -1 -1 -1 -1 -1 -0.822032 -0.657899 -1 -0.96659 -1 0.486517 -1 -1 -1 -1 0.629994 -1 -0.13435 -1 -1 0.816502 -0.334789 -1 -0.727081 -1 -0.479344 -1 -0.933773 -1 -1 -0.993568 0.910243 -0.902795 -0.176838 0.43661 -0.864345 0.91026 -1 -0.948323 0.700543 -0.983961 -1 -0.846904 -1 
-0.546906 -0.417457 0.234477 -0.0922413 -0.336799 0.448148 0.816646 0.698669 1 -0.241998 -1 -0.11889 -0.147694 0.667102 -1 0.394052 -1 -1 -1 -0.436265 -0.660924 -0.133384 -0.402047 -1 -1 0.342252 -0.196378 1 -0.195765 0.880162 -0.964493 0.403494 0.278887 -0.201455 0.761229 -1 -1 -1 -1 -1 0.497249 0.398589 -0.553817 -0.916937 -0.958181 0.621381 0.464438 -0.0150131 0.159739 -1 -0.374113 -1 -1 -0.63399 0.276678 -0.939335 -0.981042 -0.27627 -0.253251 0.25198 -0.63672 -0.281586 -0.126651 0.441728 -0.773542 -1 0.293249 0.224115 -1 -0.331512 0.546089 -0.775164 0.0340333 -0.970906 0.126577 -0.634588 0.824843 -1 -0.080353 -1 -0.422607 -0.865062 0.065256 0.388229 -0.0924588 -0.281277 -0.987013 0.419304 -0.880839 -1 0.12781 -0.606262 0.398254 -1 -0.064208 -0.853153 -0.359109 -0.473253 -0.392058 -0.00518505 0.0886079 -1 -0.557044 -0.635746 0.188243 0.165161 
-0.0310278 -0.637951 -0.231862 -0.706162 -0.187079 0.33741 0.257941 0.97017 0.0753784 -0.257316 -0.428289 -0.65871 -1 0.722967 -0.817897 -0.159337 -1 -1 -0.51066 -0.991482 0.00914443 -0.680236 -0.060461 -1 -0.942737 -0.398457 -0.0927473 0.517124 -0.815318 0.866335 -0.975946 0.335383 0.360907 0.170495 0.480055 -1 -1 -1 -0.652277 -1 0.901748 0.274145 -0.537915 -0.916937 -0.657384 0.311653 0.105767 -0.195436 0.186412 -1 -0.19759 -1 -1 -1 -0.204836 -0.560301 -0.217783 -0.27627 -0.329038 -0.696627 -0.588078 0.522941 -0.800501 0.441728 -0.0383103 -0.646223 -0.132175 0.818698 -0.179608 -0.551294 0.461094 -0.34995 -0.275224 -0.851571 0.351338 -0.701454 0.343056 -0.645368 -0.229312 -1 0.66399 -0.427601 0.701408 0.511371 0.0822808 -0.650494 -1 0.107914 -0.45663 -1 0.288196 -1 0.335234 -0.487831 0.381945 -0.524645 0.700904 -0.457476 -0.417809 -0.153423 0.112025 -1 -0.772007 -0.437141 0.477031 0.346006 
-0.574743 -0.417457 0.234477 -0.0922413 -0.336799 0.448148 0.830435 0.97017 1 -0.257316 -1 0.188255 -0.147694 0.667102 -1 0.394052 -1 -1 -1 -0.436265 -0.753129 -0.133384 -0.402047 -1 -1 0.342252 -0.196378 1 -0.195765 0.880162 -0.964493 0.403494 0.398468 -0.201455 0.848856 -1 -1 -1 -1 -1 0.497249 0.507619 -0.700493 -0.916937 -0.958181 0.621381 0.464438 -0.0150131 0.159739 -0.82092 -0.374113 -1 -1 -0.63399 0.276678 -0.939335 -1 -0.27627 -0.253251 0.25198 -0.63672 -0.0506332 -0.126651 0.441728 -0.773542 -1 0.293249 0.224115 -0.919444 -0.231223 0.546089 -0.775164 0.0340333 -0.970906 0.126577 -0.634588 0.824843 -1 -0.080353 -1 -0.422607 -0.865062 0.065256 0.440162 -0.0924588 -0.281277 -0.987013 0.419304 -0.880839 -1 0.12781 -0.64968 0.398254 -1 -0.064208 -0.853153 -0.359109 -0.485862 -0.235358 -0.140566 0.0886079 -1 -0.557044 -0.635746 0.188243 0.165161 
-0.546906 -0.417457 0.234477 -0.0922413 -0.378769 0.448148 0.532107 0.959193 1 -0.257316 -1 0.195436 -0.421356 0.667102 -1 0.394052 -1 -1 -1 -0.436265 -0.660924 -0.0659717 -0.402047 -0.95674 -1 0.321254 -0.196378 1 -0.195765 0.880162 -1 0.403494 0.398468 -0.201455 0.848856 -1 -1 -1 -1 -1 0.497249 0.507619 -0.553817 -0.916937 -1 0.621381 0.464438 -0.0150131 0.159739 -0.906633 -0.374113 -1 -1 -0.739966 0.0319646 -0.939335 -1 -0.27627 -0.253251 0.308508 -0.63672 -0.0506332 -0.126651 0.441728 -0.773542 -1 0.293249 0.258056 -0.919444 -0.231223 0.546089 -0.775164 0.0340333 -0.970906 -0.282305 -0.634588 0.751804 -1 -0.080353 -1 -0.422607 -0.865062 0.261008 0.440162 -0.123283 -0.281277 -0.987013 0.419304 -1 -1 0.12781 -0.64968 0.553118 -1 -0.064208 -0.853153 -0.359109 -0.485862 -0.231156 -0.140566 0.0886079 -1 -0.557044 -1 0.124488 0.352089 
-0.546906 -0.417457 0.234477 -0.0922413 -0.336799 0.160761 0.830435 0.97017 1 -0.334934 -1 -0.391863 -0.147694 0.667102 -1 0.282695 -1 -1 -1 -0.436265 -0.650903 -0.133384 -0.402047 -1 -1 0.366129 -0.196378 1 -0.654521 0.620056 -0.940845 0.403494 0.392071 -0.201455 -0.0859713 -1 -1 -1 -1 -1 0.0862367 0.454772 -0.553817 -0.916937 -0.958181 0.175969 0.464438 -0.0150131 0.159739 -0.82092 -0.374113 -1 -1 -1 -0.072577 -0.939335 -0.86524 -0.874588 -0.441355 -0.29657 -0.63672 -0.544478 -0.545087 0.246522 -0.773542 -1 0.00887306 0.224115 -1 -0.231223 0.0576054 -0.908922 0.0340333 -0.970906 -0.303292 -0.634588 0.824843 -1 -0.080353 -1 -0.20827 -0.865062 0.065256 0.440162 -0.0427797 -0.472708 -0.987013 0.419304 -0.880839 -1 0.12781 -0.64968 0.530282 -1 0.071437 -0.853153 -0.359109 -0.485862 -0.734224 -0.268343 0.0886079 -1 -0.557044 -0.635746 0.0368973 -0.168126 
-0.546906 -0.417457 0.234477 -0.0922413 -0.498081 0.448148 0.816646 0.522735 1 -0.257316 -1 0.195436 -0.147694 0.313772 -0.872338 0.394052 -1 -1 -1 -1 -0.660924 -0.133384 -0.402047 -1 -1 0.342252 -0.196378 1 -0.195765 0.880162 -1 0.403494 0.398468 -0.201455 0.848856 -1 -1 -1 -1 -1 0.497249 0.398589 -0.553817 -0.916937 -0.958181 0.621381 0.102291 -0.0150131 0.155439 -0.82092 -0.374113 -1 -1 -0.63399 0.234283 -1 -1 -0.571122 -0.253251 0.25198 -0.63672 -0.138314 -0.126651 0.441728 -0.773542 -1 0.293249 0.224115 -0.919444 -0.545787 0.546089 -1 0.0340333 -0.970906 -0.0510275 -0.634588 0.552786 -1 -0.338475 -1 -0.422607 -0.926091 0.065256 -0.185112 -0.0455948 -0.281277 -1 0.419304 -0.880839 -1 0.0448582 -0.606262 0.398254 -1 -0.064208 -1 -0.359109 -0.473253 -0.392058 -0.140566 0.0886079 -1 -0.557044 -0.635746 0.188243 0.165161 
-0.546906 -0.417457 0.234477 -0.0922413 -0.336799 0.160761 0.830435 0.97017 1 -0.334934 -1 0.195436 -0.147694 0.667102 -1 0.282695 -1 -1 -1 -0.436265 -0.660924 -0.133384 -0.402047 -1 -1 0.366129 -0.196378 1 -0.195765 0.620056 -0.964493 0.403494 0.392071 -0.201455 -0.0859713 -1 -1 -1 -1 -1 0.0862367 0.454772 -0.553817 -0.916937 -0.958181 0.175969 0.464438 -0.0150131 0.159739 -0.82092 -0.374113 -1 -1 -1 -0.072577 -0.939335 -0.86524 -0.874588 -0.253251 -0.29657 -0.63672 -0.0506332 -0.545087 0.246522 -0.773542 -1 -0.0883808 0.224115 -1 -0.231223 0.191369 -0.908922 0.0340333 -0.970906 -0.303292 -0.634588 0.824843 -1 -0.080353 -1 -0.20827 -0.865062 0.065256 0.440162 -0.0427797 -0.472708 -0.987013 0.419304 -0.880839 -1 0.12781 -0.64968 0.398254 -1 0.071437 -0.853153 -0.359109 -0.485862 -0.734224 -0.268343 0.0886079 -1 -0.557044 -0.635746 0.188243 -0.168126 
-1 -0.417457 0.234477 -0.0922413 -0.921928 0.350585 0.830435 1 0.586724 -0.257316 -0.935552 0.315387 -0.147694 -0.387936 -1 -0.426479 -1 -1 -1 -0.436265 -0.753129 -0.133384 -0.221351 -1 -1 0.342252 -0.196378 1 -0.195765 -0.187378 -1 0.403494 0.398468 -0.768071 0.901553 -1 -0.949776 -1 -1 -1 0.497249 0.507619 -0.700493 -0.916937 -1 0.621381 0.464438 -0.389492 -0.355564 -0.82092 -0.374113 -1 -1 -0.588499 0.276678 -0.939335 -1 -0.27627 -0.253251 0.25198 -0.63672 -0.0506332 -0.126651 0.441728 -0.773542 -1 0.293249 0.224115 -0.919444 -0.231223 0.546089 -0.730173 0.0340333 -1 0.126577 -1 0.917859 -1 -0.080353 -1 -0.422607 -0.865062 0.065256 0.549022 -0.15714 -0.281277 -0.987013 0.148884 -0.880839 -1 -0.0734219 -0.64968 0.398254 -1 0.103146 -0.853153 -0.359109 -0.300026 -0.235358 -0.354042 -0.0864872 -1 -1 -0.635746 -0.0640351 -0.786091 
-0.546906 -0.417457 0.234477 -0.0922413 -0.336799 0.448148 0.756373 0.698669 1 -0.241998 -1 -0.548365 -0.147694 0.667102 -1 0.394052 -1 -1 -1 -0.436265 -0.660924 -0.133384 -0.402047 -1 -1 0.342252 -0.196378 0.482775 -0.195765 0.713955 -0.964493 0.403494 0.278887 -0.201455 0.848856 -1 -1 -1 -0.982842 -1 0.497249 0.398589 -0.553817 -0.916937 -1 0.621381 0.464438 0.0556341 0.159739 -1 -0.374113 -1 -1 -0.63399 0.276678 -0.939335 -0.981042 -0.27627 -0.253251 -0.158142 -0.63672 -0.281586 -0.126651 0.375307 -1 -1 0.293249 0.224115 -0.961096 -0.489227 0.546089 -0.775164 0.0340333 -0.990972 0.25228 -0.634588 0.824843 -1 -0.080353 -1 -0.422607 -1 0.065256 0.388229 -0.0924588 -0.281277 -0.987013 0.419304 -0.880839 -1 0.12781 -0.606262 0.398254 -1 -0.064208 -0.853153 -0.480026 -0.473253 -0.392058 -0.00518505 0.0886079 -1 -0.557044 -0.635746 0.188243 0.165161 
-0.546906 -0.417457 0.234477 -0.0922413 -0.230824 0.375822 0.816646 0.862384 1 -0.257316 -1 0.349992 -0.147694 0.667102 -1 0.394052 -1 -1 -1 -0.436265 -0.660924 -0.133384 -0.402047 -1 -1 0.342252 -0.449652 0.688694 -0.195765 0.880162 -0.964493 0.403494 0.398468 -0.201455 0.848856 -1 -1 -1 -1 -1 0.497249 0.398589 -0.553817 -1 -0.958181 0.621381 -0.0321882 -0.0150131 0.159739 -0.82092 -0.329444 -1 -1 -0.63399 0.276678 -0.939335 -1 -0.27627 -0.253251 0.25198 -0.63672 -0.0506332 -0.126651 0.441728 -0.773542 -1 0.293249 0.224115 -0.919444 -0.231223 0.546089 -0.775164 0.0340333 -0.970906 0.126577 -0.634588 0.824843 -1 -0.080353 -1 -0.422607 -0.865062 -0.0282599 0.388229 -0.0924588 -0.281277 -0.987013 0.419304 -0.880839 -1 0.12781 -0.606262 0.398254 -1 -0.064208 -1 -0.359109 -0.473253 -0.392058 -0.140566 0.0886079 -1 -0.557044 -0.635746 0.188243 0.165161 
-0.533205 -0.963609 -0.218678 -0.829735 -0.389646 -0.651265 0.37124 0.810505 0.325704 -1 -1 0.085951 -0.445414 -0.232852 -1 -0.339651 -1 -1 -0.85944 -1 -0.222422 -0.728473 -0.675586 -1 -0.98527 -1 -0.408866 -0.251533 -0.608458 -0.0706582 -0.913069 0.232245 -0.713374 0.304823 0.417544 -1 -1 -1 -0.953046 -1 1 -0.895372 -0.816529 -0.963677 -0.800074 -0.449677 -0.197159 -0.800884 0.0933156 -0.938479 -1 -1 -1 -1 0.276678 -1 -0.953052 -0.27627 -0.459223 0.361941 -1 0.277629 -0.020392 -0.810617 -0.100054 -0.877674 -0.445945 0.89941 -0.728811 -0.543423 0.552472 -1 0.326301 -1 -0.507008 -0.493951 0.332301 -0.839247 -0.703726 -0.825186 0.66399 -1 0.628283 0.264999 -0.0924588 -0.0467395 -0.693123 0.00720879 -0.954056 -1 0.0776736 -1 0.762771 -0.888522 -0.359901 -0.385266 0.212966 -1 -1 -0.18496 -0.542446 -1 -0.606963 -1 0.111642 -0.266907 
-0.546906 -0.827067 0.152686 -0.0922413 -0.567084 0.448148 0.532107 0.959193 0.87427 -0.257316 -1 0.0643179 -0.866476 0.755304 -1 0.394052 -1 -1 -1 -0.436265 -0.660924 -0.0659717 -0.628375 -0.95674 -1 0.321254 -0.196378 1 -0.0766216 0.880162 -1 0.403494 -0.0368331 -0.201455 0.848856 -1 -1 -0.988045 -1 -1 0.497249 0.507619 -0.553817 -1 -1 0.109988 0.464438 0.0156882 0.159739 -0.906633 -0.374113 -1 -1 -0.739966 -0.102005 -1 -1 -0.27627 -0.253251 0.308508 -0.63672 -0.169291 -0.688264 0.441728 -0.773542 -1 0.293249 0.0697793 -0.919444 -0.231223 0.694563 -0.775164 0.0340333 -0.970906 -0.282305 -0.634588 0.751804 -1 -0.080353 -1 -0.279561 -0.865062 -0.00373331 0.440162 -0.123283 -0.695783 -0.987013 -0.169765 -1 -1 0.12781 -1 0.553118 -1 -0.064208 -0.853153 -0.359109 -0.486305 -0.231156 -0.719927 0.0886079 -0.864953 -0.635625 -1 0.124488 0.352089 
-0.635423 -0.417457 0.234477 -0.0922413 -0.775286 0.375822 0.816646 0.862384 1 -0.257316 -1 0.195436 -0.147694 0.813895 -1 0.394052 -1 -1 -1 -0.436265 -0.660924 -0.133384 -0.402047 -1 -1 0.342252 -0.27945 1 -0.195765 0.880162 -0.964493 0.403494 0.398468 -0.201455 0.848856 -1 -1 -1 -1 -1 0.497249 0.398589 -0.553817 -0.916937 -0.958181 0.621381 0.464438 -0.0150131 0.159739 -0.82092 -0.374113 -1 -1 -0.63399 0.276678 -0.939335 -1 -0.27627 -0.253251 0.25198 -0.63672 -0.0506332 -0.126651 0.441728 -1 -1 0.293249 0.224115 -0.919444 -0.231223 0.546089 -0.775164 0.0340333 -0.970906 0.126577 -0.634588 0.824843 -1 0.102132 -1 -0.422607 -0.865062 -0.0282599 0.388229 -0.0924588 -0.281277 -0.987013 0.419304 -0.880839 -1 0.12781 -0.606262 0.500208 -1 -0.064208 -0.853153 -0.359109 -0.473253 -0.392058 -0.491556 0.0886079 -1 -0.557044 -0.635746 0.188243 0.165161 
-1 -0.417457 0.186284 -0.562322 -0.921928 0.289135 1 1 1 -0.257316 -0.935552 0.00026238 -0.147694 -0.424509 -1 -0.397601 -1 -1 -1 -0.526722 -0.753129 -0.133384 -0.839252 -1 -1 0.342252 -0.196378 1 -0.195765 0.340794 -1 0.403494 0.116025 -0.768071 0.507354 -1 -1 -1 -1 -1 0.497249 0.507619 -1 -0.916937 -1 0.571409 0.464438 -0.0150131 -0.355564 -0.82092 -1 -0.746275 -1 -0.588499 0.0749903 -1 -1 -0.27627 0.00358504 0.25198 -0.63672 -0.0506332 -0.509657 0.441728 -0.773542 -1 0.293249 0.224115 -0.919444 -0.231223 0.546089 -1 0.0340333 -1 0.186901 -0.860603 0.917859 -1 -0.080353 -1 -0.675106 -0.865062 0.065256 0.244225 -0.15714 -0.281277 -1 0.392061 -0.732272 -1 0.12781 -0.64968 0.0645255 -0.975161 0.103146 -0.853153 -0.359109 -0.700607 -0.235358 -0.140566 0.0886079 -1 -1 -0.635746 -0.931229 0.165161 
-0.77606 -0.417457 0.186284 -0.646354 -1 0.289135 1 1 1 -0.640495 -0.935552 0.00026238 -0.147694 -1 -1 -0.397601 -1 -1 -0.86745 -0.436265 -0.718995 -0.133384 -0.839252 -1 -1 0.342252 -0.237751 1 -0.195765 0.125291 -1 0.403494 0.116025 -0.913146 0.848856 -1 -1 -1 -1 -1 0.497249 0.507619 -0.801185 -0.916937 -1 0.571409 0.464438 -0.0150131 -0.355564 -0.82092 -0.86242 -0.920377 -1 -0.588499 -0.0311842 -1 -1 -0.369422 -0.113357 0.25198 -0.63672 -0.0506332 -0.509657 0.374971 -0.773542 -1 0.428675 0.224115 -0.919444 -0.278373 0.164955 -1 0.0340333 -1 -0.283259 -0.860603 0.917859 -1 -0.080353 -1 -0.422607 -0.865062 0.065256 0.244225 -0.733554 -0.509235 -1 0.392061 -0.732272 -1 -0.158983 -0.64968 0.398254 -1 0.103146 -0.853153 -0.261391 -0.893738 -0.235358 -0.140566 0.0886079 -1 -1 -0.635746 -0.574729 -0.210003 
-0.546906 -0.417457 0.234477 -0.0922413 -0.336799 0.375822 0.816646 0.862384 1 -0.257316 -1 0.195436 -0.147694 0.667102 -1 0.394052 -1 -1 -1 -0.817337 -0.660924 -0.225476 -0.402047 -1 -1 0.342252 -0.229633 1 -0.195765 0.880162 -0.964493 0.403494 0.398468 -0.201455 0.848856 -1 -1 -1 -1 -1 0.497249 0.398589 -1 -0.916937 -0.958181 0.621381 0.429795 -0.0150131 0.159739 -1 -0.374113 -1 -1 -0.63399 0.276678 -0.939335 -1 -0.27627 -0.253251 0.25198 -0.63672 -0.0506332 -0.376162 0.441728 -0.773542 -1 0.293249 0.224115 -1 -0.231223 0.546089 -0.775164 0.0340333 -0.970906 0.126577 -0.634588 0.824843 -1 -0.080353 -1 -0.422607 -0.865062 -0.0282599 0.388229 -0.0924588 -0.281277 -0.987013 0.419304 -0.880839 -1 -0.271246 -0.606262 0.398254 -1 -0.064208 -0.853153 -0.359109 -0.473253 -0.392058 -0.144058 0.0886079 -1 -0.557044 -0.635746 0.188243 0.165161 
-0.0310278 -0.501879 0.234477 -0.00138617 -0.187079 0.33741 0.830435 0.97017 0.969617 -0.257316 -1 0.117519 -0.147694 0.667102 -1 0.387361 -0.906913 -1 -1 -0.436265 0.244363 -0.176902 -0.060461 -0.54337 -0.942737 0.342252 -0.0948363 0.844703 -0.185945 0.880162 -0.425147 0.869005 0.388443 0.476145 0.88413 -1 -1 -1 -0.23264 -1 0.832198 0.530212 -0.537915 -0.916937 -0.657384 0.621381 0.594267 -0.0429515 0.159739 -1 -0.19759 -0.71032 -1 -0.63399 0.276678 -0.939335 -0.217783 -0.27627 0.205225 0.709795 -0.270636 0.522941 0.169375 0.441728 0.485882 -0.498815 0.170636 0.289359 -0.179608 -0.231223 0.846627 -0.188076 0.6877 -0.696848 0.513182 -0.547803 0.824843 -0.565658 0.229466 -0.825186 0.529846 0.0413936 0.160323 0.440162 -0.0924588 0.0457232 -0.693123 0.427857 -0.693603 -1 0.288196 -0.811873 0.329123 -0.487831 0.39091 -0.524645 0.403741 -0.485862 -0.162686 -0.153423 0.0886079 -1 -0.772007 -0.635746 0.457609 0.165161 
-1 -0.417457 0.175092 -0.0922413 -0.32576 -0.467024 0.830435 1 1 -0.774315 -1 0.195436 0.0128869 0.640467 -1 0.394052 -1 -1 -1 -0.296028 -1 -0.133384 -0.402047 -1 -1 -0.297108 -0.196378 1 -0.195765 -0.0667636 -0.964493 0.126451 0.267285 -0.745318 0.442805 -1 -1 -1 -1 -1 0.0653411 0.507619 -1 -0.916937 -0.958181 0.68944 0.464438 -0.238102 0.159739 -0.82092 -0.374113 -1 -1 -0.63399 -0.220898 -0.939335 -1 -0.27627 -0.524302 0.0559404 -1 -0.0506332 -0.126651 0.169684 -0.773542 -1 0.293249 0.224115 -0.955627 -0.0553513 0.546089 -0.730173 -0.219484 -0.990923 0.126577 -0.567202 0.0179584 -1 -0.080353 -1 -0.422607 -0.865062 0.065256 -0.0270309 -0.15714 -0.910558 -1 0.419304 -0.805051 -1 0.12781 -0.64968 0.398254 -1 0.264984 -1 -0.359109 -0.850478 -0.235358 -0.357656 -0.383803 -0.89758 -0.776625 -0.635746 -0.567197 0.087824 
-0.546906 -0.417457 0.234477 -0.0922413 -0.336799 0.160761 0.830435 0.97017 1 -0.334934 -1 -0.391863 -0.147694 0.78819 -1 0.282695 -1 -1 -1 -0.436265 -0.650903 -0.133384 -0.402047 -1 -1 0.366129 -0.196378 1 -0.654521 0.620056 -0.940845 0.403494 0.178174 -0.201455 -0.0859713 -1 -1 -1 -1 -1 0.0862367 0.454772 -1 -0.916937 -0.958181 0.175969 0.464438 -0.0150131 0.159739 -0.82092 -0.374113 -1 -1 -1 -0.072577 -0.939335 -0.86524 -0.874588 -0.441355 -0.29657 -0.63672 -0.544478 -0.545087 0.246522 -0.773542 -1 0.00887306 0.224115 -1 -0.231223 0.0576054 -0.908922 0.0340333 -0.970906 -0.303292 -0.637412 0.824843 -1 -0.080353 -1 -0.20827 -0.865062 0.065256 0.440162 -0.0427797 -0.511844 -1 0.419304 -0.880839 -1 0.123711 -0.64968 0.530282 -1 0.071437 -0.853153 -0.359109 -0.485862 -0.734224 -0.268343 0.0886079 -1 -0.557044 -0.635746 0.0368973 -0.168126 
-1 -0.66403 -1 -1 -0.0828236 -0.894743 -1 -1 -1 -1 0.855218 -0.920672 -0.903168 -1 -1 -1 -1 -1 -0.683643 -0.803118 -1 -1 -0.96268 -1 -0.983353 -1 0.606288 -1 0.910243 -0.783785 -1 0.190148 -1 -1 -0.455963 -0.420783 0.0580605 -0.0916803 -1 -1 -1 -1 -0.851223 -1 -0.872599 -1 -1 -1 0.420123 -1 -0.818678 -0.584718 -0.657381 -1 -1 -1 -1 -0.971253 -1 -1 -1 -1 -1 -1 -1 -1 -1 -0.822032 -0.657899 -1 -0.96659 -1 0.486517 -1 -1 -1 -1 0.629994 -1 -0.13435 -1 -1 0.816502 -0.334789 -1 -0.727081 -1 -0.479344 -1 -0.933773 -1 -1 -0.993568 0.910243 -0.902795 -0.176838 0.43661 -0.864345 0.91026 -1 -0.948323 0.700543 -0.983961 -1 -0.846904 -1 
-1 -0.601553 -1 -1 -0.0828236 -1 -0.67481 -1 -0.82382 -0.855374 0.780024 -0.847806 -0.921889 -1 -0.832523 -1 -1 -1 0.0811761 -0.832712 -1 -1 -0.994421 -1 -1 -0.940354 0.343575 -0.534268 0.757738 -0.722228 -0.447584 -0.420716 -1 -1 -0.455963 -0.198407 0.682572 -0.572485 -0.929482 -1 -0.965723 -1 -0.546522 -1 -0.872599 -1 -1 -1 -0.43375 -0.930266 -1 -0.223377 -0.319192 -1 -1 -0.96884 -1 -1 -1 -1 -0.988524 -0.875015 -0.578741 -0.940117 -0.735914 -1 -0.975113 -1 -0.261453 -1 -0.96659 -1 0.832169 -1 -0.894152 -1 -0.979597 0.629994 -1 -0.236006 -0.994519 -1 0.257744 -0.334789 -1 -1 -1 -0.479344 -0.870692 -0.913139 -1 -1 -0.284435 0.675143 -1 -0.0270935 0.43661 -0.864345 0.888235 -1 -1 0.952146 -0.983961 -0.863976 -1 -1 
-1 -0.66403 -1 -1 -0.0828236 -0.894743 -1 -1 -0.825821 -1 0.855218 -0.920672 -0.955079 -1 -1 -1 -1 -1 -0.683643 -0.803118 -1 -1 -0.76546 -1 -0.983353 -1 0.606288 -1 0.910243 -0.783785 -1 0.190148 -1 -1 -0.455963 -0.420783 0.0580605 -0.0916803 -1 -1 -1 -1 -0.851223 -1 -0.872599 -1 -1 -1 0.420123 -1 -0.818678 -0.584718 -0.657381 -1 -1 -1 -1 -0.971253 -1 -1 -1 -1 -1 -1 -1 -1 -1 -0.822032 -0.657899 -1 -0.96659 -1 0.486517 -1 -1 -1 -1 0.629994 -1 -0.13435 -1 -1 0.816502 -0.334789 -1 -0.727081 -1 -0.479344 -1 -0.933773 -1 -1 -0.993568 0.910243 -0.902795 -0.176838 0.43661 -0.864345 0.91026 -1 -0.948323 0.700543 -0.983961 -1 -0.846904 -0.972959 
-0.546906 -0.417457 0.234477 -0.0922413 -0.336799 0.160761 0.830435 0.594463 1 -0.334934 -1 -0.391863 -0.147694 0.667102 -1 -0.100362 -1 -1 -1 -0.436265 -0.650903 -0.133384 -0.402047 -1 -1 0.366129 -0.196378 1 -0.654521 0.620056 -0.940845 0.403494 0.392071 -0.201455 -0.0859713 -1 -1 -1 -1 -1 0.0862367 0.454772 -0.553817 -0.916937 -0.817102 0.175969 0.464438 -0.0150131 0.159739 -0.82092 -0.374113 -1 -1 -1 -0.072577 -0.939335 -0.86524 -0.874588 -0.441355 -0.29657 -0.63672 -0.544478 -0.545087 0.246522 -0.773542 -1 0.00887306 0.0997274 -1 -0.491711 0.0576054 -0.908922 -0.514065 -0.970906 -0.303292 -0.634588 0.98152 -1 -0.080353 -1 -0.20827 -0.865062 0.065256 0.440162 -0.0427797 -0.472708 -0.987013 0.419304 -0.880839 -1 0.12781 -0.64968 0.530282 -1 0.071437 -0.853153 -0.500894 -0.485862 -0.734224 -0.268343 0.0886079 -1 -0.557044 -0.635746 0.0368973 -0.486997 
-1 -0.417457 -0.167024 -0.435021 -0.336799 -0.0278131 0.816646 0.530133 1 -0.0577337 -1 -0.399416 -0.147694 0.686946 -1 0.394052 -1 -0.855038 -1 -0.436265 -0.697585 -0.725332 -0.402047 -1 -1 0.460772 -0.502912 1 -0.195765 0.880162 -0.850053 0.403494 0.278887 -0.201455 0.260325 -1 -1 -1 -1 -1 0.497249 0.142162 -0.553817 -1 -1 0.621381 0.464438 -0.0150131 0.159739 -1 -0.374113 -1 -1 -0.63399 -0.156375 -0.874068 -1 -0.27627 -0.486885 -0.111758 -1 -0.711013 -0.338794 0.441728 -0.868654 -1 0.293249 0.224115 -1 -0.331512 0.0543715 -0.775164 0.0340333 -0.827835 0.294678 -0.479342 0.453315 -1 -0.080353 -1 -0.422607 -0.953916 0.065256 0.549385 -0.0924588 -0.66942 -0.987013 -0.072437 -1 -1 0.12781 -0.606262 0.398254 -1 -0.064208 -0.853153 -0.359109 -0.473253 -0.392058 0.146235 0.0886079 -1 -0.714589 -0.923032 0.188243 -0.127413 
-0.574743 -0.533755 0.234477 -0.0922413 -0.336799 0.268028 0.830435 0.97017 1 -0.257316 -0.944468 -0.152367 -0.147694 0.180632 -1 0.394052 -1 -1 -1 -0.436265 -0.753129 -0.133384 -0.605402 -1 -1 0.342252 -0.217736 1 -0.195765 0.880162 -0.964493 0.415634 0.569919 -0.347608 0.770355 -1 -1 -1 -1 -1 0.497249 0.507619 -0.700493 -1 -0.958181 0.621381 0.464438 -0.0150131 0.159739 -0.82092 -0.374113 -1 -1 -0.63399 0.276678 -0.939335 -1 -0.27627 -0.253251 0.25198 -1 -0.0506332 -0.680634 0.441728 -0.773542 -1 0.293249 0.224115 -0.88497 -0.231223 0.641298 -0.775164 0.0340333 -1 -0.473012 -0.733974 0.824843 -1 -0.080353 -1 -0.422607 -0.865062 0.065256 0.0361041 -0.0924588 -0.281277 -0.987013 0.419304 -0.880839 -1 0.12781 -0.64968 0.286647 -1 -0.064208 -0.853153 -0.359109 -0.740976 -0.47611 -0.140566 0.0886079 -1 -0.557044 -0.635746 -0.139142 0.165161 
-1 -0.601553 -1 -1 -0.303164 -1 -0.678909 -1 -0.87374 -1 0.780024 -0.630048 -1 -1 -1 -1 -1 -1 0.0811761 -1 -1 -1 -1 -1 -0.983353 -1 0.245261 -0.918248 0.910243 -0.80407 -0.250715 0.0335752 -1 -1 -0.455963 -0.167475 0.682572 -0.16748 -0.929482 -1 -1 -1 -0.69372 -1 -1 -1 -1 -1 0.458888 -0.710877 -1 -0.223377 -0.582681 -0.972453 -1 -1 -1 -0.900022 -0.820321 -1 -1 -1 -0.713714 -0.940117 -0.820338 -1 -1 -1 -0.341542 -1 -0.801052 -1 1 -1 -0.719649 -1 -0.867961 0.629994 -1 -0.13435 -1 -1 0.816502 -0.415502 -1 -0.967903 -1 -0.479344 -1 -1 -1 -0.938694 -0.45416 0.675143 -1 0.321363 0.319386 -0.864345 0.91026 -0.852079 -1 0.952146 -1 -0.843826 -1 -1 
-0.615391 -0.417457 0.234477 -0.0922413 -0.775286 0.375822 0.816646 0.862384 1 -0.257316 -1 0.195436 -0.609664 0.813895 -1 0.394052 -1 -1 -1 -0.436265 -0.660924 -0.133384 -0.402047 -1 -1 0.342252 -0.27945 1 -0.195765 0.880162 -1 0.403494 0.398468 -0.201455 0.462379 -1 -1 -1 -1 -1 0.497249 0.179514 -0.553817 -0.916937 -0.958181 0.621381 0.464438 -0.0150131 -0.406969 -0.82092 -0.374113 -1 -1 -0.63399 0.276678 -0.939335 -1 -0.27627 -0.253251 0.25198 -0.63672 -0.0506332 -0.126651 0.0960199 -1 -1 0.31927 0.224115 -0.919444 -0.231223 0.546089 -0.775164 0.0340333 -0.970906 0.126577 -0.634588 0.824843 -1 0.102132 -1 -0.422607 -0.865062 -0.0282599 0.388229 -0.0924588 -0.281277 -0.987013 0.419304 -0.880839 -1 0.12781 -0.606262 0.500208 -1 -0.064208 -0.853153 -0.359109 -0.473253 -0.392058 -0.491556 0.0886079 -1 -0.926381 -0.549365 0.188243 0.165161 
-1 -0.601553 -1 -1 -0.877311 -1 -1 -0.809783 -0.901746 -1 0.330276 -1 -1 -1 -1 -1 -1 -0.877457 -0.178063 -1 -0.832555 -1 -1 -1 -0.983353 -1 0.394645 -0.534268 1 -0.80407 -0.774677 -0.10249 -1 -1 -0.455963 -0.119747 0.191116 -0.644927 -1 -0.813205 -0.782966 -1 -0.69372 -1 -1 -1 -1 -1 -0.031659 -0.710877 -1 -0.730371 -0.488618 -0.893141 -1 -1 -1 -1 -1 -1 -1 -1 -0.642861 -1 -0.7843 -0.875692 -1 -1 -0.379748 -1 -1 -1 1 -1 -1 -1 -1 0.00151238 -1 -0.620402 -0.886511 -1 0.895379 -0.537209 -0.951324 -1 -1 -0.386555 -1 -1 -1 -1 -0.45416 0.308043 -1 0.53426 0.758903 -0.679925 0.91026 -1 -1 0.806539 -0.801607 -0.668134 -1 -1 
-1 -0.601553 -1 -1 -0.877311 -0.896125 -1 -1 -1 -1 0.894046 -1 -0.901465 -1 -0.997202 -1 -0.941831 -0.877457 -0.178063 -1 -1 -1 -1 -0.844976 -0.983353 -1 0.394645 -0.534268 0.966252 -1 -0.609122 -0.514998 -1 -1 -0.980665 -0.119747 0.191116 -0.644927 -1 -0.965221 -1 -1 -0.69372 -1 -0.872599 -0.765243 -1 -1 -0.031659 -0.710877 -1 -1 -0.488618 -0.893141 -1 -0.813207 -0.830399 -1 -1 -1 -1 -1 -0.627967 -0.940117 -0.7843 -0.875692 -1 -1 -0.341542 -1 -1 -1 1 -1 -1 -1 -0.851885 0.17686 -1 -1 -0.886511 -1 0.895379 -0.822529 -0.951324 -1 -1 -0.660945 -1 -1 -1 -1 -0.45416 0.308043 -1 0.375578 0.920311 -1 0.873734 -1 -1 0.92131 -1 -0.668134 -1 -1 
-1 -0.417457 0.234477 -0.0922413 -0.336799 0.350585 0.830435 1 1 -0.257316 -1 0.195436 0.0128869 0.667102 -1 0.394052 -1 -1 -1 -0.296028 -1 -0.133384 -0.402047 -1 -1 0.101475 -0.196378 0.405036 -0.195765 0.465732 -0.964493 0.598716 -0.00322142 -0.201455 1 -1 -1 -1 -1 -1 0.0653411 0.507619 -0.700493 -0.916937 -0.958181 0.360652 0.464438 -0.0150131 -0.356144 -0.82092 -0.374113 -1 -1 -0.63399 0.276678 -1 -0.806535 -0.27627 -0.253251 0.25198 -0.63672 -0.4102 -0.126651 0.498584 -0.773542 -1 0.293249 0.224115 -1 -0.231223 0.201281 -0.730173 0.0340333 -1 0.126577 -0.634588 0.824843 -1 -0.080353 -1 -0.422607 -0.865062 -0.506999 -0.0270309 -0.15714 -0.494824 -0.987013 0.202505 -0.880839 -1 0.12781 -0.64968 0.398254 -1 0.103146 -0.853153 -0.236586 -0.53144 -0.235358 -0.140566 -0.383803 -1 -0.776625 -0.52508 -0.634898 0.087824 
-1 -0.769758 -1 -1 -0.303164 -1 -0.678909 -1 -1 -1 0.780024 -1 -1 -1 -1 -1 -1 -1 0.0811761 -1 -1 -1 -1 -1 -0.983353 -0.871113 0.245261 -0.918248 0.910243 -1 -0.250715 0.0335752 -1 -1 -0.455963 -0.167475 0.682572 -0.16748 -0.929482 -1 -1 -1 -1 -1 -1 -1 -1 -1 0.458888 -0.710877 -1 -0.223377 -0.582681 -0.972453 -1 -1 -1 -0.900022 -0.820321 -1 -1 -1 -0.713714 -0.940117 -0.820338 -1 -1 -1 -0.341542 -1 -0.801052 -1 1 -0.80281 -0.719649 -1 -0.867961 0.629994 -1 -0.13435 -1 -1 0.816502 -0.415502 -1 -0.967903 -1 -0.479344 -1 -1 -1 -0.938694 -0.45416 0.675143 -1 -0.229718 0.319386 -0.864345 0.91026 -0.852079 -1 0.952146 -1 -0.843826 -1 -1 
-1 -0.66403 -1 -1 -0.0828236 -0.894743 -1 -1 -1 -1 0.855218 -0.920672 -0.903168 -1 -1 -1 -1 -1 -0.683643 -0.803118 -1 -1 -0.96268 -1 -0.983353 -1 0.606288 -1 0.910243 -0.783785 -1 0.190148 -1 -1 -0.455963 -0.420783 0.0580605 -0.0916803 -1 -1 -1 -1 -0.851223 -1 -0.872599 -1 -1 -1 0.420123 -1 -0.818678 -0.584718 -0.657381 -1 -1 -1 -1 -1 -1 -1 -1 -1 -1 -1 -1 -1 -1 -0.822032 -0.657899 -1 -0.96659 -1 0.486517 -1 -1 -1 -1 0.412481 -1 -0.460892 -1 -1 0.769102 -0.334789 -1 -0.727081 -1 -0.479344 -1 -0.933773 -1 -1 -0.993568 0.910243 -0.824468 -0.176838 0.43661 -0.864345 0.91026 -1 -0.948323 0.700543 -1 -1 -0.846904 -1 
-1 -0.601553 -0.901738 -1 -0.378544 -0.865012 -0.67481 -1 -0.82382 -0.925448 0.780024 -1 -0.921889 -1 -0.832523 -1 -1 -1 0.0811761 -0.76334 -1 -1 -0.994421 -1 -1 -0.940354 0.343575 -0.534268 0.910243 -0.722228 -0.447584 -0.420716 -1 -1 -0.455963 -0.167475 0.682572 0.0548853 -0.929482 -1 -1 -1 -0.546522 -1 -0.872599 -1 -1 -1 -0.376382 -0.710877 -1 -0.223377 -0.488618 -1 -1 -0.926824 -1 -0.908561 -1 -1 -0.988524 -0.875015 -0.713714 -0.940117 -0.568064 -1 -0.975113 -1 -0.261453 -1 -1 -1 0.832169 -1 -0.894152 -0.941162 -0.899366 0.629994 -1 -0.13435 -0.994519 -1 0.712902 -0.334789 -1 -1 -1 -0.479344 -0.90986 -0.913139 -1 -0.895972 -0.45416 0.675143 -1 -0.0270935 0.43661 -0.864345 0.888235 -1 -1 0.952146 -0.983961 -0.863976 -1 -1 
-1 -0.417457 -0.167024 -0.435021 -0.336799 -0.0278131 0.816646 0.530133 1 -0.0577337 -1 -0.399416 -0.147694 0.686946 -1 0.515054 -1 -0.855038 -1 -0.436265 -1 -0.725332 -0.402047 -1 -1 0.460772 -0.502912 1 -0.195765 0.880162 -0.850053 0.403494 0.278887 -0.201455 0.761229 -1 -1 -1 -1 -1 0.497249 0.142162 -0.553817 -1 -1 0.621381 0.464438 -0.0150131 0.159739 -1 -0.374113 -0.953327 -1 -0.63399 -0.156375 -0.874068 -1 -0.27627 -0.253251 0.053173 -0.511024 -0.711013 -0.338794 0.441728 -0.868654 -1 0.293249 0.224115 -1 -0.331512 0.0543715 -0.775164 0.0340333 -1 0.126577 -0.479342 -0.00918236 -1 -0.080353 -1 -0.422607 -1 0.065256 0.388229 -0.0924588 -0.281277 -0.987013 -0.072437 -1 -1 0.12781 -0.606262 0.395896 -1 -0.064208 -0.853153 -0.359109 -0.473253 -0.974134 0.146235 0.0886079 -1 -0.714589 -0.923032 0.188243 0.165161 
-1 -0.601553 -1 -1 -0.0699543 -1 -0.678909 -1 -0.82382 -1 0.780024 -1 -0.921889 -0.882572 -1 -1 -1 -1 0.0811761 -0.803118 -1 -1 -0.994421 -1 -0.983353 -1 0.478384 -0.534268 0.910243 -0.80407 -0.917922 0.0335752 -1 -1 -0.685836 -0.167475 0.682572 -0.145103 -0.929482 -1 -1 -1 -0.959502 -1 -0.872599 -1 -1 -1 0.458888 -0.710877 -1 -0.223377 -0.488618 -0.65536 -1 -0.926824 -1 -0.877934 -1 -0.839742 -1 -1 -0.713714 -0.940117 -0.7843 -1 -1 -1 -0.341542 -1 -0.96659 -1 0.832169 -1 -0.719649 -1 -1 0.629994 -1 -0.13435 -0.938199 -1 0.816502 -0.161772 -0.951324 -1 -1 -0.479344 -1 -1 -1 -0.931214 -0.45416 0.455787 -1 0.404312 0.43661 -0.864345 0.91026 -1 -1 0.852956 -0.983961 -0.863976 -1 -1 
-0.533205 -0.963609 -0.218678 -0.829735 -0.389646 -0.651265 0.37124 0.810505 0.325704 -1 -1 0.085951 -0.445414 -0.232852 -1 -0.339651 -1 -1 -0.85944 -1 -0.222422 -0.728473 -0.675586 -1 -0.98527 -1 -0.94428 -0.251533 -0.608458 -0.0706582 -1 0.232245 -0.959461 0.304823 0.417544 -1 -1 -1 -0.953046 -1 1 -0.895372 -0.816529 -0.963677 -0.800074 -0.449677 -0.197159 -0.800884 0.0933156 -0.938479 -1 -1 -1 -1 0.276678 -1 -0.953052 -0.27627 -0.459223 0.361941 -1 0.277629 -0.020392 -0.810617 -0.100054 -0.877674 -0.445945 0.924179 -0.728811 -0.543423 0.552472 -1 0.326301 -1 -0.507008 -0.493951 0.332301 -0.839247 -0.703726 -0.825186 0.66399 -1 0.628283 0.0690312 -0.0924588 -0.0467395 -0.693123 0.00720879 -0.954056 -1 0.0776736 -1 0.762771 -0.888522 -0.359901 -0.385266 0.212966 -1 -1 -0.18496 -0.542446 -1 -0.606963 -0.84348 0.111642 -0.665104 
-1 -0.601553 -0.720667 -1 -0.0828236 -0.865012 -0.67481 -1 -1 -0.837137 0.966225 -0.73596 -0.921889 -1 -0.832523 -1 -1 -1 0.134654 -0.832712 -1 -1 -1 -1 -0.866827 -0.940354 0.343575 -0.578935 0.85866 -0.722228 -0.447584 -1 -1 -0.803199 -0.455963 -0.198407 0.682572 -0.572485 -1 -1 -1 -1 -0.546522 -1 -0.872599 -1 -1 -1 -1 -0.710877 -1 -0.694263 -0.488618 -1 -1 -1 -0.852788 -0.908561 -1 -0.981598 -0.988524 -0.875015 -0.578741 -1 -0.735914 -1 -0.975113 -1 -0.42275 -1 -1 -1 0.661144 -1 -0.892638 -0.824918 -0.979597 0.48663 -1 -0.236006 -0.994519 -0.873813 -0.22241 -0.334789 -1 -1 -1 -0.342413 -0.870692 -0.913139 -1 -1 -0.45416 0.675143 -1 -0.578156 0.170913 -0.864345 0.888235 -0.918188 -1 0.805154 -0.983961 -0.863976 -1 -1 
-0.838679 -0.417457 0.234477 -0.413276 -0.498081 0.448148 0.816646 0.522735 1 -0.257316 -1 0.195436 -0.147694 -0.046909 -0.872338 0.394052 -1 -1 -1 -1 -0.660924 -0.133384 -0.402047 -1 -1 0.342252 -0.0326156 1 -0.195765 0.880162 -0.966226 0.403494 0.398468 -0.201455 0.848856 -0.847571 -1 -1 -1 -1 0.497249 0.398589 -0.553817 -0.916937 -0.958181 0.621381 0.102291 -0.0150131 0.155439 -0.82092 -0.374113 -1 -1 -0.63399 0.234283 -0.842483 -1 -0.571122 -0.253251 0.25198 -0.63672 -0.138314 -0.126651 0.510557 -0.773542 -1 0.293249 0.224115 -0.919444 -0.545787 0.420429 -1 0.0340333 -0.970906 -0.0510275 -0.634588 0.552786 -1 -0.338475 -1 -0.422607 -0.926091 0.065256 -0.185112 -0.0455948 -0.281277 -1 0.419304 -0.880839 -1 0.0448582 -0.606262 0.398254 -1 -0.064208 -1 -0.359109 -0.473253 -0.392058 -0.270069 0.0886079 -1 -0.557044 -0.635746 0.188243 0.165161 
-1 -0.601553 -0.901738 -1 -0.0828236 -0.865012 -0.67481 -1 -1 -0.80476 0.780024 -0.847806 -1 -1 -0.832523 -1 -1 -1 0.0811761 -1 -1 -1 -1 -1 -0.839092 -0.940354 0.343575 -0.87819 0.85866 -0.722228 -0.447584 -0.420716 -1 -0.950176 -0.455963 -0.198407 0.682572 -0.572485 -0.929482 -1 -1 -1 -0.546522 -1 -0.872599 -1 -1 -1 -0.43375 -0.710877 -1 -0.387798 -0.64861 -1 -1 -1 -1 -0.908561 -1 -1 -0.988524 -0.875015 -0.578741 -0.940117 -0.735914 -1 -0.975113 -1 -0.271757 -1 -0.96659 -1 0.832169 -1 -0.894152 -1 -0.979597 0.132238 -1 -0.771113 -1 -0.873813 0.257744 -0.334789 -1 -1 -1 -0.342413 -0.870692 -0.913139 -1 -1 -0.45416 0.675143 -1 -0.0270935 0.43661 -0.864345 0.888235 -1 -1 0.723013 -1 -0.863976 -1 -1 
-1 -0.361527 0.234477 -0.0922413 -0.336799 0.350585 0.830435 0.551532 1 -0.257316 -1 0.195436 0.0128869 0.667102 -1 0.394052 -1 -1 -1 -0.296028 -1 -0.133384 -0.402047 -1 -1 -0.370947 -0.196378 1 -0.195765 0.465732 -0.964493 0.598716 0.398468 -0.201455 1 -1 -1 -1 -1 -1 0.0653411 0.507619 -0.700493 -0.916937 -0.958181 0.68944 0.464438 0.0986107 0.159739 -0.82092 -0.617619 -1 -1 -0.63399 0.276678 -0.939335 -1 -0.27627 -0.253251 0.25198 -0.63672 -0.0506332 -0.126651 0.441728 -0.773542 -1 0.293249 0.224115 -0.955627 -0.231223 0.546089 -0.730173 0.0340333 -1 0.126577 -0.634588 0.824843 -1 -0.080353 -1 -0.422607 -0.865062 0.065256 -0.0270309 -0.15714 -0.443316 -0.987013 0.419304 -1 -1 0.12781 -0.64968 0.398254 -1 0.103146 -0.853153 -0.359109 -0.300026 -0.235358 -0.140566 -0.383803 -1 -0.776625 -0.635746 -0.0640351 0.087824 
-0.853968 -0.417457 0.234477 -0.0922413 -0.336799 0.117977 0.830435 0.97017 1 -0.257316 -1 0.195436 -0.147694 0.667102 -1 0.282695 -1 -1 -1 -0.436265 -0.660924 -0.133384 -0.402047 -1 -1 0.366129 -0.196378 1 -0.195765 0.620056 -0.964493 0.18524 0.392071 -0.201455 0.274158 -1 -1 -1 -1 -1 0.497249 0.454772 -0.553817 -0.916937 -0.958181 0.621381 0.464438 -0.0150131 0.159739 -0.82092 -0.518452 -1 -1 -0.63399 -0.0935532 -0.939335 -0.86524 -0.874588 -0.253251 -0.29657 -0.63672 -0.0506332 -0.545087 0.246522 -0.773542 -1 0.293249 0.224115 -0.919444 -0.231223 0.546089 -0.927392 0.0340333 -0.970906 -0.303292 -0.634588 0.824843 -1 -0.080353 -1 -0.20827 -0.865062 0.065256 0.440162 -0.0427797 -0.472708 -1 0.419304 -0.880839 -1 0.12781 -0.64968 0.398254 -1 -0.064208 -0.853153 -0.359109 -0.485862 -0.231156 -0.268343 0.0886079 -1 -0.557044 -0.635746 0.188243 -0.168126 
-1 -0.601553 -0.901738 -1 -0.0828236 -0.865012 -0.67481 -1 -1 -0.855374 0.966225 -0.847806 -0.921889 -1 -0.832523 -1 -1 -1 0.134654 -0.832712 -1 -1 -0.994421 -1 -1 -0.940354 0.343575 -0.534268 0.85866 -0.722228 -0.447584 -1 -1 -0.950176 -0.455963 -0.198407 0.682572 -0.572485 -1 -1 -1 -1 -0.546522 -1 -0.872599 -1 -1 -1 -1 -0.710877 -1 -0.694263 -0.488618 -1 -1 -1 -1 -0.908561 -1 -1 -0.988524 -0.875015 -0.578741 -0.940117 -0.735914 -1 -0.975113 -1 -0.524178 -1 -1 -1 0.661144 -1 -0.892638 -1 -0.979597 0.629994 -1 -0.236006 -0.994519 -0.873813 -0.22241 -0.334789 -1 -1 -1 -0.342413 -0.870692 -0.913139 -1 -1 -0.45416 0.675143 -1 -0.578156 0.43661 -0.864345 0.888235 -0.918188 -1 0.805154 -0.983961 -0.863976 -1 -1 
-0.0310278 -0.637951 -0.231862 -0.706162 -0.187079 0.33741 0.257941 0.797723 0.0753784 -0.257316 -0.428289 -0.65871 -1 0.722967 -0.817897 -0.159337 -1 -1 -0.51066 -0.991482 -0.278298 -0.680236 -0.060461 -1 -0.942737 -0.398457 -0.0927473 0.517124 -1 0.866335 -0.975946 0.022466 0.360907 0.170495 0.480055 -1 -1 -1 -1 -1 0.835983 -0.0426327 -0.537915 -0.916937 -0.657384 0.311653 0.105767 -0.293201 0.186412 -1 -0.19759 -0.991977 -1 -1 -0.204836 -0.560301 -0.217783 -0.27627 -0.329038 -0.696627 -0.588078 0.522941 -0.800501 0.441728 -0.0383103 -0.646223 -0.132175 0.818698 -0.179608 -0.551294 0.0766978 -0.34995 -0.275224 -0.663646 0.351338 -0.701454 0.343056 -0.645368 -1 -0.840426 0.66399 -0.455424 0.701408 0.511371 0.0822808 -0.650494 -1 0.107914 -0.45663 -1 0.288196 -1 0.335234 -0.402518 0.381945 -0.524645 0.700904 -0.457476 -0.338312 -0.153423 0.112025 -1 -0.772007 -0.794044 0.477031 0.0795875 
-1 -0.66403 -1 -1 -0.0828236 -0.894743 -1 -1 -1 -1 0.855218 -0.722935 -0.903168 -1 -1 -1 -1 -1 -0.683643 -0.803118 -1 -1 -0.96268 -1 -0.983353 -1 0.151697 -1 0.910243 -0.783785 -1 0.190148 -1 -1 -0.455963 -0.420783 0.0580605 -0.0916803 -1 -1 -1 -1 -0.851223 -1 -1 -1 -1 -1 0.420123 -1 -0.818678 -0.584718 -0.657381 -1 -1 -1 -1 -1 -1 -1 -1 -1 -1 -1 -1 -1 -1 -0.822032 -0.657899 -1 -0.96659 -1 0.486517 -1 -1 -1 -1 0.412481 -1 -0.460892 -1 -1 0.769102 -0.334789 -1 -0.727081 -1 -0.479344 -1 -1 -1 -1 -0.993568 0.910243 -0.824468 -0.176838 0.43661 -0.864345 0.91026 -1 -0.948323 0.700543 -1 -1 -0.846904 -1 
-0.205755 -1 -0.122347 -1 -0.371692 -0.69719 -0.379958 0.886643 0.524843 -1 -1 -0.165941 -0.740514 0.132888 -1 -0.389841 -1 -1 -1 -0.802431 0.264467 -0.306681 -0.675586 -1 -1 -0.202709 -0.713191 -0.502763 -0.662034 0.100927 -0.908209 -0.142791 -0.713374 0.303818 0.0124763 -1 -1 -1 -1 -1 1 -0.39102 -0.875299 -0.963677 -1 0.249202 -0.296125 -0.949358 0.0933156 -1 -1 -1 -1 -1 0.276678 -1 -0.217783 -0.27627 0.0276915 -0.172427 -1 0.522941 -0.107473 -0.269152 0.674213 -0.708885 -0.631595 0.745049 -0.803933 -0.467272 0.083349 -0.83231 0.117279 -1 -1 -0.733855 0.605088 -0.872931 -0.349596 -1 0.66399 -1 0.628283 -0.146833 -0.422379 -0.0467395 -0.693123 0.00720879 -1 -1 0.0833305 -1 0.716331 -1 0.124527 -0.905066 0.779018 -1 -1 -0.62528 0.254737 -0.885968 -0.606963 -0.764388 0.507305 -0.565593 
