0.532917 -0.972906 0.677894 -0.378679 -0.203775 -0.0259604 0.819071 -0.00344336 0.759067 0.543143 -0.521103 -0.631124 -1 -0.411901 -1 -0.471691 -1 -0.0279562 0.379573 0.607665 0.378707 -0.500221 0.204079 -1 -0.256404 0.997579 -0.105706 0.530363 0.0513262 -1 -0.176545 -1 0.967137 0.280293 0.925325 0.531498 0.149857 -0.104938 0.370601 0.929893 0.241652 0.0258537 0.928673 0.357734 -1 -0.440176 -0.593141 -0.478452 0.145871 0.0368026 0.989176 0.00156915 -0.848071 -0.320125 0.361961 0.0462581 -0.336443 -0.462186 -1 -0.835753 0.315218 0.258837 -0.220082 0.476583 -0.115936 -0.556826 -0.109296 -1 0.674982 -0.364751 0.684462 -0.446158 0.521702 -0.288689 0.106244 -0.387278 0.11101 0.160604 -0.895736 -0.865895 0.756721 0.898097 -0.656185 -1 -0.769596 -0.832727 -0.83603 -0.723256 0.0524793 -0.589137 -0.357828 -0.308437 -0.749486 -1 0.587843 -0.404376 -0.199437 -0.820765 0.128603 0.716556 -1 -0.237972 0.0253031 0.809606 0.103754 0.895883 
-1 -0.912546 0.231244 -0.453584 -0.44551 0.282831 0.385456 0.16072 0.204671 -1 -1 -1 0.581292 -1 -0.409391 -0.507036 -0.328889 -1 -1 -0.142604 -1 0.89162 -0.377112 -0.988359 -0.77457 -0.264045 -0.107136 -1 0.0250853 -0.673522 -0.124848 0.347819 -0.433083 -0.466652 -0.418651 -0.861742 -0.544688 -0.640147 -0.494835 0.716759 -1 -0.247421 -0.211351 -1 -0.599656 0.227824 0.505573 0.719796 -0.667242 -0.213032 -0.574841 -1 -1 -0.907722 -0.306532 -0.994034 -0.41238 0.482862 -1 -0.00236261 -1 0.0459858 0.137773 -1 -1 -0.436747 -1 -0.340322 0.555108 0.321905 -0.849416 -0.844267 -0.492491 0.217607 -0.156611 -0.475785 -0.743189 0.526235 -0.879357 -0.560136 -0.95221 -0.887398 -0.53999 0.0451584 0.38209 1 0.0384435 -0.545967 -1 0.356569 -0.544533 -1 -1 -0.125709 -0.78909 0.16265 -0.684539 -0.0611324 -0.255553 -0.252268 -0.739484 -0.772914 -0.74011 -0.707455 0.123964 0.0141793 
-1 -0.912546 0.47616 -0.388734 -0.487212 0.765297 0.905495 0.00894523 0.152793 -1 -0.0980724 -1 0.581292 -0.518576 0.540058 -0.72625 -0.496218 -1 -1 0.544324 -1 0.969553 0.301997 -0.368928 -0.194907 0.774965 -0.0473179 0.146142 -0.0930527 0.32248 0.000403285 0.347819 -0.763363 -0.466652 -0.418651 -0.861742 0.238277 -0.231246 -0.038273 0.716759 -0.0655056 -0.247421 0.494482 -1 0.26107 0.227824 0.480719 0.757378 -0.769222 0.338285 -0.590853 -1 -1 -0.545294 -0.230885 -1 0.754323 0.482862 -0.739631 -0.00236261 -0.987435 0.160057 0.619021 -0.724675 -1 0.154835 -1 -0.63006 0.511811 0.839335 -0.904907 -0.844267 -0.492491 0.504945 -0.156611 -0.295116 -0.412675 0.526235 -0.695105 -0.560136 -0.226765 0.0163202 -0.26877 0.857044 0.328556 0.954578 -0.233719 -0.545967 -1 0.58808 0.431927 -1 -1 0.590292 -0.81734 0.257293 -0.645899 -0.363029 -0.29984 0.0566357 -0.949533 -0.772914 -0.74011 -0.679026 0.861674 0.156304 
-0.0472957 -0.972906 0.677894 -0.378679 -0.613931 -0.954172 0.819071 0.576785 0.750253 0.548054 -1 -0.631124 -1 -0.411901 -0.215313 -0.471691 -1 0.521295 0.516569 0.607665 0.378707 -0.500221 0.204079 -1 -0.851504 0.253004 -0.105706 0.530363 -0.438825 -1 -0.176545 -0.978093 1 -0.210484 0.362095 0.634047 0.149857 -0.104938 0.573187 0.527608 -0.0371352 0.0258537 0.928673 -0.660551 -1 -0.440176 -0.593141 -0.43099 0.145871 0.0368026 0.535993 0.00156915 -0.848071 -0.320125 0.361961 0.0462581 -0.249795 -0.462186 -1 -0.835753 -0.559825 0.518217 -0.220082 0.476583 -0.939228 -0.556826 -0.109296 -1 0.674982 -0.364751 0.684462 -0.446158 0.521702 -0.288689 0.106244 -0.387278 0.11101 0.160604 -0.798714 -1 0.75263 0.790291 -0.771436 -0.689844 -1 -1 -0.83603 -0.79371 0.0524793 -0.589137 0.254436 -0.308437 -0.749486 -0.723406 0.587843 -0.404376 -0.199437 -0.820765 0.128603 0.716556 -1 -0.237972 0.0253031 0.0194007 0.103754 0.895883 
0.233734 -0.972906 0.677894 -0.378679 -0.203775 -0.0259604 0.543885 -0.173312 0.759067 0.543143 -0.288718 -0.631124 -1 -0.599769 -0.215313 -0.29895 -1 0.521295 0.379573 0.607665 0.378707 -0.500221 -0.169552 -1 -0.256404 0.997579 -0.105706 0.62633 0.42058 -1 -0.0323553 -1 0.120503 0.280293 0.598322 0.531498 0.149857 -0.104938 0.370601 0.929893 0.114039 -0.268552 0.928673 0.357734 -0.844499 -1 -0.593141 -0.478452 -0.913424 0.0368026 0.989176 0.00156915 -1 -0.56823 -0.267506 0.0462581 -0.336443 -0.462186 -1 -1 0.315218 0.450985 -0.913583 0.476583 -0.598267 -0.556826 -0.109296 -1 0.674982 -1 0.684462 -0.430334 0.521702 -0.288689 -0.852082 -0.387278 0.11101 0.160604 -0.895736 -0.713172 0.75263 0.898097 -0.656185 -1 -0.769596 -1 -1 -0.79371 0.0524793 -0.280763 -0.0329579 -0.308437 -0.749486 -0.964388 0.587843 -0.404376 -0.199437 -0.820765 0.128603 0.716556 -1 -0.12121 -0.300782 0.809606 0.103754 0.961879 
0.532917 -0.972906 0.981841 -0.378679 -0.467848 -0.0259604 0.327588 -0.0554509 0.494058 0.0481193 -0.521103 -0.631124 -1 -1 -0.215313 -0.471691 -1 0.521295 0.379573 0.607665 0.378707 -0.965003 0.204079 -1 -0.256404 0.872866 -0.105706 0.298276 0.42058 -1 0.0524159 -1 0.967137 -0.0581558 0.925325 0.531498 0.149857 -0.267531 -0.471217 0.4849 -0.0395189 -0.203443 1 -0.17742 -1 -0.440176 -1 -0.478452 -0.71074 -0.30023 0.0599894 0.00156915 -1 -0.320125 -0.135767 0.0462581 -0.643082 -0.462186 -1 -0.835753 0.136414 0.518217 -0.443979 0.417972 -0.836132 -0.690329 -0.109296 -0.677462 0.622135 -0.364751 0.924769 -0.446158 0.521702 -0.741122 0.0568645 -0.387278 0.11101 -0.603189 -0.895736 -0.865895 0.75263 0.919225 -0.656185 -1 -0.769596 -0.80016 -0.83603 -0.657211 0.0524793 -0.589137 -0.0329579 -0.308437 -1 -0.94092 0.587843 -0.404376 -0.199437 -0.820765 -0.310353 0.446074 -1 -0.237972 0.0253031 0.36978 0.103754 0.689744 
0.532917 -0.972906 0.677894 -0.378679 -0.203775 -0.0259604 0.819071 -0.00344336 0.759067 0.543143 -0.768762 -0.631124 -1 -0.411901 -1 -0.89807 -1 -0.0279562 0.379573 0.607665 0.378707 -0.500221 0.204079 -1 -0.256404 0.997579 -0.105706 0.421548 0.0513262 -1 -0.176545 -1 0.967137 0.280293 0.925325 0.531498 0.149857 -0.104938 0.175695 0.929893 0.241652 0.0258537 0.884279 0.357734 -1 -0.440176 -0.593141 -0.703793 0.145871 0.0368026 0.989176 0.00156915 -0.848071 -0.320125 0.361961 0.0462581 -0.336443 -0.641867 -1 -0.835753 0.315218 0.258837 -0.220082 0.476583 -0.115936 -0.556826 -0.109296 -1 0.674982 -0.364751 0.684462 -0.446158 0.521702 -0.288689 0.106244 -0.387278 0.11101 0.160604 -0.895736 -0.865895 0.756721 0.898097 -0.656185 -1 -0.836994 -1 -0.83603 -0.723256 0.0524793 -0.589137 -0.357828 -0.308437 -0.749486 -0.817723 0.587843 -0.404376 -0.199437 -0.820765 0.128603 0.210442 -1 -0.654745 0.0253031 0.809606 0.103754 0.895883 
0.123027 -1 0.677894 -0.378679 -0.203775 -0.0633917 0.819071 0.576785 0.96962 0.543143 -1 -0.82235 -1 -0.411901 -0.682701 -1 -1 0.521295 0.636201 -0.116706 0.083707 -0.500221 0.204079 -1 -0.348837 0.997579 -0.356047 0.530363 0.42058 -0.829509 0.119857 -1 0.653802 0.280293 0.925325 0.531498 -0.100951 -0.104938 0.370601 0.929893 -0.138618 0.0013621 0.797685 0.357734 -1 -0.440176 -1 -0.478452 0.145871 -0.594697 0.456277 0.00156915 -0.848071 -0.53208 0.361961 -0.744928 -0.794614 -0.462186 -1 -1 0.315218 0.518217 -0.220082 0.124736 -0.260936 -0.556826 -0.233061 -0.879034 0.674982 -0.364751 0.684462 -0.446158 0.353621 -0.288689 -0.406055 -0.955347 -0.692263 0.160604 -0.895736 -0.865895 0.75263 0.898097 -0.656185 -1 -0.769596 -0.80016 -0.83603 -0.79371 -0.0377286 -0.589137 -0.0329579 -0.308437 -0.749486 -0.833057 0.587843 -0.404376 -0.199437 -0.820765 0.128603 0.716556 -1 -0.237972 0.0253031 0.809606 0.103754 0.895883 
0.449576 -0.972906 0.677894 -0.378679 -0.203775 -0.0259604 0.819071 -0.00344336 0.759067 0.543143 -0.521103 -0.631124 -1 -0.411901 -1 -0.471691 -1 -0.0279562 0.379573 0.607665 0.378707 -0.500221 0.204079 -1 -0.256404 0.997579 -0.105706 0.530363 0.0513262 -1 -0.176545 -1 0.967137 0.280293 0.925325 0.459925 0.149857 -0.104938 0.370601 0.929893 0.250825 0.0258537 0.928673 0.357734 -1 -0.440176 -0.593141 -0.478452 0.145871 0.0368026 0.989176 0.00156915 -1 -0.320125 0.361961 0.0462581 -0.336443 -0.462186 -1 -0.835753 0.315218 0.258837 -0.220082 0.16089 -0.115936 -0.556826 -0.472262 -1 0.674982 -0.364751 0.684462 -0.446158 0.521702 -0.288689 0.106244 -0.387278 -0.480783 0.160604 -0.895736 -0.865895 0.756721 0.898097 -0.656185 -1 -0.769596 -0.832727 -0.83603 -0.723256 0.0524793 -0.589137 -0.42748 -0.308437 -0.749486 -1 0.587843 -0.404376 -0.0241403 -0.820765 0.128603 0.716556 -1 -0.301777 0.0253031 0.809606 0.103754 0.895883 
-1 -0.912546 0.47616 -0.388734 -0.857218 0.765297 0.905495 0.00894523 0.152793 -1 -0.0980724 -1 0.581292 -0.518576 0.540058 -0.72625 -0.496218 -1 -1 0.544324 -1 0.969553 0.301997 -0.368928 -0.194907 0.683135 -0.0473179 0.146142 -0.0930527 0.32248 0.000403285 0.347819 -0.725328 -0.466652 -0.418651 -0.861742 0.238277 -0.231246 -0.466147 0.716759 -0.379878 -0.247421 0.494482 -1 0.26107 0.227824 0.480719 0.757378 -0.769222 0.528513 -0.590853 -1 -1 -0.545294 -0.528237 -1 0.754323 0.482862 -0.739631 -0.00236261 -0.987435 -0.35636 0.619021 -0.724675 -0.92299 0.154835 -1 -0.63006 0.511811 0.839335 -1 -0.844267 -0.492491 0.704083 -0.319499 -0.571345 -0.412675 0.526235 -0.695105 -0.560136 -0.226765 0.0163202 -0.26877 0.857044 0.328556 0.954578 -0.233719 -0.466985 -1 0.309196 0.431927 -1 -1 0.371817 -0.81734 0.257293 -1 -0.363029 -0.357506 0.0566357 -0.949533 -0.772914 -0.74011 -0.679026 0.861674 0.35317 
-1 -1 0.517059 -0.701531 -0.487212 0.765297 0.365761 0.00894523 0.152793 -1 -0.0980724 -1 0.581292 -0.493667 0.540058 -0.72625 -0.496218 -1 -1 0.544324 -1 0.969553 -0.369391 -0.601621 -0.375147 0.0538202 -0.0473179 -0.661893 -0.0930527 0.32248 0.000403285 0.347819 -0.763363 -0.466652 -0.418651 -1 0.409729 -0.567872 -0.038273 0.716759 -0.179541 -0.247421 0.494482 -1 -0.830299 -0.577405 0.480719 0.757378 -0.743331 0.276148 -0.584656 -1 -1 -0.586527 -0.230885 -1 0.719883 -0.0210978 -1 -0.737426 -0.987435 -0.343666 0.619021 -0.724675 -1 0.154835 -1 -1 -0.0410641 0.61565 -1 -0.844267 -0.492491 0.761604 -0.156611 -0.531875 -0.864691 0.526235 -0.695105 -0.560136 -0.226765 0.0163202 -0.26877 0.857044 0.60651 0.954578 -0.028515 -0.545967 -1 0.214799 0.0847825 -1 -1 0.602245 -1 -0.489986 -0.645899 -0.363029 -0.29984 0.0566357 -0.949533 -1 -0.74011 -0.679026 0.568288 0.156304 
-1 -0.950758 0.231244 -0.453584 -0.137324 0.282831 0.905495 0.00117484 -0.0457162 -1 -0.445111 -1 0.771156 -1 0.542566 -0.72625 -0.328889 -1 -1 -0.142604 -1 0.89162 -0.377112 -0.368928 -1 0.428797 -0.107136 -0.923036 0.0250853 -1 -0.592079 0.347819 -0.433083 -1 -0.850933 -1 0.238277 -0.640147 -0.331665 0.538896 -1 -0.247421 -0.211351 -1 -0.108203 0.469351 0.505573 0.719796 -0.667242 -0.213032 -0.664749 -1 -1 -0.907722 -0.120712 -0.798761 0.754323 0.482862 -1 -0.00236261 -1 0.160057 0.137773 -1 -1 -0.436747 -1 -0.64605 0.555108 0.321905 -0.849416 -0.844267 -0.36764 -0.0610921 -0.156611 -0.475785 -0.412675 0.597201 -0.879357 -0.274044 -0.95221 -0.841409 -0.26877 0.140347 0.422817 1 0.0384435 -0.545967 -0.840351 -0.244412 -0.672056 -1 -0.767483 0.590292 -0.78909 0.16265 -0.684539 -1 -0.144378 -0.276518 -0.739484 -0.772914 -0.74011 -0.537289 0.365514 0.186194 
0.532917 -1 0.677894 -0.626961 -0.203775 -0.0259604 0.819071 0.576785 0.446785 0.56826 -0.521103 -0.893974 -1 -0.741978 -0.938505 -1 -1 -0.718773 0.379573 0.23999 -0.162818 -0.807523 0.204079 -1 -0.256404 0.997579 -0.105706 0.530363 0.665113 -1 -0.00562774 -0.916505 0.5533 0.280293 0.925325 -0.100956 0.124732 -0.176996 0.288364 0.929893 -0.0622863 0.0258537 0.372126 0.357734 -1 -0.672369 -0.693445 -0.478452 -0.699101 0.0368026 0.989176 0.00156915 -1 -0.740309 0.361961 -0.436388 -0.336443 -0.462186 -1 -1 0.391423 0.20356 -1 0.0576507 -0.234996 -0.556826 -0.109296 -1 0.674982 -1 0.882343 -0.446158 -0.0899193 -1 0.351841 -1 0.11101 -0.787451 -0.895736 -0.865895 0.350996 0.898097 -0.670142 -1 -0.769596 -0.80016 -0.83603 -0.791553 0.0524793 -0.589137 -0.0329579 -0.308437 -1 -1 0.587843 -1 -0.488117 -0.848426 0.12446 0.713971 -1 -0.237972 0.0253031 0.645727 0.103754 0.895883 
0.532917 -0.972906 0.677894 -0.626961 -0.203775 -0.0259604 0.381936 0.0382698 0.759067 0.543143 -0.521103 -0.631124 -1 -0.146437 -0.215313 -0.471691 -1 -0.409358 -0.211872 0.607665 0.378707 -0.573669 -0.219325 -1 -0.256404 0.526411 -0.105706 0.381785 0.665113 -1 -0.176545 -1 0.861005 0.280293 0.68142 -0.100956 -0.789079 -0.176996 -0.0222748 0.929893 -0.791602 0.0258537 0.559145 0.428671 -1 -0.650412 -0.693445 -0.288288 -1 0.0368026 1 -0.855576 -1 -0.320125 0.0405318 -0.436388 -0.336443 -0.6433 -1 -0.835753 0.366562 0.518217 -0.220082 0.476583 -1 -0.232775 -0.109296 -1 0.674982 -1 0.684462 -0.186876 0.190211 -0.288689 -0.258857 -0.387278 0.11101 -0.725416 -0.895736 -1 -0.13401 0.529552 -0.656185 -1 -1 -0.725779 -0.83603 -1 0.0524793 -0.589137 -0.260177 -0.308437 -0.749486 -1 0.587843 -0.404376 -0.488117 -1 0.128603 0.716556 -1 -0.237972 0.0253031 0.809606 0.103754 0.895883 
-1 -0.628672 -0.116122 -1 -0.44551 0.282831 0.329688 0.00117484 -0.0457162 -1 -0.445111 -1 0.581292 -0.986751 0.542566 -0.72625 -0.328889 -1 -1 -0.142604 -1 0.479418 -0.851953 -1 -1 0.428797 -0.0711788 -0.923036 -0.0509837 -0.673522 -0.201868 0.347819 -0.576864 -0.466652 -0.418651 -0.861742 0.267046 -0.640147 -0.190008 0.716759 -1 -0.247421 -0.602889 -1 0.26107 0.227824 0.209293 0.719796 -0.895415 -0.00714985 -0.574841 -1 -1 -0.941643 -0.306532 -1 0.754323 0.482862 -1 -0.00236261 -1 -0.484066 0.137773 -1 -1 -0.416264 -1 -0.340322 0.425839 0.321905 -0.849416 -0.844267 -0.492491 0.217607 -0.482709 -0.475785 -0.412675 0.548763 -0.879357 -0.560136 -0.95221 -0.841409 -0.26877 0.0451584 0.422817 1 -1 -0.545967 -1 0.356569 -1 -1 -1 0.249962 -0.78909 0.16265 -1 -0.0611324 -0.29984 -0.746558 -0.739484 -0.772914 -0.750156 -0.913372 0.365514 0.186194 
0.532917 -0.972906 0.52411 -0.626961 -0.203775 -0.0259604 0.381936 -0.706317 0.81696 0.543143 -0.521103 -0.631124 -1 -0.146437 -0.458365 -0.471691 -1 -0.409358 -0.211872 0.607665 0.378707 -0.573669 -0.736838 -1 -0.256404 0.526411 -0.105706 0.381785 0.665113 -1 -0.176545 -1 0.789202 0.280293 0.68142 -0.100956 -0.789079 -0.176996 0.145482 0.929893 -0.791602 0.0258537 0.559145 0.428671 -1 -0.650412 -0.693445 -0.288288 -1 0.0368026 1 -0.855576 -1 -0.689078 0.0405318 -0.436388 -0.336443 -0.6433 -1 -0.651299 0.366562 0.518217 -0.220082 0.476583 -1 -0.176618 -0.109296 -1 0.674982 -1 0.684462 -0.186876 0.190211 -0.288689 -0.258857 -0.340846 0.11101 -0.857551 -0.895736 -1 -0.13401 0.529552 -0.688809 -1 -1 -0.725779 -0.735057 -1 0.0524793 -0.589137 -0.260177 -0.308437 -0.749486 -1 0.587843 -0.404376 -0.488117 -1 0.128603 0.595987 -1 -0.237972 0.0253031 0.809606 0.103754 0.593055 
-1 -0.912546 0.231244 -0.388734 -0.990256 0.286064 0.652257 0.00894523 -0.643619 -1 -0.548541 -1 0.122565 -0.296432 -0.247492 -0.759136 -0.328889 -1 -1 1 -0.893134 0.89162 -0.629266 -0.160442 -1 0.192948 -0.853669 -0.923036 -0.662562 0.32248 -0.102244 0.347819 -1 -0.209459 -0.784192 -0.621333 -0.367673 -1 -1 0.716759 -1 -1 0.494482 -1 0.26107 0.227824 0.480719 1 -0.741866 0.338285 -1 -1 -1 -1 -0.306532 -1 0.754323 0.152989 -1 -0.00236261 -0.987435 -1 0.137773 -1 -1 -0.436747 -0.895769 -0.63006 -0.388454 -0.342102 -0.849416 -0.844267 -0.25572 0.217607 -0.322318 -1 -1 0.526235 -1 -0.560136 -0.226765 -0.562996 -1 1 -0.125364 0.703658 -0.233719 -1 -1 0.486911 0.119858 -1 -1 0.590292 -0.81734 -0.807822 -0.645899 -0.946188 -0.29984 -0.276518 -0.739484 -1 -0.74011 -0.86775 -0.0267859 -0.216366 
-1 -1 0.231244 -0.487721 -1 0.286064 0.553209 0.00894523 -0.643619 -0.852222 -0.448779 -1 -0.141584 -0.518576 -1 -0.759136 -0.328889 -0.81777 -1 0.889169 -0.893134 0.587791 -0.629266 -0.160442 -1 0.192948 -0.83333 -1 -1 -0.0983922 -0.870571 0.347819 -1 -0.209459 -0.419578 -0.621333 0.238277 -0.231246 -1 0.492005 -1 -1 -0.427545 -1 0.341244 0.0661589 0.480719 0.757378 -0.741866 0.338285 -0.937274 -1 -1 -1 -1 -0.857528 0.754323 0.482862 -1 -0.00236261 -0.987435 -0.261169 0.137773 -0.728177 -1 -0.436747 -1 -1 0.555108 -0.342102 -0.849416 -0.844267 -0.623075 -0.114606 -0.322318 -0.86713 -0.749486 0.193014 -1 -0.560136 -0.226765 -0.562996 -0.936272 1 -1 0.703658 -0.233719 -0.820009 -1 -0.233767 -0.00409231 -1 -1 0.590292 -1 -0.130021 -0.645899 -0.0611324 -0.29984 -0.276518 -1 -0.772914 -0.78197 -0.86775 0.223082 -0.216366 
-1 -1 0.231244 -1 -0.44551 0.282831 0.905495 0.00117484 -0.0457162 -1 -0.445111 -1 0.581292 -0.986751 0.542566 -0.737723 -0.440647 -1 -0.893676 -0.142604 -1 0.89162 -0.377112 -1 -1 0.428797 -0.107136 -0.923036 0.0250853 -1 -0.124848 0.347819 -0.268741 -1 -0.579238 -0.861742 0.238277 -0.531783 -0.494835 0.883036 -1 -0.247421 -0.211351 -1 0.26107 0.227824 0.505573 0.719796 -1 0.0261104 -0.574841 -1 -1 -0.907722 -0.306532 -0.798761 -0.104341 0.482862 -1 0.0055725 -1 -0.166729 0.137773 -0.724675 -1 -0.436747 -1 -0.340322 0.555108 -0.179023 -0.856031 -0.844267 -0.492491 0.478843 -0.156611 -0.475785 -0.412675 0.526235 -0.879357 -0.28582 -0.95221 -0.841409 -0.26877 0.0451584 0.422817 1 0.0384435 -0.545967 -1 0.581591 -0.544533 -1 -1 -0.0816073 -0.78909 0.16265 -0.684539 -0.0611324 -0.29984 -0.276518 -0.739484 -0.770628 -1 -0.707455 0.365514 0.186194 
0.532917 -0.972906 0.677894 -0.378679 -0.203775 -0.0259604 0.819071 0.576785 0.759067 0.543143 -0.521103 -0.631124 -1 -0.411901 -0.215313 -0.471691 -1 0.521295 0.379573 0.607665 0.378707 -0.500221 0.204079 -1 -0.256404 0.997579 -0.105706 0.530363 0.42058 -1 -0.176545 -1 0.967137 0.280293 0.925325 0.531498 0.149857 -0.104938 0.370601 0.929893 -0.0371352 0.0258537 0.928673 0.357734 -1 -0.440176 -0.593141 -0.478452 0.145871 0.0368026 0.989176 0.00156915 -0.848071 -0.320125 0.361961 0.0462581 -0.336443 -0.462186 -1 -0.835753 0.315218 0.518217 -0.220082 0.476583 -0.115936 -0.556826 -0.109296 -1 0.674982 -0.364751 0.684462 -0.446158 0.521702 -0.288689 0.106244 -0.387278 0.11101 0.160604 -0.895736 -0.865895 0.75263 0.898097 -0.656185 -1 -0.769596 -0.80016 -0.83603 -0.79371 0.0524793 -0.589137 -0.0329579 -0.308437 -0.749486 -1 0.587843 -0.404376 -0.199437 -0.820765 0.128603 0.716556 -1 -0.237972 0.0253031 0.809606 0.103754 0.895883 
0.532917 -1 0.860609 -0.378679 -0.613931 -0.784307 0.819071 0.576785 0.750253 0.543143 -0.521103 -0.631124 -1 -0.411901 -0.285697 -0.471691 -1 0.521295 0.379573 0.607665 0.378707 -0.500221 0.204079 -1 -1 0.997579 -0.105706 0.530363 0.42058 -1 -0.176545 -0.978093 0.967137 0.280293 0.925325 0.634047 0.149857 -0.104938 0.370601 0.239143 -0.0371352 0.0258537 0.928673 0.220902 -1 -0.440176 -0.593141 -0.478452 0.145871 0.0368026 0.989176 0.00156915 -1 -0.320125 0.361961 0.0462581 -0.336443 -0.462186 -1 -0.835753 -0.559825 0.816766 -0.220082 0.476583 -0.115936 -0.556826 -0.109296 -1 0.733373 -0.364751 0.684462 -0.446158 -0.358289 -0.288689 0.106244 -0.387278 0.039029 0.160604 -1 -1 0.75263 0.790291 -0.666409 -1 -1 -0.80016 -0.83603 -1 0.0524793 -0.726951 -0.493713 -0.308437 -0.749486 -1 0.587843 -0.404376 -0.0938819 -0.820765 0.128603 0.115689 -1 -0.237972 0.0253031 0.453623 0.103754 0.895883 
0.532917 -0.972906 -0.196129 -0.626961 -1 -0.891325 0.327188 0.0382698 0.759067 0.543143 -0.521103 -0.69078 -1 -0.146437 -0.215313 -0.471691 -1 -0.409358 -0.245793 0.521603 0.378707 -0.507201 0.204079 -1 -0.256404 0.526411 0.125594 0.381785 0.665113 -1 -0.176545 -1 0.0472078 0.280293 0.68142 -0.100956 -0.789079 -0.176996 -0.0222748 0.929893 -0.791602 0.0258537 0.559145 0.161267 -1 -0.650412 -0.693445 -0.478452 -1 0.3082 0.736355 -0.855576 -1 -0.550776 0.361961 -0.436388 -0.336443 -0.462186 -1 -0.835753 0.366562 0.518217 -0.373478 0.476583 -0.963178 -0.232775 -0.109296 -1 0.674982 -1 0.00635862 -0.186876 0.190211 -0.288689 0.106244 -1 0.11101 0.160604 -0.895736 -0.865895 -0.13401 0.529552 -0.656185 -1 -1 -1 -1 -0.79371 0.0524793 -0.589137 -0.0329579 -0.752309 -0.749486 -1 0.587843 -0.404376 -0.488117 -1 0.128603 0.716556 -1 -0.237972 0.0253031 -0.0374248 0.103754 0.895883 
0.532917 -0.972906 0.55655 -0.519415 -0.203775 -0.93212 0.819071 0.576785 0.759067 0.0532771 -0.521103 -1 -1 -1 -0.59354 -0.471691 -1 0.00582755 0.379573 0.304643 0.378707 -0.736463 -0.0726969 -1 -0.256404 0.706151 -0.105706 0.530363 0.42058 -1 -0.176545 -1 0.262276 0.252704 0.925325 0.568324 0.149857 -0.699253 0.370601 0.441422 -0.0371352 -0.375329 0.569457 0.357734 -1 -1 -0.593141 -0.951479 0.145871 0.0368026 0.228794 -0.833354 -0.848071 -0.0308155 0.0641853 0.0462581 -0.336443 -0.462186 -1 -0.561173 0.315218 0.00549904 -0.694782 0.476583 -0.115936 -0.556826 -0.210742 -1 0.674982 -0.513691 0.684462 -0.446158 0.521702 -0.690836 0.106244 -0.387278 -0.718766 0.156652 -0.895736 -1 0.75263 0.262287 -0.656185 -1 -0.789659 -0.80016 -1 -0.79371 -0.375532 -0.791323 -0.240949 -1 -0.624863 -1 -0.0753877 -0.404376 -0.74175 -0.820765 0.352756 0.716556 -0.726482 -0.237972 0.0253031 0.809606 -0.017435 0.550299 
-1 -0.912546 0.47616 -0.193652 -0.857218 0.765297 0.905495 -0.416245 0.152793 -1 -0.0980724 -1 0.581292 -0.518576 0.540058 -0.72625 -0.496218 -1 -1 0.544324 -1 0.969553 0.301997 -0.368928 -0.341971 0.683135 -0.0473179 0.146142 -0.0930527 0.32248 0.000403285 0.347819 -0.725328 -0.921331 -0.418651 -0.861742 0.238277 -0.231246 -0.466147 0.716759 -0.379878 -0.247421 0.25065 -1 0.26107 0.227824 0.480719 0.757378 -0.769222 0.528513 -0.590853 -1 -1 -0.545294 -0.528237 -1 0.754323 0.482862 -0.739631 -0.00236261 -0.987435 -0.35636 0.619021 -0.724675 -0.92299 0.154835 -1 -0.63006 0.511811 0.839335 -1 -0.844267 -0.492491 0.704083 -0.319499 -0.571345 -0.412675 0.526235 -0.695105 -0.796526 -0.226765 0.0163202 -0.26877 0.857044 0.328556 0.954578 -0.233719 -0.466985 -1 0.309196 0.431927 -1 -1 0.371817 -0.81734 0.257293 -1 -0.363029 -0.357506 0.0566357 -1 -0.772914 -0.74011 -0.679026 0.861674 0.35317 
-0.328298 -0.972906 0.677894 -0.378679 -0.613931 -0.784307 -0.0380142 0.576785 0.750253 0.543143 -0.393533 -0.631124 -0.874966 -0.411901 -0.380167 -0.471691 -1 0.0994388 0.379573 0.607665 0.378707 -0.500221 0.204079 -1 -1 0.997579 -0.710819 0.530363 0.191863 -1 -0.176545 -0.978093 0.967137 0.280293 0.925325 0.894222 0.149857 -0.104938 0.370601 0.527608 -0.0371352 0.0258537 0.928673 0.220902 -1 -1 -0.593141 -0.478452 0.145871 0.0368026 0.989176 0.00156915 -0.848071 -0.320125 0.361961 0.0462581 -0.336443 -0.349841 -1 -0.835753 -0.986927 0.518217 -0.220082 0.476583 -0.207143 -0.556826 -0.109296 -1 0.674982 -0.364751 0.684462 -0.446158 0.521702 -0.288689 0.106244 -0.387278 0.11101 0.160604 -1 -1 0.75263 0.790291 -0.656185 -1 -1 -0.80016 -0.83603 -0.79371 0.368258 -0.589137 -0.0329579 -0.308437 -0.749486 -0.723406 0.175756 -0.404376 -0.199437 -1 0.128603 -0.107289 -1 -0.237972 0.0253031 0.795099 0.103754 0.895883 
-0.0472957 -0.972906 0.677894 -0.378679 -0.613931 -0.954172 0.819071 0.576785 0.750253 0.548054 -1 -1 -1 -0.411901 -0.215313 -0.471691 -1 0.251689 0.516569 0.607665 0.378707 -0.500221 0.204079 -1 -0.851504 0.253004 -0.105706 0.530363 -0.438825 -1 -0.176545 -0.978093 1 -0.210484 0.362095 0.634047 0.149857 -0.104938 0.573187 0.598997 -0.0371352 0.0258537 0.928673 -0.660551 -1 -0.440176 -0.593141 -0.43099 0.145871 0.0368026 0.535993 0.026708 -0.848071 -0.320125 0.361961 0.0462581 -0.249795 -0.462186 -1 -0.835753 -0.799514 0.518217 -0.220082 0.476583 -0.939228 -0.556826 -0.109296 -1 0.674982 -0.364751 0.684462 -0.446158 0.219375 -0.288689 0.106244 -0.363726 -0.197742 0.160604 -0.798714 -1 0.75263 0.790291 -0.771436 -0.689844 -1 -1 -0.83603 -0.79371 0.0524793 -0.589137 0.254436 -0.308437 -0.749486 -0.723406 0.587843 -0.404376 -0.199437 -0.820765 0.128603 0.716556 -1 -0.237972 0.0253031 0.0194007 0.103754 0.895883 
0.532917 -0.940523 0.981841 -0.378679 -0.467848 -0.0259604 0.327588 -0.0554509 0.494058 0.0481193 -0.521103 -0.631124 -1 -1 -0.215313 -0.471691 -1 0.521295 0.379573 0.607665 0.378707 -0.965003 0.204079 -1 -0.256404 0.872866 -0.105706 0.298276 0.42058 -1 0.0524159 -1 0.967137 -0.0581558 0.925325 0.531498 0.149857 -0.267531 -0.471217 0.4849 -0.0395189 -0.203443 1 -0.17742 -1 -0.440176 -1 -0.478452 -0.71074 -0.30023 0.0599894 0.00156915 -1 -0.320125 -0.135767 0.0462581 -0.643082 -0.462186 -1 -0.835753 0.136414 0.518217 -0.443979 0.417972 -0.836132 -0.690329 -0.492135 -0.677462 0.622135 -0.364751 0.924769 -0.446158 0.521702 -0.741122 0.0568645 -0.387278 0.11101 -0.603189 -0.895736 -0.865895 0.75263 0.919225 -0.656185 -1 -1 -0.80016 -0.83603 -0.657211 0.0524793 -0.589137 -0.0329579 -0.308437 -1 -0.94092 0.587843 -0.404376 -0.199437 -0.820765 -0.310353 0.446074 -1 -0.237972 0.0253031 -0.198385 0.103754 0.689744 
0.532917 -0.972906 0.677894 -0.378679 -0.203775 -0.0259604 0.819071 0.576785 0.759067 0.543143 -0.521103 -0.631124 -1 -0.411901 -0.215313 -0.471691 -1 0.521295 0.379573 0.607665 0.378707 -0.500221 0.204079 -1 -0.256404 0.997579 -0.105706 0.530363 0.42058 -1 -0.176545 -1 0.967137 0.280293 0.925325 0.531498 0.149857 -0.104938 0.370601 0.929893 -0.0371352 0.0258537 0.928673 0.357734 -1 -0.440176 -0.593141 -0.478452 0.145871 0.0368026 0.989176 0.00156915 -0.848071 -0.320125 0.361961 0.0462581 -0.336443 -0.462186 -1 -0.835753 0.315218 0.518217 -0.220082 0.476583 -0.115936 -0.556826 -0.109296 -1 0.674982 -0.364751 0.684462 -0.446158 0.521702 -0.288689 0.106244 -0.387278 0.11101 0.160604 -0.895736 -0.865895 0.75263 0.898097 -0.656185 -1 -0.769596 -0.80016 -0.83603 -0.79371 0.0524793 -0.589137 -0.0329579 -0.308437 -0.749486 -1 0.587843 -0.404376 -0.199437 -0.820765 0.128603 0.716556 -1 -0.237972 0.0253031 0.809606 0.103754 0.895883 
0.532917 -1 0.677894 -0.66286 -0.203775 -0.0259604 0.819071 0.576785 0.446785 0.56826 -0.751016 -0.893974 -1 -0.98058 -0.938505 -1 -1 -0.718773 -0.0551284 0.23999 -0.162818 -0.807523 0.204079 -1 -0.256404 0.876801 -0.105706 0.530363 0.665113 -1 -0.00562774 -1 0.5533 0.280293 0.925325 -0.100956 0.124732 -0.176996 0.288364 0.929893 -0.0622863 -0.418884 0.180815 0.357734 -1 -0.672369 -0.693445 -0.478452 -0.699101 0.0368026 0.552378 0.00156915 -1 -0.58548 0.361961 -1 -0.336443 -0.462186 -1 -1 0.391423 0.20356 -1 0.0576507 -0.234996 -0.556826 0.0387718 -1 0.674982 -1 1 -0.446158 -0.0899193 -1 0.351841 -1 0.11101 -0.787451 -1 -0.865895 0.350996 0.898097 -0.479526 -1 -0.769596 -0.80016 -0.83603 -0.791553 0.0524793 -0.589137 -0.0329579 -0.308437 -1 -1 0.449846 -1 -0.223863 -0.848426 0.0467816 0.488467 -1 -0.237972 0.0253031 0.645727 0.103754 0.895883 
-1 -1 0.231244 -0.453584 -0.44551 0.282831 0.905495 0.00117484 -0.0457162 -1 -0.518503 -1 0.581292 -1 0.542566 -0.72625 -0.328889 -1 -0.844846 -0.142604 -1 0.89162 -0.377112 -1 -1 0.428797 -0.107136 -0.923036 0.0250853 -1 0.0549393 0.0337665 -0.433083 -0.466652 -0.936632 -0.861742 0.238277 -0.640147 -0.494835 0.538896 -1 -0.247421 -0.211351 -1 0.26107 0.469351 0.505573 0.719796 -0.667242 -1 -0.425382 -1 -1 -0.907722 -0.306532 -0.798761 0.754323 0.482862 -1 -0.00236261 -1 0.160057 0.137773 -1 -1 -0.436747 -1 -0.64605 0.555108 -0.270307 -0.849416 -0.733946 -0.492491 -0.0610921 -0.156611 -1 -0.270891 0.526235 -0.879357 -0.560136 -1 -0.647579 -0.26877 0.140347 0.422817 1 0.0384435 -0.545967 -1 0.356569 -0.672056 -1 -0.767483 0.590292 -0.78909 0.16265 -0.684539 -0.498547 -0.482281 0.0181544 -0.739484 -0.772914 -0.74011 -0.537289 0.365514 0.186194 
0.532917 -0.972906 0.52411 -0.626961 -0.203775 -0.0259604 0.381936 -0.323514 0.81696 0.543143 -0.521103 -0.631124 -1 -0.146437 -0.458365 -0.471691 -1 -0.409358 -0.211872 0.607665 0.378707 -0.573669 -0.736838 -1 -0.256404 0.526411 -0.105706 0.381785 0.665113 -1 -0.176545 -1 0.861005 0.280293 0.68142 -0.100956 -0.789079 -0.176996 -0.0222748 0.929893 -0.791602 0.0258537 0.559145 0.428671 -1 -0.650412 -0.693445 -0.288288 -1 0.0368026 1 -0.855576 -1 -0.689078 0.0405318 -0.436388 -0.336443 -0.6433 -1 -0.651299 0.366562 0.518217 -0.220082 0.476583 -1 -0.176618 -0.109296 -1 0.674982 -1 0.684462 -0.186876 0.190211 -0.288689 -0.258857 -0.387278 0.11101 -0.725416 -0.895736 -1 -0.13401 0.529552 -0.656185 -1 -1 -0.725779 -0.735057 -1 0.0524793 -0.589137 -0.260177 -0.308437 -0.749486 -1 0.587843 -0.404376 -0.488117 -1 0.128603 0.716556 -1 -0.237972 0.0253031 0.809606 0.103754 0.593055 
-1 -0.628672 -0.116122 -1 -0.44551 0.282831 0.329688 0.00117484 -0.0457162 -1 -0.445111 -1 0.581292 -0.986751 0.542566 -0.72625 -0.328889 -1 -1 -0.142604 -1 0.479418 -0.851953 -1 -1 0.428797 -0.0711788 -0.923036 -0.0509837 -0.673522 -0.201868 0.347819 -0.576864 -0.466652 -0.418651 -0.861742 0.267046 -0.640147 -0.190008 0.716759 -1 -0.247421 -0.602889 -1 0.26107 0.227824 0.505573 0.719796 -0.895415 -0.00714985 -0.574841 -1 -1 -0.941643 -0.306532 -1 0.754323 0.482862 -1 -0.00236261 -1 -0.484066 0.137773 -1 -1 -0.416264 -1 -0.340322 0.555108 0.321905 -0.849416 -0.844267 -0.492491 0.217607 -0.482709 -0.475785 -0.412675 0.548763 -0.879357 -0.560136 -0.95221 -0.841409 -0.26877 0.0451584 0.422817 1 -0.858325 -0.545967 -1 0.356569 -1 -1 -1 0.249962 -0.78909 0.16265 -1 -0.0611324 -0.29984 -0.746558 -0.739484 -0.772914 -0.750156 -0.707455 0.365514 0.186194 
0.532917 -0.972906 0.677894 -0.378679 -0.203775 -0.0259604 0.819071 0.576785 0.759067 0.543143 -0.521103 -0.631124 -1 -0.411901 -0.215313 -0.471691 -1 0.521295 0.379573 0.607665 0.378707 -0.500221 0.204079 -1 -0.256404 0.997579 -0.105706 0.530363 0.42058 -1 -0.176545 -1 0.967137 0.280293 0.925325 0.531498 0.149857 -0.104938 0.370601 0.929893 -0.0371352 0.0258537 0.928673 0.357734 -1 -0.440176 -0.593141 -0.478452 0.145871 0.0368026 0.989176 0.00156915 -0.848071 -0.320125 0.361961 0.0462581 -0.336443 -0.462186 -1 -0.835753 0.315218 0.518217 -0.220082 0.476583 -0.115936 -0.556826 -0.109296 -1 0.674982 -0.364751 0.684462 -0.446158 0.521702 -0.288689 0.106244 -0.387278 0.11101 0.160604 -0.895736 -0.865895 0.75263 0.898097 -0.656185 -1 -0.769596 -0.80016 -0.83603 -0.79371 0.0524793 -0.589137 -0.0329579 -0.308437 -0.749486 -1 0.587843 -0.404376 -0.199437 -0.820765 0.128603 0.716556 -1 -0.237972 0.0253031 0.809606 0.103754 0.895883 
-1 -1 0.47616 -0.388734 -0.487212 0.765297 1 -0.962228 0.152793 -1 -0.0980724 -1 0.909184 -0.518576 0.540058 -1 -0.289051 -1 -1 0.754179 -1 0.44004 0.301997 -0.34631 0.0369728 0.774965 -0.0473179 0.146142 -0.0930527 0.32248 -1 0.347819 -0.819801 -1 -0.418651 -1 -0.150352 -0.231246 -0.369584 0.509435 -0.0655056 -1 0.494482 -1 0.290719 0.227824 0.408072 0.757378 -0.769222 0.143848 -1 -0.998187 -1 -1 -0.177195 -1 0.754323 0.482862 -0.739631 0.230203 -1 0.131459 0.827749 -0.724675 -1 0.154835 -1 -1 0.554373 1 -0.904907 -0.733293 -0.492491 0.504945 -0.645022 -1 -0.412675 0.526235 -0.856329 -0.560136 -0.226765 0.0163202 -1 0.611996 0.328556 0.954578 -0.233719 -1 -1 0.58808 -0.485088 -1 -0.908178 0.590292 -1 0.257293 -0.645899 -1 0.0402569 0.0566357 -0.949533 -0.772914 -0.73764 -1 0.867079 -1 
-0.0202744 -1 0.52411 -0.626961 -0.548103 -0.0259604 0.381936 -0.323514 0.81696 0.543143 -0.521103 -0.631124 -1 -0.283402 -0.458365 -0.471691 -1 -0.409358 -0.211872 0.607665 0.378707 -0.573669 -0.736838 -1 -0.256404 0.526411 -0.105706 0.381785 0.582259 -1 -0.176545 -1 0.861005 0.359117 0.68142 -0.100956 -0.789079 -0.176996 -0.0222748 1 -0.791602 0.0258537 -0.00365824 0.428671 -0.962027 -0.650412 -0.693445 -0.288288 -1 0.0368026 0.491061 -0.855576 -1 -0.689078 -0.376805 -0.436388 -0.336443 -0.6433 -1 -0.651299 0.366562 0.518217 -0.220082 0.476583 -1 -0.176618 -0.109296 -1 0.674982 -1 0.684462 -0.186876 0.190211 -0.288689 -0.258857 -0.888383 0.11101 -0.725416 -0.895736 -1 -0.13401 0.156002 -0.656185 -1 -1 -0.725779 -0.735057 -1 -0.313087 -0.589137 -0.260177 -0.308437 -0.749486 -1 0.587843 -0.404376 -0.488117 -1 0.128603 0.716556 -1 -0.231679 0.0253031 0.809606 0.103754 0.593055 
0.532917 -1 0.900976 -0.444323 -0.771357 -0.476922 0.819071 0.576785 0.390133 0.543143 -0.395999 -0.631124 -1 -1 -0.0131745 -0.471691 -1 0.521295 0.379573 0.607665 0.440781 -0.500221 0.204079 -1 -0.256404 0.997579 -0.105706 0.530363 0.42058 -1 -0.176545 -1 0.967137 0.280293 0.925325 0.531498 0.149857 -0.104938 0.316342 0.929893 -0.0371352 0.0258537 0.488381 -0.00563854 -1 -0.977007 -0.593141 -0.478452 0.446786 0.0368026 0.989176 0.00156915 -0.848071 -0.466269 0.361961 -0.891414 -0.336443 -0.462186 -1 -0.835753 0.315218 0.518217 -0.220082 -0.265226 -1 -0.556826 -0.109296 -1 0.674982 -0.364751 0.684462 -0.446158 0.521702 -0.288689 0.106244 -0.788671 0.11101 0.160604 -0.871634 -0.865895 0.75263 0.0365379 -0.656185 -1 -0.769596 -1 -0.83603 -0.79371 0.0524793 -0.589137 -0.367491 -0.308437 -0.749486 -1 0.495069 -1 -1 -0.820765 0.128603 0.716556 -1 -0.54887 0.0253031 0.809606 0.332123 0.895883 
-1 -0.912546 0.231244 -0.388734 -0.990256 0.0101261 0.692511 0.135462 -0.276265 -1 -0.271353 -1 0.0391645 -0.518576 -0.247492 -1 -1 -1 -1 0.889169 -0.687463 0.89162 -0.629266 -0.160442 -1 0.621341 -0.853669 -0.958666 0.0866181 0.32248 0.00219624 0.347819 -1 -0.233778 -0.966628 -0.42544 0.238277 -0.231246 -1 0.716759 -1 -1 0.494482 -1 -0.384125 0.353323 -0.463262 0.137072 -1 0.338285 -1 -1 -1 -1 -1 -1 0.754323 0.482862 -1 -0.00236261 -0.987435 0.160057 0.137773 -0.724675 -1 -0.436747 -1 -0.63006 0.555108 0.228992 -0.849416 -0.844267 -0.492491 -0.751379 -0.322318 -1 -0.749486 -0.416505 -1 -0.560136 -0.855175 -0.562996 -1 1 -0.428343 1 -0.233719 -0.271664 -1 0.58808 -0.00409231 -0.951844 -1 0.567429 -0.81734 -0.0229631 -1 -0.0611324 -0.29984 -0.302836 -1 -0.772914 -0.673172 -0.821532 0.365514 0.328695 
0.532917 -1 1 -0.906376 -0.467848 -0.0259604 0.327588 -0.0554509 0.494058 0.0481193 -0.521103 -0.631124 -1 -1 -0.215313 -0.31607 -1 0.521295 0.379573 0.607665 0.378707 -0.965003 0.204079 -1 -0.256404 0.872866 -0.105706 0.298276 0.42058 -1 0.0524159 -1 0.967137 -0.0581558 0.641833 0.531498 0.149857 -0.267531 -0.471217 0.4849 -0.0395189 -0.203443 1 -0.17742 -1 -0.440176 -1 -0.478452 -0.707364 -0.30023 0.0599894 0.00156915 -1 -0.320125 -0.135767 0.0462581 -0.643082 -0.462186 -1 -0.835753 0.136414 0.518217 -0.443979 0.417972 -0.836132 -0.690329 -0.109296 -0.677462 0.622135 -0.364751 1 -0.446158 0.521702 -0.741122 0.0568645 -0.387278 0.11101 -0.603189 -0.895736 -0.865895 0.753142 0.919225 -0.656185 -1 -0.769596 -0.80016 -0.83603 -0.657211 0.0524793 -0.589137 -0.0329579 -0.308437 -1 -0.94092 0.587843 -0.404376 -0.199437 -0.820765 -0.684777 0.446074 -1 -0.237972 0.0253031 -0.0482864 0.103754 0.689744 
-1 -0.628672 -0.0612915 -1 -0.44551 0.282831 0.329688 0.00117484 -0.0457162 -1 -0.445111 -0.987483 0.581292 -0.986751 0.542566 -0.72625 -0.328889 -0.893552 -1 -0.142604 -0.927569 -0.223836 -0.851953 -1 -1 0.428797 -0.0711788 -0.923036 -0.0509837 -0.673522 -0.124848 0.347819 -0.433083 -0.466652 -0.418651 -0.861742 0.267046 -0.640147 -0.190008 0.716759 -1 -0.488088 -0.602889 -1 0.26107 0.227824 0.505573 0.719796 -0.895415 -0.494847 -0.574841 -1 -1 -0.907722 -0.306532 -0.915875 0.313736 0.482862 -1 -0.00236261 -1 -0.0866146 0.137773 -0.724675 -1 -0.436747 -1 -0.340322 0.555108 0.321905 -0.849416 -0.708308 -1 0.217607 -0.482709 -0.475785 -0.125462 0.548763 -0.879357 -0.560136 -0.95221 -0.841409 -0.26877 0.0451584 0.422817 1 -0.858325 -0.545967 -1 0.356569 -1 -1 -1 0.101018 -0.78909 0.16265 -0.792716 -0.0611324 -0.29984 -0.746558 -0.480922 -0.772914 -0.992317 -0.707455 0.365514 0.186194 
0.532917 -0.972906 0.677894 -0.626961 -0.203775 -0.0259604 0.819071 -0.692422 0.759067 -0.143775 -0.762275 -1 -1 -0.146437 -0.215313 -0.555076 -1 -0.409358 0.207145 0.607665 -0.538808 -0.500221 -0.219104 -1 -0.256404 0.190151 -0.105706 0.530363 0.665113 -1 -0.289124 -1 0.967137 0.280293 0.323627 -1 0.149857 -0.176996 -0.0222748 0.0509292 -0.0371352 -0.666421 0.909966 -0.229319 -1 -0.650412 -0.693445 -0.478452 -0.578204 0.0368026 0.989176 -0.683322 -1 -0.320125 0.361961 -0.436388 -0.600942 -0.712274 -1 -1 0.59099 0.518217 -0.220082 0.476583 -0.145305 -0.556826 -0.228737 -1 0.674982 -1 0.770376 -1 0.154492 -0.288689 0.106244 -0.387278 0.11101 0.160604 -0.895736 -0.865895 0.75263 0.898097 -1 -0.839871 -0.769596 -0.683155 -0.83603 -0.782836 0.0524793 -0.589137 -0.0329579 -0.760285 -0.749486 -1 0.142845 -0.404376 -0.488117 -1 -0.506927 0.716556 -1 -0.237972 -0.150915 0.371067 -0.538386 0.895883 
0.452337 0.35938 0.325806 -1 0.352701 -0.240686 -0.705476 -0.451096 -1 0.458447 -0.148548 -0.616611 -1 0.538455 -1 0.736934 -0.150146 0.355074 -0.912063 -1 -0.833885 -1 0.0578527 0.732498 0.35956 -0.497542 -1 -1 -0.378457 -0.442624 -0.2018 -0.722907 1 -0.897463 0.464905 -1 -0.791394 -1 -0.976227 -0.381534 -1 -0.44236 -0.0467912 -1 0.261887 0.11384 -0.62494 -1 0.346674 0.854835 0.101334 -0.820871 -0.699486 -0.597941 -0.746073 -1 -0.68489 -0.629642 -0.343239 -1 -0.67294 0.0394248 -1 -0.124596 -0.388466 -1 -1 0.499546 -0.823141 -0.142788 -0.594516 0.291913 -0.515777 -0.915121 -0.118019 0.357009 -1 -0.697711 0.277476 0.15511 -0.929473 -0.753067 0.841492 -0.146226 0.695101 -1 0.187596 -1 0.684234 -0.632731 0.333258 -0.50901 -1 0.0655 0.508921 -0.0213365 0.11963 -0.230059 -1 1 -0.553047 0.707512 -0.679776 -0.557557 -0.267777 -1 
-0.697737 -0.912546 0.231244 -1 -0.44551 0.282831 0.905495 0.00117484 -0.165743 -1 -0.445111 -1 0.581292 -1 0.542566 -0.72625 -0.328889 -1 -1 -0.142604 -1 0.89162 -0.377112 -0.368928 -1 0.428797 -0.107136 -0.923036 0.0250853 -1 0.0549393 0.347819 -0.357278 -1 -1 -1 0.238277 -0.640147 -0.494835 0.538896 -1 -0.247421 -0.211351 -1 -0.381395 0.469351 0.667 0.719796 -0.667242 0.0327604 -0.425382 -0.836627 -1 -0.907722 -0.306532 -0.798761 0.754323 0.482862 -1 -1 -1 0.160057 0.137773 -1 -1 -0.436747 -1 -0.64605 0.555108 0.321905 -0.764156 -0.844267 -0.492491 -0.396382 -0.156611 -0.475785 -0.412675 0.439178 -0.879357 -1 -0.95221 -0.841409 -0.26877 0.140347 0.422817 1 -0.481608 -0.545967 -1 0.356569 -0.672056 -1 -0.767483 0.590292 -0.946591 0.16265 -0.684539 -0.606881 -0.152901 -0.276518 -0.739484 -0.772914 -0.74011 -0.537289 0.365514 0.273017 
-1 -0.912546 0.47616 -0.388734 -0.487212 0.765297 0.905495 0.00894523 0.152793 -1 0.0514563 -1 0.581292 -0.518576 0.540058 -0.961844 -0.496218 -1 -1 0.544324 -1 0.969553 0.301997 -0.368928 -0.194907 0.774965 -0.0473179 0.146142 -0.0930527 0.43259 0.000403285 0.347819 -0.763363 -0.466652 -0.418651 -0.861742 0.238277 -0.231246 -0.0501377 0.716759 -0.0655056 -0.247421 0.494482 -1 0.26107 0.227824 0.480719 0.757378 -0.769222 0.338285 -0.590853 -1 -1 -0.545294 -0.230885 -1 0.754323 0.482862 -0.739631 -0.00236261 -0.987435 0.160057 0.619021 -0.724675 -1 0.154835 -1 -0.63006 0.511811 0.839335 -0.904907 -0.844267 -0.492491 0.504945 -0.156611 -0.317196 -0.643589 0.526235 -0.695105 -0.560136 -0.226765 0.0163202 -0.26877 0.857044 0.328556 0.954578 -0.233719 -0.545967 -1 0.58808 0.431927 -1 -1 0.590292 -0.81734 0.257293 -0.645899 -0.363029 -0.29984 0.0566357 -0.949533 -0.772914 -0.74011 -0.679026 0.861674 0.156304 
0.532917 -1 0.677894 -0.378679 -0.613931 -0.784307 0.819071 0.576785 0.750253 0.335709 -0.521103 -0.631124 -1 -0.411901 -0.215313 -0.471691 -0.768366 0.521295 0.379573 0.607665 0.378707 -0.500221 0.204079 -1 -1 0.997579 -0.105706 0.530363 0.42058 -1 -0.176545 -0.978093 0.967137 0.205651 0.925325 0.634047 0.149857 -0.104938 0.370601 0.527608 -0.0371352 0.0258537 0.928673 0.220902 -1 -0.440176 -1 -0.391447 0.3544 0.0368026 0.989176 0.00156915 -0.848071 -0.320125 0.361961 0.0462581 -0.718192 -1 -1 -0.835753 -0.250671 0.518217 -0.220082 0.476583 -0.115936 -0.556826 -0.0416703 -0.738243 0.674982 -1 0.684462 -0.632476 0.521702 -0.670921 0.106244 -0.387278 0.11101 0.160604 -0.895736 -1 0.971658 0.790291 -0.656185 -1 -1 -0.80016 -1 -0.79371 0.0524793 -0.589137 -0.0329579 -0.308437 -0.749486 -0.723406 0.587843 -0.404376 -0.199437 -0.820765 0.128603 0.133014 -1 0.0107089 0.0253031 0.795099 0.103754 0.845834 
0.640335 -0.972906 0.938455 -0.626961 -0.203775 -0.0259604 0.819071 -0.692422 0.759067 0.543143 -0.521103 -0.965489 -1 -0.470822 -0.215313 -0.471691 -1 -0.409358 0.379573 0.623704 0.378707 -0.500221 0.28523 -1 -0.256404 0.368667 -0.105706 0.530363 0.681124 -1 -0.289124 -1 0.967137 0.280293 0.323627 -0.100956 0.149857 -0.176996 -0.0222748 1 -0.0371352 0.0258537 0.909966 0.357734 -1 -0.650412 -0.693445 -0.478452 -0.699101 0.0368026 0.989176 0.265352 -1 -0.320125 0.361961 -0.436388 -0.336443 -0.712274 -1 -1 0.59099 0.518217 -1 0.476583 -0.145305 -0.556826 -0.203254 -1 0.674982 -1 0.684462 -0.446158 -0.0899193 -0.288689 0.106244 -0.387278 0.11101 0.160604 -1 -0.865895 0.75263 0.898097 -0.954211 -0.839871 -0.769596 -0.683155 -0.828889 -1 0.0524793 -0.589137 -0.0329579 -0.308437 -0.749486 -1 0.142845 -0.404376 -0.80308 -1 -0.506927 0.716556 -1 -0.237972 -0.150915 0.721048 -0.643895 0.895883 
0.532917 -0.972906 0.677894 -0.378679 -0.203775 -0.0259604 0.819071 0.576785 0.759067 0.543143 -0.521103 -0.631124 -1 -0.411901 -0.215313 -0.471691 -1 0.521295 0.379573 0.607665 0.378707 -0.500221 0.204079 -1 -0.256404 0.997579 -0.105706 0.530363 0.42058 -1 -0.176545 -1 0.967137 0.280293 0.925325 0.531498 0.149857 -0.104938 0.370601 0.929893 -0.0371352 0.0258537 0.928673 0.357734 -1 -0.440176 -0.593141 -0.478452 0.145871 0.0368026 0.989176 0.00156915 -0.848071 -0.320125 0.361961 0.0462581 -0.336443 -0.462186 -1 -0.835753 0.315218 0.518217 -0.220082 0.476583 -0.115936 -0.556826 -0.109296 -1 0.674982 -0.364751 0.684462 -0.446158 0.521702 -0.288689 0.106244 -0.387278 0.11101 0.160604 -0.895736 -0.865895 0.75263 0.898097 -0.656185 -1 -0.769596 -0.80016 -0.83603 -0.79371 0.0524793 -0.589137 -0.0329579 -0.308437 -0.749486 -1 0.587843 -0.404376 -0.199437 -0.820765 0.128603 0.716556 -1 -0.237972 0.0253031 0.809606 0.103754 0.895883 
0.532917 -0.972906 0.227736 -0.626961 -0.203775 -0.0259604 0.819071 -0.692422 0.759067 0.543143 -0.521103 -0.965489 -1 -0.146437 -0.215313 -1 -1 -0.694329 0.379573 0.607665 0.378707 -0.500221 0.28523 -1 -0.256404 0.368667 -0.105706 0.530363 0.665113 -1 -0.289124 -1 1 0.280293 0.323627 -0.100956 0.149857 -0.176996 -0.0222748 1 -0.0371352 0.0258537 0.909966 0.545762 -1 -1 -0.753694 -0.478452 -0.699101 0.0368026 0.989176 0.192967 -1 -0.320125 -0.344426 -0.436388 -0.336443 -0.712274 -1 -1 0.59099 0.518217 -0.220082 0.476583 -0.145305 -0.556826 -0.203254 -1 0.674982 -1 0.684462 -0.446158 -0.0899193 -0.288689 0.106244 -0.387278 0.11101 0.160604 -0.895736 -1 0.75263 0.898097 -0.954211 -0.92942 -0.769596 -0.683155 -0.83603 -0.93809 0.0524793 -0.589137 -0.0329579 -0.308437 -0.749486 -1 0.142845 -0.404376 -0.488117 -1 -0.506927 0.716556 -1 -1 -1 0.914171 -0.631633 0.895883 
-0.846944 -0.912546 0.0647493 -0.388734 -0.474644 -0.0214571 0.905495 -0.0667558 0.152793 -1 -0.327459 -0.744128 0.581292 -0.518576 0.540058 -0.72625 -0.496218 -1 -1 0.544324 -1 0.969553 0.301997 -0.368928 -0.194907 0.632249 -0.0473179 0.146142 -1 0.32248 0.000403285 0.347819 -0.763363 -1 -0.418651 -0.861742 0.238277 -0.858741 -0.038273 0.716759 -0.0655056 -0.247421 0.0690444 -1 0.26107 -0.524005 0.480719 0.757378 -1 0.338285 -0.590853 -1 -1 -0.545294 -0.429148 -1 0.00890481 -0.872835 -0.739631 -0.00236261 -0.987435 0.160057 0.619021 -0.724675 -0.849587 0.154835 -1 -0.63006 0.511811 0.839335 -0.904907 -0.844267 -0.492491 0.594933 -0.156611 -0.295116 -0.412675 0.526235 -1 -0.560136 -0.226765 0.0163202 -0.26877 0.148146 0.328556 0.0562503 -0.781069 -0.545967 -1 0.489265 0.431927 -1 -1 0.590292 -0.81734 -0.161771 -0.525486 -0.363029 -0.29984 0.0566357 -0.949533 -0.772914 -1 -0.679026 0.287472 0.156304 
-1 -1 0.231244 -0.453584 -0.137324 0.282831 0.905495 0.00117484 -0.0457162 -1 -0.445111 -1 0.771156 -1 0.542566 -0.72625 -0.328889 -1 -1 -0.142604 -1 0.89162 -0.377112 -0.368928 -1 0.0274592 -0.107136 -0.923036 0.0250853 -1 -0.592079 0.347819 -0.433083 -1 -0.850933 -0.894097 0.238277 -0.640147 -0.331665 0.538896 -1 -0.247421 -0.211351 -1 -0.108203 0.101829 0.505573 0.719796 -0.667242 -0.213032 -0.664749 -1 -1 -0.907722 -0.120712 -0.798761 0.754323 0.482862 -1 -0.00236261 -1 0.160057 0.137773 -1 -1 -0.436747 -1 -0.64605 0.555108 0.321905 -0.836585 -0.707584 -0.36764 -0.0610921 -0.156611 -0.475785 -0.412675 0.597201 -0.879357 -0.274044 -0.95221 -0.841409 -0.26877 0.140347 0.422817 1 -0.152587 -0.545967 -0.840351 -0.244412 -0.896269 -1 -0.767483 0.151973 -1 0.16265 -0.684539 -1 -0.144378 -0.276518 -0.739484 -0.772914 -0.74011 -0.537289 0.365514 0.186194 
-1 -0.912546 0.47616 -0.388734 -0.857218 0.765297 0.905495 0.00894523 0.152793 -1 -0.109755 -1 0.581292 -0.518576 0.540058 -0.72625 -0.496218 -1 -1 0.544324 -1 0.643805 0.301997 -0.368928 -0.194907 0.220314 -0.0473179 0.146142 -0.0930527 0.32248 0.0322094 0.347819 -0.725328 -0.466652 -0.418651 -0.861742 0.238277 -0.231246 -0.466147 0.716759 -0.379878 -0.766333 0.459777 -1 0.26107 0.227824 0.480719 0.757378 -0.769222 0.528513 -0.590853 -1 -1 -0.545294 -0.341832 -1 0.754323 0.482862 -0.739631 -0.00236261 -0.987435 -0.35636 0.619021 -0.724675 -0.92299 0.154835 -1 -0.63006 0.511811 0.839335 -1 -0.844267 -0.492491 0.704083 -0.319499 -0.571345 -0.412675 0.526235 -0.695105 -0.560136 -0.226765 0.0163202 -0.690466 0.857044 0.511467 0.954578 -0.233719 -0.381871 -1 0.309196 0.431927 -1 -1 0.371817 -0.81734 0.257293 -1 -0.363029 -0.357506 0.0566357 -0.949533 -0.772914 -0.74011 -0.679026 0.861674 0.35317 
