-0.12463 -1 -0.0595653 -1 -0.254613 -0.888254 0.0400256 -1 0.112091 -0.72952 0.302366 0.520668 0.849712 -0.877896 -0.140658 -0.87452 -0.459335 -0.33444 0.741218 -0.844853 0.123369 0.52819 0.569003 0.977086 -0.277547 -0.116782 0.565179 -0.311886 -0.771503 -1 -1 -0.409226 -1 -0.929481 0.583855 -0.20362 -0.530383 -0.0120977 0.158635 -0.577752 0.517678 -0.237505 0.745912 -0.925956 -0.0961997 0.732117 0.108542 -0.996029 -0.114548 0.690836 0.49285 -0.390683 -0.727178 -0.485743 -1 0.618616 0.56927 0.500683 -0.0935809 -0.632154 0.137536 -0.819511 -0.151091 0.376751 0.0840836 0.586377 -0.183545 0.465283 -0.804822 0.190769 -0.538047 -1 0.883585 0.500123 -0.143277 -0.850714 -0.527292 0.501503 0.642629 -0.612065 0.0973864 -0.350796 -0.49978 -0.0825111 -0.947788 -0.174763 -0.423419 -0.301969 0.926602 0.642671 -1 -0.66389 0.424042 0.531623 -0.61369 -0.56508 0.298907 -0.360828 0.805524 0.0379 0.556354 -0.0856369 -0.951676 -0.773766 -0.634466 0.320149 
-0.112127 0.42962 -0.287088 -1 -0.207012 0.0354427 -1 -0.445679 -0.880646 -1 0.485833 -1 -0.0255775 -0.859704 0.968912 0.258197 -0.744308 -1 -1 -0.0824996 -0.504345 -0.810278 0.292988 -0.0767848 -0.968944 -0.149278 0.552104 -0.351904 -0.758388 -0.0828841 -0.652751 -0.240006 -0.724804 -1 -0.818996 -1 -1 0.697235 0.670944 -0.218171 -0.176037 -0.580118 -1 1 -0.368589 -0.453697 0.515846 0.661481 -0.199438 -0.979115 -0.976218 -0.0236673 -0.214045 0.343035 -0.141646 -0.70864 -0.56719 0.857817 0.0233862 -0.0589861 0.601445 0.910822 -0.796278 -0.595716 -0.53646 -0.168877 -1 -1 0.61888 0.716123 -1 -0.510921 0.351254 -0.746656 0.796104 0.597202 -0.758155 -0.317315 -0.202779 -0.782361 -0.776591 0.568727 0.0933716 0.525975 -1 0.274013 -0.780764 -0.431267 -0.7715 -1 -0.0974765 0.197841 -1 -0.821569 -0.812334 0.118641 0.650355 0.571995 -1 0.272362 0.378921 0.28217 0.65998 -1 -0.54013 0.928017 
0.360286 0.296652 -1 -1 -0.0369625 -0.548164 -0.195553 -0.246083 0.645089 -0.714073 -1 -0.0560625 -0.314361 -1 -0.808184 -0.914937 -1 0.93523 -0.126097 -0.728422 -1 -1 -1 -1 -0.0579961 -0.245706 -0.292987 1 -0.514721 -0.760164 -0.233018 -1 -1 -1 -1 -0.882017 -0.874182 -0.416626 -1 -0.673263 -0.0631236 -1 -0.458723 -1 -1 -0.128634 0.391253 -0.37416 -0.563747 -0.916539 -0.822408 0.0979896 -0.541519 -1 -1 0.459067 -0.941353 0.0165241 -0.541458 -0.898758 -1 -0.0715255 -1 -0.417495 0.227931 -0.0170361 -0.116501 0.295797 0.670501 0.545961 0.113917 -0.453733 0.332467 -0.608538 -1 -1 -1 -0.0688732 -0.949146 0.164384 -1 0.631279 0.760418 -0.793067 -0.447087 0.0373283 -0.0236157 0.480339 -0.891153 0.138871 -1 -0.630615 -0.745962 0.997488 -0.932611 0.718786 -0.0984661 0.0109975 0.22726 0.925476 -0.964457 -0.877531 0.0356413 0.649056 0.210408 -0.678403 
0.360286 0.296652 -0.899339 -1 -0.866538 -0.26097 -0.195553 -0.246083 0.351846 -0.460675 -1 -0.176136 -0.314361 -1 -0.870947 -0.914937 -1 0.93523 -0.126097 -1 -1 -1 -1 -0.940334 -0.535056 -0.786124 -0.292987 0.990008 -0.514721 -0.760164 -0.868155 -1 -0.707443 -1 -0.553017 -0.737589 -1 -1 -0.718073 -1 -0.279677 -1 -0.325465 -1 -1 -0.327876 0.391253 -0.37416 -0.563747 -0.808452 -0.822408 0.396669 -1 -1 -1 -0.155605 -0.941353 0.24649 -0.541458 -0.779434 -1 -0.655326 -1 -0.904878 0.0536281 0.0228975 -0.116501 -0.522984 0.594198 0.545961 0.113917 -0.453733 0.332467 -0.608538 -1 -1 -1 -0.0688732 -0.965083 0.504262 -1 0.631279 0.323281 -1 -1 -0.187918 -0.0236157 0.480339 -1 0.131083 -1 -0.774679 -1 0.344439 -0.932611 0.637325 -0.0964799 -0.300249 0.22726 0.925476 -0.964457 -1 0.516927 0.649056 0.210408 -1 
0.0847071 0.302964 -1 -1 -0.465473 -0.168411 -0.195553 -0.593222 0.351846 -0.460675 -1 -0.487163 -1 -1 -0.719324 -0.914937 -1 0.93523 -0.568136 -1 -1 -1 -0.854701 -1 -0.0579961 -0.786124 -0.920028 0.951558 -0.514721 -0.760164 -0.233018 -1 -0.707443 -1 -0.642458 -0.441042 -0.945324 -0.712641 -1 -0.609804 -0.741938 -1 -1 -1 -1 -0.327876 0.391253 -1 -1 -0.926392 -0.822408 0.351101 -1 -1 -0.417128 -1 -0.941353 -0.33658 -0.541458 -1 -1 -0.144617 -1 -0.417495 0.556059 0.0553955 -0.00944671 -0.444048 0.893137 -0.333568 -0.323356 -0.453733 0.332467 -0.320319 -1 -1 -1 0.0795356 -1 0.504262 -1 0.738899 0.760418 -1 -1 -0.809368 -0.45905 0.256942 -1 0.138871 -1 -1 -0.733794 0.0923768 -0.79821 0.600946 -0.138316 -0.244728 0.313834 0.711489 -1 -0.748711 0.211073 0.649056 -0.294066 -0.513885 
-0.564732 0.296652 -1 -1 -0.0369625 -0.548164 -0.195553 -0.246083 0.645089 -0.714073 -1 -0.0560625 -0.314361 -1 -0.808184 -0.914937 -1 0.93523 -0.378846 -0.728422 -1 -1 -1 -1 -0.0579961 -0.245706 -0.292987 1 -0.514721 -0.760164 0.0530903 -1 -1 -1 -1 -0.882017 -0.874182 -0.416626 -1 -0.673263 -0.824824 -1 -0.458723 -0.698574 -1 -0.128634 0.391253 -0.37416 -0.563747 -0.916539 -0.983007 0.0979896 -0.541519 -1 -1 0.459067 -0.941353 0.0165241 -0.541458 -0.898758 -1 -0.0715255 -1 -0.417495 0.227931 -0.0170361 -0.385209 0.295797 0.670501 0.545961 0.113917 -0.346891 0.332467 -0.608538 -0.673813 -1 -1 0.200744 -0.949146 0.164384 -1 0.631279 0.760418 -0.793067 -0.447087 0.0373283 -0.0236157 0.480339 -0.891153 0.138871 -1 -0.630615 -1 0.997488 -0.932611 0.718786 -0.0984661 0.0109975 0.22726 0.925476 -0.964457 -0.877531 0.0356413 0.649056 0.210408 -0.678403 
0.360286 -0.872612 -1 -1 -0.0240263 -0.415567 -0.262158 -0.892474 0.647733 -0.714073 -1 -0.0560625 -0.61107 -0.555612 -1 -0.914937 -1 1 -0.00521162 -1 -0.604166 -0.961164 -1 -1 -0.83769 -1 -0.436452 -0.466686 -1 -0.846393 -0.0244182 -1 -1 -1 -1 -0.961245 -1 -0.685363 -1 -0.92249 -0.979853 -1 -1 -0.650213 -1 -0.128634 0.0453316 -0.646972 -0.913213 -1 -0.822408 -0.6227 -0.934413 -1 -0.847222 -0.636354 -1 -1 -0.541458 -1 -1 -0.955061 -1 -0.43339 0.359051 -0.345805 -0.116501 0.402181 0.194664 -0.659468 -0.96644 -1 0.492477 -0.610536 -1 -1 -1 -0.536765 -1 0.164384 -0.773299 -1 -0.388812 -1 -0.860498 -0.653632 0.532808 0.591331 -1 0.0572784 -0.891956 -1 -0.460133 0.997488 -0.932611 0.770648 -1 0.0109975 -0.1451 0.144944 -0.964457 -1 0.0356413 0.649056 -1 -1 
-0.564732 -0.554528 -1 -1 -0.175691 -0.81115 -0.127616 -0.246083 0.645089 -0.714073 -1 -0.57785 -0.913605 -1 -1 -0.874525 -1 0.93523 -0.378846 -0.983197 -1 -1 -1 -1 -0.0579961 -0.245706 -0.292987 0.536166 -0.514721 -0.760164 0.0530903 -1 -1 -1 -1 -1 -0.993164 -0.74791 -1 -0.673263 -1 -0.968066 -0.445485 -1 -1 -0.128634 0.313235 -0.37416 -0.790948 -0.916539 -0.983007 0.0979896 -0.541519 -1 -0.938217 0.459067 -0.941353 -0.283722 -0.541458 -1 -1 -0.0715255 -1 -0.726382 0.227931 -0.0170361 -0.385209 0.295797 0.670501 0.545961 0.0609121 -0.346891 0.332467 -0.608538 -1 -0.845701 -1 0.200744 -0.949146 0.164384 -0.973883 0.631279 0.760418 -0.916951 -0.92979 -0.0771784 -0.0236157 0.147192 -0.891153 0.138871 -1 -0.690786 -1 0.997488 -1 0.718786 -0.0984661 0.0109975 0.372289 0.548843 -0.964457 -0.877531 0.120685 0.778941 0.210408 -1 
0.360286 0.0582626 -1 -1 -0.0369625 -0.53936 -0.195553 -0.289936 0.645089 -0.717137 -1 -0.0560625 -0.314361 -1 -1 -0.914937 -1 0.93523 -0.126097 -0.951987 -1 -1 -1 -1 -0.0579961 -0.789637 -0.292987 1 -0.514721 -0.760164 -0.233018 -1 -1 -1 -1 -1 -0.874182 -0.416626 -1 -0.673263 -0.0631236 -1 -0.525717 -1 -1 -0.128634 0.391253 -0.37416 -0.563747 -0.916539 -1 0.0979896 -0.541519 -0.987931 -1 0.459067 -0.941353 0.0165241 -0.754695 -0.898758 -1 -0.0715255 -1 -0.33013 0.227931 -0.0170361 -0.116501 0.0945598 0.670501 0.545961 0.255356 -0.453733 0.332467 -0.608538 -0.918437 -1 -1 -0.0688732 -0.949146 0.164384 -1 0.765848 0.784747 -0.793067 -0.447087 0.0373283 -0.0236157 0.480339 -0.891153 0.138871 -1 -0.630615 -0.833492 0.559997 -0.85861 0.718786 -0.575112 0.0109975 0.22726 0.925476 -1 -0.877531 0.0356413 0.649056 0.210408 -0.678403 
0.360286 0.296652 -1 -1 0.0627044 -0.548164 -0.401384 -0.509587 0.645089 -0.976239 -1 -0.0560625 -0.314361 -1 -0.738574 -0.914937 -1 0.93523 -0.126097 -0.728422 -1 -0.979017 -1 -1 -0.0579961 -0.245706 -0.216942 1 -0.514721 -0.760164 -0.233018 -1 -1 -1 -1 -0.786662 -1 -0.416626 -1 -0.673263 0.0709715 -1 -0.458723 -1 -1 -0.128634 0.391253 -0.37416 -0.87193 -0.916539 -1 0.0979896 -0.541519 -0.937691 -1 0.355335 -0.799388 -0.073261 -0.541458 -0.898758 -1 -0.401187 -0.942882 -0.417495 0.227931 -0.0170361 -0.116501 0.295797 0.670501 0.545961 0.113917 -0.453733 0.332467 -0.608538 -1 -1 -1 -0.177051 -0.949146 0.164384 -1 0.631279 0.66999 -0.865079 -0.447087 -0.235956 -0.271811 0.480339 -0.891153 0.138871 -1 -0.695608 -0.745962 0.890673 -1 0.718786 -0.106367 0.0109975 0.22726 0.530095 -1 -1 0.0356413 0.649056 0.210408 -0.678403 
0.53292 0.526638 -1 -1 -0.169546 -0.548164 -0.434362 -0.246083 0.578703 -0.849441 -0.916317 -0.164716 -0.0952075 -1 -1 -0.914937 -0.854712 0.93523 -0.126097 -1 -1 -1 -1 -1 -0.0579961 -0.571942 -0.325946 1 -0.905146 -1 -0.233018 -0.964079 -1 -1 -1 -0.915924 -1 -0.416626 -1 -0.526801 0.0567625 -0.89393 -0.458723 -1 -1 -0.128634 0.391253 -0.37416 -0.563747 -0.916539 -0.761992 0.0979896 -1 -1 -1 0.459067 -1 0.0165241 -0.902915 -0.898758 -1 -0.452143 -1 -0.567307 -0.478087 -0.010588 -0.116501 0.170511 -0.250769 0.545961 0.114538 -0.340145 -0.521966 -0.608538 -0.89565 -1 -0.907278 0.112077 -0.949146 0.164384 -1 0.459845 0.651633 -0.700176 -0.470739 0.0373283 -0.0355066 0.480339 -0.891153 0.0523837 -0.834857 -0.819484 -1 0.612218 -0.787921 0.718786 -0.55205 0.0109975 0.344853 0.565685 -1 -0.877531 -0.000534773 0.427497 0.210408 -0.717593 
0.360286 0.296652 -1 -1 -0.0369625 -0.548164 -0.195553 -0.246083 0.645089 -0.714073 -1 -0.0560625 -0.314361 -1 -0.954387 -0.914937 -1 0.93523 -0.126097 -0.728422 -1 -1 -1 -1 -0.0579961 -0.245706 -0.292987 1 -0.514721 -0.760164 -0.233018 -1 -1 -1 -1 -0.882017 -0.874182 -0.416626 -1 -0.673263 -0.0631236 -1 -0.458723 -1 -1 -0.128634 0.391253 -0.37416 -0.563747 -0.916539 -0.822408 0.0979896 -0.541519 -1 -1 0.459067 -0.941353 0.0165241 -0.541458 -0.898758 -1 -0.0715255 -1 -0.417495 0.227931 -0.0170361 -0.116501 0.295797 0.670501 0.545961 0.113917 -0.500491 0.332467 -0.608538 -1 -1 -0.994462 -0.0688732 -0.949146 0.164384 -1 0.631279 0.760418 -0.793067 -0.447087 0.0373283 -0.0236157 0.480339 -0.891153 0.138871 -1 -0.630615 -0.745962 0.997488 -0.932611 0.718786 -0.0984661 0.0109975 0.22726 0.925476 -0.964457 -0.877531 0.0356413 0.649056 0.210408 -0.678403 
0.360286 0.0779636 -1 -1 -0.0369625 -0.548164 -0.340506 -0.68426 0.538042 -0.920104 -1 -0.0560625 -1 -1 -1 -0.914937 -1 0.93523 -0.126097 -0.468339 -1 -1 -1 -1 -0.0579961 -0.245706 -0.257752 0.899643 -0.514721 -0.760164 -0.167993 -1 -0.857957 -1 -0.857731 -0.779218 -0.874182 -0.140339 -0.727565 -0.419643 0.112851 -1 -0.924692 -1 -1 -0.128634 0.391253 -0.566867 -0.563747 -0.916539 -0.822408 0.0946634 -0.541519 -1 -1 0.0612108 -0.922913 0.0165241 -0.541458 -0.903964 -1 -1 -1 -0.417495 0.227931 -0.0170361 -0.116501 0.271332 0.787766 0.545961 0.113917 -0.661035 0.332467 -1 -1 -0.946529 -0.962559 -0.0688732 -0.949146 0.164384 -1 0.377407 0.760418 -0.793067 -0.447087 -0.403629 -0.0236157 0.480339 -1 0.138871 -1 -0.605789 -0.745962 0.997488 -1 0.718786 -0.342985 0.0109975 -0.906119 0.925476 -0.882984 -1 -0.445256 0.649056 -0.0949626 -0.678403 
0.360286 0.296652 -1 -1 -0.0369625 -0.548164 -0.195553 -0.246083 0.645089 -0.714073 -1 -0.0560625 -0.314361 -1 -0.954387 -0.914937 -1 0.93523 -0.126097 -0.728422 -1 -1 -1 -1 -0.0579961 -0.245706 -0.292987 1 -0.514721 -0.760164 -0.233018 -1 -1 -1 -1 -0.882017 -0.874182 -0.416626 -1 -0.673263 -0.0631236 -1 -0.458723 -1 -1 -0.128634 0.391253 -0.37416 -0.563747 -0.916539 -0.822408 0.0979896 -0.541519 -1 -1 0.459067 -0.941353 0.0165241 -0.541458 -0.898758 -1 -0.0715255 -1 -0.417495 0.227931 -0.0170361 -0.116501 0.295797 0.670501 0.545961 0.113917 -0.500491 0.332467 -0.608538 -1 -1 -0.994462 -0.0688732 -0.949146 0.164384 -1 0.631279 0.760418 -0.793067 -0.447087 0.0373283 -0.0236157 0.480339 -0.891153 0.138871 -1 -0.630615 -0.745962 0.997488 -0.932611 0.718786 -0.0984661 0.0109975 0.22726 0.925476 -0.964457 -0.877531 0.0356413 0.649056 0.210408 -0.678403 
