-0.57353 -0.486832 0.00138044 0.818479 0.659903 0.501068 -0.881172 -0.682231 0.368309 -0.107492 0.355832 0.981101 0.824633 0.201203 -0.0703987 0.676004 -0.15504 -0.261693 0.259654 -0.900519 -0.00767058 0.298507 0.175561 -0.453935 -0.0713005 0.549597 -1 0.537538 0.533787 -1 -0.830362 -0.625389 0.698092 0.160153 -0.96158 0.0911834 0.504114 0.100154 -1 0.0851646 0.928918 0.450617 0.497911 -0.901709 -0.82576 -0.0825126 0.459773 -0.0420812 0.197672 -0.0260618 0.388495 0.45944 -0.714747 0.514951 -0.835277 0.153864 0.258032 -0.869736 -0.827854 -1 -0.455346 -1 0.230371 0.00873248 -0.276286 0.608504 -0.226918 -0.848197 0.434276 -0.780028 0.75529 0.977634 -0.0296616 -0.205855 -0.729514 -0.967651 -0.317781 -0.384098 0.0208078 0.891946 -0.900954 -0.181312 -0.0285006 -0.900041 -0.52544 -0.769397 0.562846 -0.473751 -0.830108 -0.329565 -0.0437082 -0.417684 0.741432 0.677996 -0.478917 0.61046 -1 0.155708 -0.816782 0.159019 -0.623821 -0.178268 -0.384327 -0.229349 0.486605 0.207108 0.590146 -0.248204 1 -0.85383 0.152756 0.554027 -0.40106 -0.960373 -0.273495 -0.138493 0.625839 -0.961395 -0.64711 -0.989685 -0.954913 -0.844762 -0.943414 0.620467 0.33188 -0.137919 0.588435 0.929947 0.00301754 -1 -0.162215 -0.722269 0.695166 -0.929639 0.190065 0.0327356 0.498065 -0.194334 
-1 -0.585322 -0.263204 0.415497 0.508999 0.475204 -0.906365 -0.690262 0.135285 0.077109 -0.216698 0.820797 0.834382 0.694701 -0.194816 0.0443342 -0.000449896 -0.662624 0.460312 -1 -0.0515884 -0.0143426 0.302156 -1 0.0813878 0.530538 -1 0.477013 0.33717 -0.927671 -0.910867 -0.399489 0.502785 -0.0905307 -0.761164 -0.376253 0.661475 -0.142532 -0.980339 -0.059172 0.478223 0.347896 0.52623 -0.966119 -0.825923 -0.337026 0.342744 0.090532 -0.260626 -0.425371 0.467716 0.741846 -0.323283 0.771645 -1 0.0612788 0.344621 -1 -1 -0.759835 -0.409279 -1 0.385354 -0.213332 -0.782206 0.118252 -0.251526 -0.70885 0.301081 -1 0.558931 0.796372 -0.0699243 -0.459136 -0.718931 -0.909237 -0.254789 -0.135873 -0.0229678 1 -0.602069 -0.139889 0.027374 -0.94226 -0.143771 -0.723295 0.425819 -0.437355 -0.885981 -0.00436624 0.0561453 -0.112054 0.679937 0.71154 -0.248124 0.8051 -0.866373 0.29854 -1 0.104543 -0.927713 0.183043 -0.637973 -0.243799 0.462563 -0.0957981 0.453423 -0.309385 0.881828 -0.572927 -0.0764834 0.688859 -0.772284 -0.856933 -0.414335 0.202707 0.45582 -1 -0.996871 -0.862624 -0.92166 -1 -1 0.482463 0.330282 0.328677 0.672419 0.831776 -0.112288 -0.953352 -0.627224 -0.801566 0.6491 -0.855322 0.286573 0.0229841 0.426908 -0.630993 
-0.57353 -0.486832 0.00138044 0.818479 0.659903 0.501068 -0.881172 -0.682231 0.368309 -0.107492 0.355832 0.981101 0.824633 0.201203 -0.0703987 0.676004 -0.15504 -0.261693 0.259654 -0.900519 -0.00767058 0.298507 0.175561 -0.453935 -0.0713005 0.549597 -1 0.537538 0.533787 -1 -0.830362 -0.625389 0.698092 0.160153 -0.96158 0.0911834 0.504114 0.100154 -1 0.0851646 0.928918 0.450617 0.497911 -0.901709 -0.82576 -0.0825126 0.459773 -0.0420812 0.197672 -0.0260618 0.388495 0.45944 -0.714747 0.514951 -0.835277 0.153864 0.258032 -0.869736 -0.827854 -1 -0.455346 -1 0.230371 0.00873248 -0.276286 0.608504 -0.226918 -0.848197 0.434276 -0.780028 0.75529 0.977634 -0.0296616 -0.205855 -0.729514 -0.967651 -0.317781 -0.384098 0.0208078 0.891946 -0.900954 -0.181312 -0.0285006 -0.900041 -0.52544 -0.769397 0.562846 -0.473751 -0.830108 -0.329565 -0.0437082 -0.417684 0.741432 0.677996 -0.478917 0.61046 -1 0.155708 -0.816782 0.159019 -0.623821 -0.178268 -0.384327 -0.229349 0.486605 0.207108 0.590146 -0.248204 1 -0.85383 0.152756 0.554027 -0.40106 -0.960373 -0.273495 -0.138493 0.625839 -0.961395 -0.64711 -0.989685 -0.954913 -0.844762 -0.943414 0.620467 0.33188 -0.137919 0.588435 0.929947 0.00301754 -1 -0.162215 -0.722269 0.695166 -0.929639 0.190065 0.0327356 0.498065 -0.194334 
-0.524124 -0.412707 -0.122198 0.559207 0.345704 0.434295 -0.947962 -1 0.250194 -0.188571 0.355832 0.872537 0.455517 0.201203 -0.102017 0.376313 -0.17596 -0.261693 0.191361 -1 -0.106747 0.298507 0.184034 -0.453935 -0.33904 0.465064 -1 0.172873 0.332811 -1 -0.907651 -0.834817 0.384241 -0.346256 -0.904259 -0.0708967 0.522149 -0.350864 -0.968931 -0.123521 0.894853 0.279838 0.574402 -1 -0.693553 -0.109647 0.46602 -0.0420812 0.0878765 -0.366589 0.203778 0.204583 -0.691217 0.33153 -0.835277 0.00591306 0.133107 -0.869736 -0.801128 -0.941594 -0.565561 -1 0.311988 -0.0787898 -0.434805 0.710628 -0.263095 -0.812283 0.190068 -0.886852 0.505932 0.823357 -0.232161 -0.399091 -0.777426 -0.893291 -0.506102 -0.632966 -0.216693 0.860456 -1 -0.485944 -0.0285006 -0.98741 -0.848894 -0.769397 0.46667 -0.819096 -0.764343 -0.221555 -0.0148511 -0.831998 0.741432 0.295927 -0.478917 0.38926 -1 0.0599189 -1 0.200251 -0.785127 -0.137533 -0.804017 -0.475016 0.00592595 0.123643 0.646364 -0.162938 1 -0.967286 0.0555256 0.56186 -0.433975 -0.960373 -0.254276 -0.233163 0.661466 -0.883814 -0.649612 -1 -0.899222 -1 -1 0.593023 0.174066 -0.278781 0.457756 0.929947 -0.0357588 -1 -0.343477 -0.722269 0.695166 -0.932669 0.0687583 -0.154842 0.531918 -0.423434 
-0.747442 -0.486832 -0.244135 0.763254 0.294251 0.501068 -0.881172 -0.638817 0.368309 -0.42949 0.355832 1 0.581759 0.201203 -0.259802 0.443912 -0.27144 -0.261693 0.259654 -0.842846 -0.214009 0.298507 0.134409 -0.453935 -0.114564 0.550344 -1 0.575448 0.603374 -1 -0.987681 -0.599071 0.698092 0.160153 -0.842104 -0.192054 0.430504 0.163278 -1 0.0232363 0.959544 0.497798 0.355132 -0.901709 -0.82576 -0.520181 0.459773 -0.0420812 0.197672 -0.0260618 0.388495 0.182183 -0.714747 0.424798 -0.835277 0.0347888 0.267914 -1 -0.872593 -1 -0.597935 -1 0.263508 0.00873248 -0.251883 0.533774 -0.343623 -0.996436 0.434276 -0.780028 0.711882 0.977634 -0.158982 -0.405688 -0.942221 -1 -0.407834 -0.391562 0.0208078 0.891946 -0.900954 -0.343063 -0.0285006 -0.900041 -0.52544 -0.843555 0.406117 -0.586761 -0.830108 -0.256738 0.00112285 -0.546799 0.698119 0.594551 -0.574197 0.518172 -1 0.155708 -1 -0.0265822 -0.661775 -0.363492 -0.574632 -0.159065 0.292613 -0.036864 0.471386 -0.250356 1 -1 0.0709948 0.2881 -0.612589 -0.960373 -0.448749 -0.0566457 0.682207 -0.951132 -0.890418 -1 -0.954913 -1 -1 0.621446 0.33188 -0.333366 0.588435 0.987188 -0.0927089 -1 -0.162215 -0.722269 0.457213 -0.989452 -0.0363586 -0.132976 0.496207 -0.350212 
-0.747442 -0.570669 -0.436069 0.763254 0.095918 0.529538 -0.935449 -0.638817 0.40518 -0.642007 0.218779 0.852051 0.411399 0.201203 -0.420106 0.443912 -0.381133 -0.261693 0.292479 -0.842846 -0.373666 0.35084 0.134409 -0.453935 -0.275935 0.317431 -1 0.575448 0.603374 -1 -0.966508 -0.530228 0.478682 0.240565 -0.893545 -0.192054 0.319698 0.0138177 -1 -0.304696 1 0.497798 0.355132 -1 -0.82576 -0.496682 0.497723 -0.266731 0.0387528 -0.190162 0.388495 0.249909 -0.943761 0.392672 -1 -0.0812545 0.0424261 -1 -0.872593 -1 -0.791466 -0.956083 0.192298 -0.0478236 -0.397041 0.533774 -0.343623 -0.996436 0.470523 -0.964649 0.784024 0.810558 -0.437054 -0.538675 -1 -0.986709 -0.407834 -0.391562 -0.143768 0.641859 -0.992064 -0.547271 -0.0456569 -1 -0.74897 -0.863025 0.331866 -0.56937 -1 -0.350138 -0.108084 -0.675314 0.570035 0.302991 -0.739002 0.518172 -1 -0.00739716 -1 0.0182998 -0.661775 -0.363492 -0.568144 -0.08116 0.198095 -0.0316088 0.471386 -0.379704 0.892979 -1 0.124663 0.192404 -0.711997 -0.925306 -0.610956 -0.0623041 0.489566 -1 -1 -1 -0.877104 -1 -1 0.621446 0.33188 -0.449538 0.540994 0.788598 -0.0504315 -0.957835 -0.213192 -0.722269 0.496791 -1 -0.296117 -0.201482 0.345761 -0.350212 
-0.530175 0.0583925 0.371853 -0.18617 -0.953586 -0.152398 0.113752 -1 0.18883 0.107637 -0.860838 -0.606498 0.371768 0.00498405 -0.176666 -0.953487 -0.537646 -0.803626 -0.0158602 -1 0.261615 0.266424 0.67373 -0.912005 0.354151 -0.33176 -0.926089 0.335425 -0.198045 0.324988 -0.374849 -0.375111 0.599504 -0.786215 0.179406 -0.122704 -0.923313 0.613389 0.266452 -0.0763996 -0.46397 0.652003 -0.818699 -1 -0.669879 -0.699932 1 -0.757553 0.547681 0.0595771 0.584949 0.474839 0.114654 -0.939735 -0.297995 -0.292149 -0.717271 -0.221211 0.394706 -0.113416 0.402597 -0.913935 0.174564 -0.33345 -0.0528175 -0.555402 0.8454 0.255536 -0.0247243 0.159287 0.157056 0.405828 -0.239852 -0.662426 -0.840335 -0.875468 0.78611 0.843141 0.397524 0.473398 -0.843236 0.192332 -0.457835 0.938567 0.206704 -0.973033 -0.840415 -0.214914 0.534328 0.534459 -0.158904 0.161733 -0.977975 -0.954911 -0.198202 0.0124809 0.354388 -1 0.500239 0.505282 -0.404093 0.517174 -0.625694 -0.346667 0.904826 0.386404 0.382044 0.121471 -0.654927 -0.253367 0.412701 0.332674 -0.443809 0.657852 -0.0668987 -1 -1 -1 0.411457 0.297417 -0.522336 0.500247 -0.950278 0.510139 0.57785 0.851851 -0.690059 -0.755439 -1 -0.452742 -0.554022 -0.987475 -0.118211 -0.328247 0.105277 -0.787128 0.33334 0.0437399 
-0.780672 -0.791413 -0.140428 0.689662 0.525265 0.412678 -0.802243 -0.706861 0.368309 -0.127254 -0.0725522 0.754685 0.612149 -0.178489 -0.276734 0.319088 -0.361689 -0.375995 0.259654 -0.834179 -0.108581 -0.0216374 -0.0182399 -0.435805 -0.362588 0.0440245 -1 0.610345 0.226114 -1 -1 -0.625389 0.441476 -0.0405887 -1 -0.277869 0.412532 0.104302 -1 -0.0869715 1 0.240448 0.480185 -1 -0.987043 -0.100561 0.0705793 -0.333967 0.0665383 -0.0507269 0.319634 0.13295 -0.956738 0.39963 -1 0.0541528 0.218603 -0.868796 -0.944341 -1 -0.47464 -1 0.0396363 0.0363784 -0.488252 0.22996 -0.386743 -0.825704 0.370658 -1 0.51127 0.663359 -0.0987184 -0.569627 -0.805105 -1 -0.755076 -0.357116 -0.445418 0.937699 -1 -0.291389 -0.314821 -0.967991 -0.567784 -0.981595 0.487494 -0.597223 -1 -0.753004 -0.056013 -0.80823 0.396633 0.33872 -0.838491 0.413515 -1 -0.135734 -1 0.0199577 -0.95908 -0.0999494 -0.778524 -0.334068 0.282659 0.0204011 0.391553 -0.842177 0.715211 -0.85272 0.0937116 0.576183 -0.403014 -1 -0.828934 -0.0954004 0.540246 -1 -0.943668 -1 -0.952834 -0.925344 -1 0.463116 0.281955 -0.0612746 0.066868 0.918142 -0.0683162 -1 -0.286791 -1 0.512771 -1 -0.1414 -0.0409757 0.275226 -0.385276 
-0.753776 0.0583925 0.461509 -0.256025 -1 -0.152398 0.0388248 -1 0.0581604 -0.0265558 -0.943984 -0.886177 0.345124 0.00498405 -0.293388 -1 -0.472966 -1 0.0429919 -1 0.313229 0.127482 0.486291 -0.912005 0.4421 -0.33176 -0.926089 0.147817 -0.155781 0.292502 -0.342878 -0.356805 0.599504 -0.791246 0.191264 -0.122704 -1 0.613389 0.273871 -0.00293256 -0.419268 0.709338 -0.759126 -1 -0.669879 -0.699932 0.92522 -0.714585 0.564399 0.0595771 0.434455 0.474839 0.114654 -0.939735 -0.563011 -0.419601 -0.974154 -0.221211 0.325764 -0.113416 0.130392 -0.913935 -0.155017 -0.33345 -0.0528175 -0.555402 0.748487 0.255536 -0.0247243 0.159287 0.15115 0.333856 -0.239852 -0.762058 -0.988101 -0.875468 0.815357 0.843141 0.177134 0.381136 -0.843236 0.0433086 -0.776581 0.725048 0.220257 -1 -0.840415 -0.214914 0.413467 0.534459 -0.118317 0.148768 -0.977975 -0.954911 -0.345008 -0.105036 0.308755 -1 0.503733 0.422421 -0.580369 0.517174 -0.625694 -0.48985 0.904826 0.229701 0.432374 -0.0656084 -0.722731 -0.253367 0.412701 0.332674 -0.565715 0.517312 -0.0668987 -1 -0.971954 -0.958105 0.332356 0.297417 -0.522336 0.532671 -0.94229 0.493273 0.544756 0.707633 -0.765739 -0.755439 -1 -0.463103 -0.554022 -0.986298 -0.272259 -0.285505 0.105277 -0.861843 0.151534 -0.00509204 
-0.753776 0.0583925 0.461509 -0.256025 -1 -0.152398 0.0388248 -1 0.0581604 -0.0265558 -0.943984 -0.886177 0.345124 0.00498405 -0.293388 -1 -0.472966 -1 0.0429919 -1 0.313229 0.127482 0.486291 -0.912005 0.4421 -0.33176 -0.926089 0.147817 -0.155781 0.292502 -0.342878 -0.356805 0.599504 -0.791246 0.191264 -0.122704 -1 0.613389 0.273871 -0.00293256 -0.419268 0.709338 -0.759126 -1 -0.669879 -0.699932 0.92522 -0.714585 0.564399 0.0595771 0.434455 0.474839 0.114654 -0.939735 -0.563011 -0.419601 -0.974154 -0.221211 0.325764 -0.113416 0.130392 -0.913935 -0.155017 -0.33345 -0.0528175 -0.555402 0.748487 0.255536 -0.0247243 0.159287 0.15115 0.333856 -0.239852 -0.762058 -0.988101 -0.875468 0.815357 0.843141 0.177134 0.381136 -0.843236 0.0433086 -0.776581 0.725048 0.220257 -1 -0.840415 -0.214914 0.413467 0.534459 -0.118317 0.148768 -0.977975 -0.954911 -0.345008 -0.105036 0.308755 -1 0.503733 0.422421 -0.580369 0.517174 -0.625694 -0.48985 0.904826 0.229701 0.432374 -0.0656084 -0.722731 -0.253367 0.412701 0.332674 -0.565715 0.517312 -0.0668987 -1 -0.971954 -0.958105 0.332356 0.297417 -0.522336 0.532671 -0.94229 0.493273 0.544756 0.707633 -0.765739 -0.755439 -1 -0.463103 -0.554022 -0.986298 -0.272259 -0.285505 0.105277 -0.861843 0.151534 -0.00509204 
-0.678262 -0.621364 -0.17815 0.602099 0.417714 0.0566236 -1 -0.945674 0.0350247 -0.611867 0.0764566 0.277678 0.64786 0.201203 0.0029705 0.402733 -0.32777 -0.256474 0.00834274 -1 -0.0371882 -0.122793 -0.178111 -0.867679 -0.225103 0.549597 -1 0.456392 0.533787 -1 -1 -0.704268 0.648243 -0.326581 -0.978658 -0.14581 -0.0847688 -0.395276 -1 -0.090876 0.786568 0.172514 0.497911 -0.980105 -1 -0.545744 0.380603 -0.051698 0.178553 -0.482903 0.434544 -0.179371 -0.882256 0.129757 -1 -0.158674 -0.00982928 -0.826048 -1 -1 -0.879217 -0.991426 -0.0730427 0.0416944 -0.292196 0.307797 -0.616769 -1 -0.0707295 -1 0.664655 0.922611 -0.399805 -0.819862 -0.773718 -1 -0.589067 -0.777111 -0.167994 0.766093 -0.976522 -0.516097 0.059922 -0.971369 -0.64743 -0.979161 0.217176 -0.539459 -1 -0.412641 -0.219362 -0.754584 0.558292 0.704936 -0.541041 0.533488 -1 -0.240991 -1 -0.221791 -1 -0.165067 -0.999582 -0.174794 0.446342 -0.229463 0.668071 -0.392768 0.609653 -1 0.00898077 0.190556 -0.461922 -0.988918 -0.737779 -0.129867 0.183712 -1 -0.828347 -1 -0.932507 -1 -0.970406 0.436258 0.398668 -0.20185 -0.222744 0.928279 0.146941 -0.913631 -0.335447 -1 0.0131064 -1 0.056775 -0.0411917 0.415628 -0.607014 
-0.691954 0.0583925 0.403788 -0.30285 -1 -0.152398 0.0482342 -1 0.0115043 -0.243484 -0.943984 -0.886177 0.345124 0.0710163 -0.293388 -1 -0.472966 -0.974263 0.110192 -1 0.142467 0.0893963 0.478484 -0.960553 0.4421 -0.33176 -0.945455 0.06996 -0.155781 0.176926 -0.316584 -0.38847 0.599504 -0.792236 0.00566885 -0.185337 -1 0.513103 0.225185 -0.00293256 -0.56082 0.709338 -0.759126 -1 -0.669879 -0.699932 0.728315 -0.829331 0.616979 0.0269771 0.435845 0.287626 0.181661 -0.939735 -0.507392 -0.407201 -1 -0.260774 0.325764 -0.113416 0.130392 -1 -0.155017 -0.289379 -0.0528175 -0.555402 0.748487 0.298816 -0.0247243 0.117767 0.0794186 0.333856 -0.423144 -0.797113 -0.988101 -0.943827 0.85721 0.843141 0.12883 0.304769 -0.821714 -0.100216 -0.776581 0.671126 0.0997637 -0.934877 -0.840415 -0.192298 0.217615 0.59012 -0.261125 0.148768 -1 -1 -0.448004 -0.223327 0.156829 -0.955378 0.376081 0.287676 -0.740375 0.483425 -0.625694 -0.48985 0.922317 -0.032782 0.432374 -0.182718 -0.797338 -0.216761 0.448816 0.332674 -0.565715 0.517312 -0.0668987 -1 -0.971954 -0.906239 0.252191 0.297417 -0.522336 0.472825 -0.937274 0.493273 0.3555 0.593936 -0.850317 -0.743137 -1 -0.436569 -0.68773 -0.973978 -0.396112 -0.285505 0.105277 -0.811292 0.151534 -0.189813 
-0.678262 -0.621364 -0.17815 0.494623 0.417714 0.0566236 -1 -1 0.0427855 -0.611867 -0.00459334 0.277678 0.64786 0.201203 0.0029705 0.402733 -0.32777 -0.291917 0.00834274 -1 -0.0371882 -0.122793 -0.281237 -0.867679 -0.225103 0.498157 -1 0.456392 0.453709 -1 -1 -0.704268 0.648243 -0.488903 -1 -0.14581 -0.03681 -0.395276 -1 -0.0303922 0.786568 0.172514 0.497911 -0.980105 -1 -0.545744 0.380603 -0.051698 0.054774 -0.482903 0.393851 -0.179371 -0.882256 0.129757 -1 -0.158674 -0.146513 -0.826048 -0.965188 -1 -0.879217 -0.991426 -0.0730427 0.0416944 -0.292196 0.26058 -0.616769 -1 -0.0707295 -1 0.664655 0.922611 -0.399805 -0.819862 -0.773718 -1 -0.589067 -0.802681 -0.167994 0.766093 -1 -0.516097 0.0687917 -0.971369 -0.64743 -0.979161 0.217176 -0.489954 -1 -0.412641 -0.219362 -0.825137 0.558292 0.586505 -0.541041 0.533488 -1 -0.240991 -1 -0.221791 -1 -0.236414 -0.992616 -0.174794 0.446342 -0.229463 0.590862 -0.392768 0.609653 -1 0.0520556 0.190556 -0.461922 -0.997509 -0.780565 -0.136758 -0.00328003 -1 -0.828347 -1 -1 -1 -0.970406 0.436258 0.398668 -0.181357 -0.373257 0.91411 0.146941 -1 -0.335447 -1 0.0131064 -1 0.056775 -0.0746848 0.415628 -0.689583 
-0.87321 0.00207245 0.327416 -0.256025 -0.963218 -0.337536 -0.14212 -1 -0.076372 -0.0331111 -1 -0.912429 0.345124 0.00498405 -0.41505 -1 -0.632718 -1 -0.00105079 -1 0.313229 0.127482 0.486291 -1 0.4421 -0.33176 -0.926089 0.230766 -0.155781 0.303077 -0.545562 -0.634017 0.437158 -0.791246 0.191264 -0.357227 -1 0.501642 0.273871 -0.137825 -0.419268 0.656616 -0.723763 -1 -0.82788 -0.699932 0.836065 -0.663621 0.54845 -0.0445057 0.36099 0.372021 0.0375357 -1 -0.544105 -0.535708 -0.933251 -0.326198 0.325764 -0.113416 0.0120345 -1 -0.143183 -0.33345 -0.0164568 -0.605273 0.718095 0.255536 -0.0247243 0.159287 0.15115 0.333856 -0.383457 -0.85998 -1 -0.880393 0.815357 0.776437 0.177134 0.416173 -0.843236 0.103349 -0.933493 0.604509 0.197279 -1 -0.840415 -0.214914 0.413467 0.516404 -0.155719 0.109545 -0.998274 -0.954911 -0.345008 -0.086857 0.218109 -1 0.463404 0.422421 -0.580369 0.546754 -0.625694 -0.633827 0.904826 0.229701 0.432374 -0.137731 -0.722731 -0.253367 0.412701 0.215775 -0.574662 0.365248 -0.230415 -1 -1 -1 0.36009 0.313673 -0.6933 0.532671 -0.983945 0.493273 0.39133 0.597248 -0.865956 -0.700074 -1 -0.463103 -0.730695 -1 -0.301505 -0.497498 0.105277 -0.861843 0.151534 -0.186984 
-0.753776 0.0551266 0.35824 -0.255075 -1 -0.227919 -0.0872657 -1 0.0581604 -0.195818 -0.943984 -1 0.320391 0.0593606 -0.293388 -1 -0.472966 -0.896672 0.0636895 -1 0.306514 0.127482 0.497132 -0.912005 0.292764 -0.397765 -1 0.0952592 -0.155781 0.292502 -0.342878 -0.65419 0.524857 -0.793687 0.0392867 -0.0959664 -1 0.588517 0.273871 -0.00293256 -0.45088 0.709338 -0.80862 -1 -0.795846 -0.699932 0.8191 -0.714585 0.430278 0.119232 0.434455 0.474839 0.0427388 -0.987826 -0.673203 -0.577037 -1 -0.221211 0.325764 -0.287565 0.130392 -1 -0.155017 -0.33345 -0.151258 -0.555402 0.586872 0.301829 0.0170175 0.103759 0.194864 0.333856 -0.26227 -0.888829 -1 -0.920995 0.815357 0.843141 0.177134 0.401253 -0.843236 0.0433086 -0.751801 0.78986 0.203665 -0.978598 -1 -0.356386 0.453277 0.534459 -0.256946 0.148768 -1 -1 -0.454106 -0.125961 0.255972 -0.949112 0.4887 0.274069 -0.580369 0.422663 -0.578122 -0.48985 0.859847 -0.00683269 0.428812 -0.0656084 -0.722731 -0.253367 0.31828 0.332674 -0.664646 0.349196 -0.11047 -1 -0.971954 -0.991455 0.354831 0.205021 -0.674434 0.532671 -0.987642 0.532283 0.544756 0.604412 -0.762207 -0.755439 -1 -0.463103 -0.554022 -1 -0.254837 -0.285505 0.105277 -0.861843 0.151534 -0.0568435 
-0.788702 0.0244523 0.368335 -0.30285 -1 -0.226381 0.0482342 -1 0.0115043 -0.243484 -1 -1 0.345124 0.0399154 -0.361112 -1 -0.472966 -0.974263 0.110192 -0.968882 0.0735685 0.136917 0.478484 -1 0.4421 -0.33176 -1 -0.00590981 -0.258471 0.176926 -0.388309 -0.364025 0.529388 -0.936215 -0.0270236 -0.185337 -1 0.513103 0.225185 -0.0494495 -0.565237 0.674316 -0.97098 -1 -0.669879 -0.693354 0.704418 -0.861873 0.616979 -0.0306333 0.315491 0.287626 0.0269278 -0.939735 -0.497349 -0.442172 -1 -0.215278 0.100849 -0.276929 0.130392 -1 -0.260701 -0.289379 -0.0528175 -0.555402 0.749669 0.156758 0.061179 0.117767 0.0794186 0.187601 -0.432934 -0.96195 -1 -1 0.85721 0.843141 0.12883 0.139342 -0.821714 -0.130121 -0.875138 0.671126 0.0997637 -0.984341 -0.895181 -0.192298 -0.0300951 0.59012 -0.214135 0.0835287 -1 -1 -0.448004 -0.196552 0.156829 -1 0.349777 0.287676 -0.740375 0.483425 -0.625694 -0.48985 0.932707 -0.032782 0.303832 -0.155257 -0.797338 -0.163224 0.434943 0.371084 -0.702237 0.424018 -0.0177343 -1 -1 -1 0.274575 0.297417 -0.522336 0.393053 -0.962167 0.493273 0.379032 0.593936 -0.895853 -0.90489 -1 -0.482907 -0.68773 -1 -0.527382 -0.333768 0.0791686 -0.919347 0.151534 -0.266743 
-0.747442 -0.486832 -0.244135 0.763254 0.294251 0.501068 -0.881172 -0.638817 0.368309 -0.42949 0.355832 1 0.581759 0.201203 -0.259802 0.443912 -0.27144 -0.261693 0.259654 -0.842846 -0.214009 0.298507 0.134409 -0.453935 -0.114564 0.550344 -1 0.575448 0.603374 -1 -0.987681 -0.599071 0.698092 0.160153 -0.842104 -0.192054 0.430504 0.163278 -1 0.0232363 0.959544 0.497798 0.355132 -0.901709 -0.82576 -0.520181 0.459773 -0.0420812 0.197672 -0.0260618 0.388495 0.182183 -0.714747 0.424798 -0.835277 0.0347888 0.267914 -1 -0.872593 -1 -0.597935 -1 0.263508 0.00873248 -0.251883 0.533774 -0.343623 -0.996436 0.434276 -0.780028 0.711882 0.977634 -0.158982 -0.405688 -0.942221 -1 -0.407834 -0.391562 0.0208078 0.891946 -0.900954 -0.343063 -0.0285006 -0.900041 -0.52544 -0.843555 0.406117 -0.586761 -0.830108 -0.256738 0.00112285 -0.546799 0.698119 0.594551 -0.574197 0.518172 -1 0.155708 -1 -0.0265822 -0.661775 -0.363492 -0.574632 -0.159065 0.292613 -0.036864 0.471386 -0.250356 1 -1 0.0709948 0.2881 -0.612589 -0.960373 -0.448749 -0.0566457 0.682207 -0.951132 -0.890418 -1 -0.954913 -1 -1 0.621446 0.33188 -0.333366 0.588435 0.987188 -0.0927089 -1 -0.162215 -0.722269 0.457213 -0.989452 -0.0363586 -0.132976 0.496207 -0.350212 
-0.780672 -0.791413 -0.112924 0.590027 0.451514 0.412678 -0.92202 -0.706861 0.368309 -0.127254 -0.0725522 0.754685 0.463606 -0.178489 -0.276734 0.319088 -0.361689 -0.444604 0.259654 -0.834179 -0.166496 -0.0216374 -0.126249 -0.435805 -0.490856 0.0440245 -1 0.610345 0.226114 -1 -1 -0.625389 0.441476 -0.0405887 -1 -0.277869 0.412532 0.104302 -1 -0.0869715 0.875322 0.240448 0.480185 -1 -0.987043 -0.100561 0.0605172 -0.296388 -0.0425372 -0.0507269 0.319634 0.13295 -0.956738 0.274834 -1 0.0541528 0.157286 -0.868796 -0.986422 -1 -0.47464 -1 -0.0879873 0.0656942 -0.488252 0.22996 -0.386743 -0.949955 0.30363 -1 0.51127 0.666849 -0.132567 -0.569627 -0.805105 -1 -0.755076 -0.357116 -0.445418 0.908876 -1 -0.291389 -0.316481 -0.967991 -0.651424 -0.981595 0.487494 -0.597223 -1 -0.753004 -0.12091 -0.766237 0.396633 0.33872 -0.838491 0.335094 -1 -0.135734 -1 0.0199577 -0.95908 -0.0999494 -0.788438 -0.430355 0.282659 0.00343231 0.350693 -0.842177 0.715211 -0.85272 0.0384448 0.576183 -0.403014 -1 -0.908685 -0.118748 0.540246 -1 -0.943668 -0.961389 -0.952834 -1 -1 0.463116 0.281955 -0.0612746 0.066868 0.918142 -0.0683162 -1 -0.390819 -1 0.512771 -1 -0.1414 -0.0409757 0.275226 -0.385276 
-0.678262 -0.621364 -0.17815 0.602099 0.417714 0.0566236 -1 -0.945674 0.0350247 -0.611867 0.0764566 0.277678 0.64786 0.201203 0.0029705 0.402733 -0.32777 -0.256474 0.00834274 -1 -0.0371882 -0.122793 -0.178111 -0.867679 -0.225103 0.549597 -1 0.456392 0.533787 -1 -1 -0.704268 0.648243 -0.326581 -0.978658 -0.14581 -0.0847688 -0.395276 -1 -0.090876 0.786568 0.172514 0.497911 -0.980105 -1 -0.545744 0.380603 -0.051698 0.178553 -0.482903 0.434544 -0.179371 -0.882256 0.129757 -1 -0.158674 -0.00982928 -0.826048 -1 -1 -0.879217 -0.991426 -0.0730427 0.0416944 -0.292196 0.307797 -0.616769 -1 -0.0707295 -1 0.664655 0.922611 -0.399805 -0.819862 -0.773718 -1 -0.589067 -0.777111 -0.167994 0.766093 -0.976522 -0.516097 0.059922 -0.971369 -0.64743 -0.979161 0.217176 -0.539459 -1 -0.412641 -0.219362 -0.754584 0.558292 0.704936 -0.541041 0.533488 -1 -0.240991 -1 -0.221791 -1 -0.165067 -0.999582 -0.174794 0.446342 -0.229463 0.668071 -0.392768 0.609653 -1 0.00898077 0.190556 -0.461922 -0.988918 -0.737779 -0.129867 0.183712 -1 -0.828347 -1 -0.932507 -1 -0.970406 0.436258 0.398668 -0.20185 -0.222744 0.928279 0.146941 -0.913631 -0.335447 -1 0.0131064 -1 0.056775 -0.0411917 0.415628 -0.607014 
-1 -0.483361 -0.253075 0.694562 0.290486 0.178651 -0.944929 -0.817362 0.19368 -0.42949 0.31338 1 0.623693 0.0557725 -0.476457 0.189767 -0.494561 -0.325371 0.186423 -0.842846 -0.299889 -0.0959392 0.0346878 -0.516461 -0.114564 0.25193 -1 0.562046 0.603374 -1 -1 -0.599071 0.539815 0.160153 -0.759885 -0.306514 0.166197 -0.0994319 -0.982511 -0.0302521 0.959544 0.328655 0.349123 -0.905623 -0.957726 -0.520181 0.267096 -0.0687738 0.174778 0.0134597 0.316435 0.182183 -0.835125 0.433383 -1 -0.0749034 0.124941 -0.976606 -0.929722 -1 -0.698229 -1 0.351531 -0.288373 -0.158728 0.321388 -0.343623 -1 0.359792 -0.99537 0.622049 0.754968 -0.273073 -0.433019 -1 -1 -0.671555 -0.391562 0.0212575 0.812284 -0.900954 -0.630378 -0.0285006 -1 -0.799523 -1 0.40154 -0.537888 -0.995021 -0.55004 -0.000834599 -0.651997 0.590403 0.486372 -0.777077 0.564129 -1 -0.144389 -1 -0.26028 -1 -0.363492 -0.872173 -0.121635 0.365069 -0.352746 0.381221 -0.330927 0.994135 -1 -0.222294 0.311407 -0.612589 -0.964909 -0.448749 -0.160083 0.770941 -0.951132 -0.911818 -0.955916 -0.924183 -0.974907 -1 0.602647 0.363413 -0.642145 0.362607 0.93446 -0.080129 -1 -0.226765 -0.913786 0.31496 -1 -0.0363586 -0.250363 0.528961 -0.437289 
-0.980191 -0.836819 -0.233678 0.595616 0.33662 -0.087056 -0.990385 -0.940464 -0.472292 -0.151292 -0.815613 0.378856 0.270224 0.0548651 -0.499292 0.387419 -0.250387 -0.56517 0.232134 -1 -0.641771 -0.21238 -0.567769 -0.544821 -0.122696 0.122821 -1 -0.154048 0.340985 -1 -0.947954 -0.882758 0.356995 -0.444866 -1 -0.291422 0.151768 -0.197417 -1 -0.314162 0.895046 0.49853 0.306752 -0.759725 -0.987609 -0.406957 0.462952 -0.335132 0.0578212 -0.359149 0.0802672 0.164959 -0.667524 0.0695518 -0.99356 0.0896141 -0.123132 -0.901317 -0.935729 -1 -0.616476 -1 -0.139979 -0.455892 -0.521811 0.587738 -0.579714 -1 0.335989 -0.945338 0.784553 0.807887 -0.417632 -0.232776 -0.967802 -1 -0.428138 -0.688967 -0.671043 0.59554 -0.759677 -0.852422 -0.18109 -1 -0.989333 -0.931107 0.322666 -0.737856 -0.969411 -0.641428 -0.0582839 -0.65256 0.635318 0.245217 -0.9537 0.299357 -1 0.0152399 -1 -0.15414 -0.804032 -0.438666 -0.792682 -0.771998 0.330903 -0.286489 0.21534 -0.622329 0.341105 -0.821759 -0.145851 0.258541 -0.905675 -1 -0.244491 -0.182447 0.0972069 -1 -0.794823 -0.991401 -1 -1 -1 0.47347 0.364446 -0.589574 0.524952 0.63368 -0.0890656 -1 -0.625421 -1 0.580899 -1 -0.299223 -0.29264 0.318542 -1 
-0.788702 0.0212266 0.368335 -0.322286 -0.982259 -0.226381 0.00328477 -1 0.0144065 -0.243484 -1 -1 0.345124 0.0723293 -0.456145 -1 -0.472966 -0.974263 0.110192 -0.968882 0.0735685 0.171978 0.478484 -1 0.4421 -0.370476 -0.986529 -0.00590981 -0.345825 0.176926 -0.378312 -0.364025 0.536361 -0.936215 -0.0270236 -0.159028 -1 0.405609 0.224742 -0.0494495 -0.565237 0.674316 -0.995684 -0.963672 -0.753398 -0.693354 0.735653 -0.907463 0.638402 -0.0306333 0.315491 0.176263 0.0269278 -0.939735 -0.497349 -0.442172 -1 -0.215278 0.100849 -0.244855 0.0903303 -1 -0.260701 -0.289379 -0.0528175 -0.555402 0.749669 0.156758 -0.0401707 0.117767 0.0794186 0.187601 -0.432934 -0.96195 -1 -1 0.85721 0.843141 0.12883 0.139342 -0.821714 -0.130121 -0.899677 0.671126 0.0997637 -0.984341 -0.903618 -0.192298 -0.0300951 0.59012 -0.214135 0.0835287 -1 -1 -0.448004 -0.158922 0.156829 -1 0.267006 0.299302 -0.740375 0.483425 -0.625694 -0.553042 0.932707 -0.121939 0.303832 -0.159783 -0.797338 -0.242639 0.434943 0.371084 -0.702237 0.385793 -0.0177343 -1 -1 -1 0.274575 0.297417 -0.522336 0.393053 -0.962167 0.493273 0.379032 0.593936 -0.895853 -0.90489 -0.976498 -0.449791 -0.700593 -1 -0.592757 -0.333768 0.0791686 -0.898845 0.151534 -0.266743 
-0.643693 -1 -0.301619 0.557504 0.492035 0.239064 -1 -1 -0.102007 -0.595526 -0.706713 0.76225 0.772712 0.17788 -0.333149 0.186688 -0.561905 -0.690661 0.262144 -0.93307 -0.225793 -0.509307 0.160273 -0.983783 -0.494716 0.345534 -1 0.0783906 0.00278896 -0.946368 -0.683941 -1 0.371509 -0.174694 -1 0.0503498 0.150062 -0.486222 -1 -0.519812 0.708659 0.194318 0.219968 -0.942831 -0.962933 -0.168024 0.0566802 -0.51962 -0.129337 -0.644638 0.184125 0.323654 -1 0.00329623 -0.995344 0.160332 0.0585588 -1 -0.969786 -0.925032 -0.967827 -0.977314 0.313318 -0.418283 -0.986868 0.628752 -0.606964 -1 0.21062 -1 0.701766 0.667294 -0.423308 -0.386929 -1 -1 -0.915882 -0.690442 -0.904965 0.159485 -0.990027 -0.625274 -0.05574 -0.901923 -0.840675 -0.930217 -0.0401145 -0.666201 -1 -0.955263 0.0455271 -1 0.476403 0.278079 -0.630219 0.255617 -1 -0.29111 -0.988885 -0.170997 -0.737894 -0.569248 -0.978208 -0.646501 0.515016 -0.161945 0.384227 -0.572754 0.474868 -1 -0.0920557 0.414521 -0.842374 -1 -0.985453 -0.204238 0.498473 -1 -0.891686 -1 -0.933746 -1 -1 0.731388 0.0805137 -0.90733 0.153672 0.348832 -0.334702 -1 -0.589688 -1 0.325194 -1 0.128507 -0.498115 0.0767982 -0.453433 
-0.796296 -0.00775356 0.49237 -0.303044 -1 -0.177561 0.0388248 -1 0.0486164 -0.168366 -0.943984 -0.886177 0.275482 -0.194666 -0.293388 -1 -0.663234 -1 0.0429919 -0.994095 0.238631 0.0342522 0.352994 -0.987015 0.375448 -0.425397 -0.953522 0.153166 -0.221681 0.292502 -0.312504 -0.447545 0.599504 -0.791246 0.191264 -0.134639 -1 0.613389 0.191261 0.00506908 -0.401888 0.608343 -0.840207 -1 -0.669879 -0.674139 0.92522 -0.81441 0.596686 -0.0106848 0.397501 0.368898 0.0904385 -1 -0.563011 -0.419601 -0.993263 -0.201449 0.275716 -0.19795 0.164855 -0.913935 -0.14445 -0.3669 -0.141611 -0.637606 0.748487 0.255536 -0.0620667 0.159287 0.175442 0.333856 -0.239852 -0.834244 -1 -0.876053 0.745192 0.775737 0.177134 0.334985 -0.843236 0.0124829 -0.776581 0.725274 0.0874866 -1 -0.824932 -0.228291 0.349476 0.44629 -0.228038 0.092675 -1 -0.964746 -0.476664 -0.171735 0.227894 -1 0.445503 0.422421 -0.607411 0.478237 -0.688716 -0.577779 0.829603 0.158022 0.396002 -0.105496 -0.698842 -0.233678 0.412701 0.207242 -0.620683 0.517312 -0.143862 -1 -0.9506 -0.930208 0.139155 0.21784 -0.522336 0.532671 -0.994317 0.493273 0.544756 0.558826 -0.93204 -0.804877 -0.95986 -0.4579 -0.626135 -1 -0.323577 -0.403346 0.0675224 -0.918499 0.0722978 -0.0870722 
-0.753776 0.0583925 0.461509 -0.256025 -1 -0.152398 0.0388248 -1 0.0581604 -0.0265558 -0.943984 -0.886177 0.345124 0.00498405 -0.293388 -1 -0.472966 -1 0.0429919 -1 0.313229 0.127482 0.486291 -0.912005 0.4421 -0.33176 -0.926089 0.147817 -0.155781 0.292502 -0.342878 -0.356805 0.599504 -0.791246 0.191264 -0.122704 -1 0.613389 0.273871 -0.00293256 -0.419268 0.709338 -0.759126 -1 -0.669879 -0.699932 0.92522 -0.714585 0.564399 0.0595771 0.434455 0.474839 0.114654 -0.939735 -0.563011 -0.419601 -0.974154 -0.221211 0.325764 -0.113416 0.130392 -0.913935 -0.155017 -0.33345 -0.0528175 -0.555402 0.748487 0.255536 -0.0247243 0.159287 0.15115 0.333856 -0.239852 -0.762058 -0.988101 -0.875468 0.815357 0.843141 0.177134 0.381136 -0.843236 0.0433086 -0.776581 0.725048 0.220257 -1 -0.840415 -0.214914 0.413467 0.534459 -0.118317 0.148768 -0.977975 -0.954911 -0.345008 -0.105036 0.308755 -1 0.503733 0.422421 -0.580369 0.517174 -0.625694 -0.48985 0.904826 0.229701 0.432374 -0.0656084 -0.722731 -0.253367 0.412701 0.332674 -0.565715 0.517312 -0.0668987 -1 -0.971954 -0.958105 0.332356 0.297417 -0.522336 0.532671 -0.94229 0.493273 0.544756 0.707633 -0.765739 -0.755439 -1 -0.463103 -0.554022 -0.986298 -0.272259 -0.285505 0.105277 -0.861843 0.151534 -0.00509204 
-0.753776 0.0583925 0.442434 -0.273511 -1 -0.152398 0.0256061 -0.977825 0.0581604 -0.0265558 -0.929772 -0.886177 0.345124 0.00498405 -0.333898 -1 -0.501282 -1 0.00251516 -1 0.216998 0.117513 0.431827 -0.977925 0.398186 -0.33176 -1 0.166864 -0.216553 0.146554 -0.39217 -0.475978 0.467028 -0.791246 0.109501 -0.180586 -1 0.574472 0.273871 -0.0669009 -0.486265 0.626923 -0.798812 -1 -0.669879 -0.679156 0.92522 -0.659785 0.547091 0.0462269 0.45059 0.368856 0.114654 -0.989545 -0.563011 -0.419601 -0.998645 -0.244596 0.325764 -0.14595 0.0158668 -1 -0.235051 -0.347315 -0.109908 -0.555402 0.745397 0.234894 -0.0366343 0.159287 0.15115 0.177006 -0.239852 -0.762058 -0.976208 -0.875468 0.815357 0.782679 0.177134 0.381136 -0.881197 0.0454357 -0.801801 0.744145 0.220257 -1 -0.844633 -0.214914 0.413467 0.56241 -0.111508 0.148768 -0.975554 -1 -0.380477 -0.128109 0.297913 -1 0.31935 0.330819 -0.603898 0.500039 -0.625694 -0.549872 0.90011 0.235903 0.432374 -0.129094 -0.722731 -0.331427 0.412701 0.360678 -0.599457 0.456108 -0.0668987 -1 -1 -1 0.217977 0.316348 -0.622039 0.493343 -0.94229 0.507488 0.471135 0.627023 -0.765739 -0.746253 -1 -0.452842 -0.63395 -0.985775 -0.301777 -0.316819 0.045673 -0.888937 0.162359 -0.0934104 
-0.753776 0.0583925 0.463187 -0.261246 -1 -0.152398 0.0493444 -1 0.0162734 -0.0265558 -0.974411 -0.886177 0.296807 -0.0160149 -0.362468 -1 -0.455553 -1 -0.0293987 -1 0.313229 0.0597563 0.499591 -0.923156 0.4421 -0.33176 -0.926089 0.136098 -0.184783 0.294957 -0.342878 -0.356805 0.599504 -0.860524 0.105783 -0.105892 -1 0.565572 0.27099 0.0053047 -0.419268 0.709338 -0.774047 -0.991977 -0.669879 -0.699932 0.92522 -0.714585 0.564399 0.0595771 0.434455 0.474839 0.0880463 -0.939735 -0.563011 -0.419953 -1 -0.230168 0.253642 -0.113416 0.0806977 -0.93224 -0.185819 -0.33345 -0.0648661 -0.555402 0.748487 0.224279 -0.0247243 0.141054 0.15115 0.333856 -0.239852 -0.762058 -1 -0.874465 0.815357 0.830102 0.197331 0.381136 -0.853779 -0.0256734 -0.776581 0.651987 0.195564 -1 -0.840415 -0.273188 0.413467 0.530899 -0.118317 0.148768 -0.984781 -0.954911 -0.369609 -0.105036 0.301442 -1 0.503733 0.422421 -0.644469 0.485008 -0.644446 -0.486236 0.826639 0.168433 0.432374 -0.0656084 -0.764521 -0.253367 0.412701 0.343663 -0.565715 0.517312 -0.0668987 -1 -0.971954 -0.958105 0.332356 0.297417 -0.522336 0.5325 -0.94229 0.493273 0.544756 0.668979 -0.793428 -0.827857 -1 -0.463103 -0.540596 -0.986298 -0.272259 -0.276536 0.0853479 -0.912329 0.151534 -0.0282391 
-0.737962 0.0120703 0.395885 -0.312279 -1 -0.478991 -0.196006 -1 0.0115043 -0.311062 -1 -1 0.247161 0.0751673 -0.311218 -1 -0.756992 -1 0.153839 -1 0.142467 0.072088 0.478484 -1 0.330943 -0.368131 -1 0.0127176 -0.155781 0.140693 -0.475891 -0.43367 0.599504 -0.792236 -0.0546556 -0.219126 -1 0.478747 0.225185 -0.00293256 -0.854292 0.656062 -0.777965 -1 -0.832344 -0.986233 0.759499 -0.829331 0.558683 -0.186363 0.217998 0.298896 0.087007 -0.991011 -0.544111 -0.483593 -1 -0.260318 0.226832 -0.162378 0.15321 -1 -0.238989 -0.307557 -0.0852343 -0.692701 0.745222 0.0868842 -0.0247243 -0.149296 0.0264039 0.19078 -0.4319 -0.88972 -0.992389 -0.980661 0.875888 0.840111 -0.160124 0.0399639 -0.815817 -0.114394 -0.971318 0.577804 0.0297904 -1 -0.895099 -0.136107 0.158592 0.582967 -0.231677 0.0927415 -1 -0.990931 -0.386675 -0.223327 -0.148414 -1 0.304089 0.318373 -0.989805 0.483425 -0.621626 -0.452937 0.813788 -0.0629732 0.4495 -0.478471 -0.797338 -0.223927 0.16004 0.299133 -0.845224 0.390397 -0.247638 -0.991539 -1 -1 0.216075 0.178275 -0.810445 0.329914 -0.937274 0.441328 0.272962 0.593936 -1 -0.743137 -1 -0.436569 -0.691824 -0.983963 -0.39467 -0.373733 0.105277 -0.811292 0.173553 -0.117138 
-0.792075 -0.11708 0.355748 -0.292195 -1 -0.1886 -0.00692711 -1 0.0702999 -0.216636 -0.943984 -0.946239 0.34125 -0.00267651 -0.32626 -1 -0.500514 -1 0.0429919 -1 0.0970387 -0.262007 0.364075 -1 0.40762 -0.530819 -0.934676 0.0962425 -0.285559 0.215972 -0.302441 -0.483402 0.269503 -0.683722 0.183306 -0.225494 -1 0.627455 0.228336 -0.158886 -0.356789 0.661651 -0.861836 -0.974751 -0.923796 -0.909871 0.82082 -0.647338 0.648104 -0.0340426 0.322401 0.476495 0.0185935 -1 -0.639179 -0.460898 -1 -0.473163 0.305569 -0.18749 0.0660704 -0.913935 -0.128599 -0.384025 -0.0638524 -0.46839 0.721773 0.251571 -0.324016 0.109738 0.00426097 0.29836 -0.23235 -0.941258 -0.988101 -0.87809 0.74707 0.88717 0.116374 0.278645 -0.814283 -0.00581771 -0.990923 0.740166 0.027496 -0.952474 -0.99296 -0.205257 0.412623 0.509031 -0.123245 0.103469 -0.974621 -1 -0.330366 -0.171909 0.308755 -1 0.21058 0.367337 -0.580369 0.379935 -0.624185 -0.619948 0.765613 0.243763 0.214332 -0.164615 -0.686472 -0.546027 0.50145 0.143479 -0.524943 0.492556 -0.456124 -0.931653 -0.971954 -1 0.27362 0.136227 -0.531894 0.504479 -1 0.435687 0.491474 0.518027 -0.86729 -0.943153 -0.98537 -0.473429 -0.588984 -1 -0.272259 -0.395707 -0.14549 -1 0.0892449 -0.0297318 
-0.753776 0.0551266 0.35824 -0.255075 -1 -0.227919 -0.0872657 -1 0.0581604 -0.195818 -0.943984 -1 0.320391 0.0593606 -0.293388 -1 -0.472966 -0.896672 0.0636895 -1 0.306514 0.127482 0.497132 -0.912005 0.292764 -0.397765 -1 0.0952592 -0.155781 0.292502 -0.342878 -0.65419 0.524857 -0.793687 0.0392867 -0.0959664 -1 0.588517 0.273871 -0.00293256 -0.45088 0.709338 -0.80862 -1 -0.795846 -0.699932 0.8191 -0.714585 0.430278 0.119232 0.434455 0.474839 0.0427388 -0.987826 -0.673203 -0.577037 -1 -0.221211 0.325764 -0.287565 0.130392 -1 -0.155017 -0.33345 -0.151258 -0.555402 0.586872 0.301829 0.0170175 0.103759 0.194864 0.333856 -0.26227 -0.888829 -1 -0.920995 0.815357 0.843141 0.177134 0.401253 -0.843236 0.0433086 -0.751801 0.78986 0.203665 -0.978598 -1 -0.356386 0.453277 0.534459 -0.256946 0.148768 -1 -1 -0.454106 -0.125961 0.255972 -0.949112 0.4887 0.274069 -0.580369 0.422663 -0.578122 -0.48985 0.859847 -0.00683269 0.428812 -0.0656084 -0.722731 -0.253367 0.31828 0.332674 -0.664646 0.349196 -0.11047 -1 -0.971954 -0.991455 0.354831 0.205021 -0.674434 0.532671 -0.987642 0.532283 0.544756 0.604412 -0.762207 -0.755439 -1 -0.463103 -0.554022 -1 -0.254837 -0.285505 0.105277 -0.861843 0.151534 -0.0568435 
