-0.985111 -1 0.058179 -0.756694 0.821566 0.0465729 -0.869322 0.162444 -0.697481 -1 -0.718671 -0.760252 0.524716 0.568488 -0.379809 -0.876712 -0.980941 -0.388407 0.162943 0.0775026 -0.875566 0.0619658 0.375723 0.597451 -0.237119 -0.488384 -0.390437 0.526067 -0.238906 -0.506263 0.541228 0.0117385 -1 -0.188906 -0.350922 -0.920692 0.842833 0.954757 -0.979255 0.410661 0.44811 -0.385904 0.381616 -1 0.836083 0.574738 -0.885233 0.157892 0.0128595 -0.475059 -0.464566 -0.432793 -0.776192 -1 0.725626 -0.984309 -0.370885 -0.314067 -0.0839307 -1 0.135579 0.502029 -0.355538 0.420773 0.936598 -0.30453 -1 0.141288 0.217212 0.0965157 -0.754519 -1 -0.759281 0.442838 0.971393 0.59354 -0.892782 0.237708 -0.700043 0.372652 -0.876368 0.15205 -0.627883 -1 -0.342805 -0.217758 -1 -0.0951192 -0.801852 0.66179 0.707126 0.0513658 0.355619 0.262344 -0.866581 -0.0175588 0.103754 -0.0560604 -0.384179 -0.0608274 0.299054 -1 0.587481 0.478775 0.0197629 -0.498377 -0.79793 0.0819141 -0.827582 0.21955 0.856557 -0.145732 0.196727 0.0627991 -0.767585 0.36854 -0.00652918 -0.473801 0.0649603 -1 -0.960517 0.844067 -1 0.411505 0.675562 -0.626883 -0.627085 0.137769 0.769228 0.130932 -0.1588 -0.345225 -1 -1 0.211406 -1 0.310409 0.375291 
-0.54764 -0.038816 -1 0.288262 0.255505 0.00463142 -1 -0.0212903 -0.942101 -0.636929 -0.0113536 0.392672 -0.774349 -0.233816 -1 -0.912497 -0.209655 -0.935469 -1 -0.641318 -0.31795 -0.24804 0.19843 -1 -0.920024 -0.833315 -0.083934 0.015282 -0.782488 -0.730734 0.0457652 -0.873233 -0.96217 -0.92328 -1 -1 -0.996167 -1 -0.834908 -0.384153 0.567538 0.132984 -0.944379 -0.887966 0.0958777 -0.579628 -0.119944 -0.494006 0.148276 -1 -0.633229 -0.750744 -0.0270765 -1 0.475821 -0.881457 -1 -0.861692 -0.840238 -0.98557 -0.507148 0.681979 -0.550837 -0.560504 0.0348157 0.124324 -0.786439 -1 0.702311 -0.502356 -0.805674 -0.459519 0.0142312 -1 -0.305274 -0.776239 -0.222704 -1 -0.777942 -0.991749 -0.686211 -1 0.154953 -0.338754 -0.376424 -0.848811 -0.88027 0.347187 -1 -0.139293 0.00966977 -0.0320613 -1 -0.894242 0.541909 -0.940712 0.353345 -0.118861 0.828705 -0.753981 -0.305764 0.0195552 -0.431355 -0.776042 0.496303 -0.0791982 -0.512841 0.303274 -0.443731 -0.485931 -1 -0.271052 -0.583564 -1 -0.825035 -1 -0.241552 -0.578689 0.461787 -1 -0.22808 -0.0732683 -0.480622 0.191797 0.366873 -0.354738 -0.534075 0.124192 -0.291652 0.134649 -0.00723916 0.364141 -0.686697 0.132579 -1 -0.699988 0.361317 -0.946106 
-0.54764 -0.038816 -1 0.288262 0.255505 0.00463142 -1 -0.0212903 -0.942101 -0.636929 -0.0113536 0.392672 -0.774349 -0.233816 -1 -0.912497 -0.209655 -0.935469 -1 -0.641318 -0.31795 -0.24804 0.19843 -1 -0.920024 -0.833315 -0.083934 0.015282 -0.782488 -0.730734 0.0457652 -0.873233 -0.96217 -0.92328 -1 -1 -0.996167 -1 -0.834908 -0.384153 0.567538 0.132984 -0.944379 -0.887966 0.0958777 -0.579628 -0.119944 -0.494006 0.148276 -1 -0.633229 -0.750744 -0.0270765 -1 0.475821 -0.881457 -1 -0.861692 -0.840238 -0.98557 -0.507148 0.681979 -0.550837 -0.560504 0.0348157 0.124324 -0.786439 -1 0.702311 -0.502356 -0.805674 -0.459519 0.0142312 -1 -0.305274 -0.776239 -0.222704 -1 -0.777942 -0.991749 -0.686211 -1 0.154953 -0.338754 -0.376424 -0.848811 -0.88027 0.347187 -1 -0.139293 0.00966977 -0.0320613 -1 -0.894242 0.541909 -0.940712 0.353345 -0.118861 0.828705 -0.753981 -0.305764 0.0195552 -0.431355 -0.776042 0.496303 -0.0791982 -0.512841 0.303274 -0.443731 -0.485931 -1 -0.271052 -0.583564 -1 -0.825035 -1 -0.241552 -0.578689 0.461787 -1 -0.22808 -0.0732683 -0.480622 0.191797 0.366873 -0.354738 -0.534075 0.124192 -0.291652 0.134649 -0.00723916 0.364141 -0.686697 0.132579 -1 -0.699988 0.361317 -0.946106 
-0.75235 -0.038816 -1 0.349235 -0.0496147 0.103356 -1 -0.210121 -0.952681 -1 -0.559798 0.24855 -0.780684 -0.402574 -1 -0.922026 -0.209655 -1 -1 -0.675516 -0.754801 -0.255184 0.19843 -1 -0.943168 -0.93103 -0.211102 -0.139702 -0.782488 -0.88519 0.0457652 -1 -0.96217 -1 -1 -1 -1 -1 -1 -0.384153 0.567538 0.132984 -1 -1 0.156894 -0.84407 -0.314613 -0.494006 -0.0818361 -1 -0.878361 -0.750744 -0.170967 -1 0.475821 -1 -1 -0.861692 -0.777895 -1 -0.764884 0.423724 -0.540038 -0.857941 -0.209219 0.197422 -0.925079 -1 0.676504 -0.498599 -0.805674 -0.459519 -0.167896 -1 -0.305274 -0.776239 -0.483318 -1 -0.774259 -1 -0.813825 -1 0.102293 -0.514388 -0.551099 -1 -1 0.347187 -1 -0.201691 -0.312403 0.0311945 -1 -0.964515 0.335963 -1 -0.140646 -0.118861 0.519934 -0.880202 -0.358051 0.0195552 -0.405688 -1 0.289713 -0.0791982 -0.503212 0.26438 -0.381346 -0.513453 -1 -0.495111 -0.686121 -1 -0.977397 -1 -0.280547 -0.485498 0.336599 -0.951215 -0.334636 -0.153684 -0.480622 0.191797 0.366873 -0.445856 -0.534075 -0.0573236 -0.204327 0.0351559 -0.00723916 -0.0206144 -0.694978 0.132579 -0.914955 -0.715506 0.361317 -1 
-0.54764 -0.038816 -1 0.288262 0.255505 0.00463142 -1 -0.0212903 -0.942101 -0.636929 -0.0113536 0.392672 -0.774349 -0.233816 -1 -0.912497 -0.209655 -0.935469 -1 -0.641318 -0.31795 -0.24804 0.19843 -1 -0.920024 -0.833315 -0.083934 0.015282 -0.782488 -0.730734 0.0457652 -0.873233 -0.96217 -0.92328 -1 -1 -0.996167 -1 -0.834908 -0.384153 0.567538 0.132984 -0.944379 -0.887966 0.0958777 -0.579628 -0.119944 -0.494006 0.148276 -1 -0.633229 -0.750744 -0.0270765 -1 0.475821 -0.881457 -1 -0.861692 -0.840238 -0.98557 -0.507148 0.681979 -0.550837 -0.560504 0.0348157 0.124324 -0.786439 -1 0.702311 -0.502356 -0.805674 -0.459519 0.0142312 -1 -0.305274 -0.776239 -0.222704 -1 -0.777942 -0.991749 -0.686211 -1 0.154953 -0.338754 -0.376424 -0.848811 -0.88027 0.347187 -1 -0.139293 0.00966977 -0.0320613 -1 -0.894242 0.541909 -0.940712 0.353345 -0.118861 0.828705 -0.753981 -0.305764 0.0195552 -0.431355 -0.776042 0.496303 -0.0791982 -0.512841 0.303274 -0.443731 -0.485931 -1 -0.271052 -0.583564 -1 -0.825035 -1 -0.241552 -0.578689 0.461787 -1 -0.22808 -0.0732683 -0.480622 0.191797 0.366873 -0.354738 -0.534075 0.124192 -0.291652 0.134649 -0.00723916 0.364141 -0.686697 0.132579 -1 -0.699988 0.361317 -0.946106 
-0.54764 -0.038816 -1 0.288262 0.255505 0.0707492 -1 -0.0212903 -1 -0.636929 -0.0113536 0.392672 -0.774349 -0.442242 -1 -0.912497 -0.209655 -1 -1 -0.816813 -0.31795 -0.24804 0.19843 -1 -1 -1 -0.083934 0.015282 -0.782488 -0.907991 -0.0642912 -0.802444 -1 -1 -1 -1 -0.996167 -1 -0.752704 -0.384153 0.567538 -0.0134461 -1 -1 0.118043 -0.579628 -0.119944 -0.498634 0.148276 -1 -0.633229 -0.750744 -0.049474 -1 0.475821 -1 -1 -0.861692 -1 -0.98557 -0.476755 0.476208 -0.550837 -0.632479 0.0348157 0.124324 -0.786439 -1 0.520218 -0.502356 -0.805674 -0.459519 -0.123265 -1 -0.305274 -0.706293 -0.399523 -1 -0.777942 -0.991749 -0.686211 -1 0.154953 -0.338754 -0.376424 -0.848811 -0.88027 0.347187 -1 -0.18972 0.00966977 -0.0320613 -1 -0.894242 0.574888 -0.996216 0.353345 -0.118861 0.59186 -0.753981 -0.305764 -0.0810142 -0.431355 -0.776042 0.496303 -0.0791982 -0.512841 0.303274 -0.388978 -0.490894 -1 -0.271052 -0.583564 -1 -0.947299 -1 -0.241552 -0.578689 0.461787 -1 -0.253598 -0.0331625 -0.708597 0.133282 0.308282 -0.354738 -0.534075 0.0330214 -0.291652 0.134649 -0.00723916 0.31103 -0.80732 -0.113098 -0.918922 -0.699988 0.361317 -0.946106 
-0.54764 -0.390634 -1 0.27496 0.088666 -0.0471731 -0.947671 -0.000316516 -1 -0.833852 -0.098416 0.312352 -0.865592 -0.337162 -0.951831 -0.955081 -0.200657 -1 -1 -0.641318 -0.640634 -0.713298 0.0110113 -1 -0.972894 -0.833315 -0.434249 0.0479429 -0.968247 -0.749828 -0.140384 -0.972978 -0.976929 -1 -0.96062 -1 -1 -1 -0.864194 -0.613528 0.355961 0.132984 -1 -1 0.0958777 -0.953706 -0.417819 -0.645137 -0.0913371 -0.957401 -0.857918 -0.8716 -0.310555 -1 0.361014 -0.887155 -1 -1 -0.982214 -1 -0.659359 0.552306 -0.504754 -0.760828 -0.153227 0.020258 -0.719324 -1 0.742954 -0.543237 -0.981081 -0.462806 -0.229396 -1 -0.177634 -0.938154 -0.545545 -1 -0.777812 -0.991749 -1 -1 0.129765 -0.572854 -0.822849 -0.936051 -1 0.1524 -1 -0.154655 -0.233197 -0.106209 -1 -0.891075 0.22287 -0.98392 0.292176 -0.430083 0.705469 -0.753981 -0.247178 0.0347012 -0.681729 -1 0.318707 -0.1148 -0.815435 0.265589 -0.738309 -0.485931 -1 -0.50201 -0.583564 -0.890264 -0.968406 -1 -0.35024 -0.578689 0.289381 -1 -0.64018 -0.0765836 -0.615064 8.86619e-05 0.189071 -0.354738 -0.881343 -0.0608062 -0.291652 0.0169344 -0.346352 0.301969 -0.990126 -0.0942524 -0.959685 -1 0.241526 -0.969656 
-0.752683 0.0298396 -1 0.288262 -0.0122845 -0.0731987 -1 -0.0212903 -1 -0.636929 -0.0113536 0.391993 -0.763766 -0.421405 -1 -0.912497 -0.437179 -0.956397 -1 -0.641318 -0.31795 -0.47858 0.134246 -1 -1 -1 -0.083934 0.0259198 -0.953289 -0.730734 0.0818745 -0.873233 -0.96217 -0.92328 -1 -1 -0.996167 -1 -1 -0.316556 0.567538 0.132984 -0.876731 -0.789798 0.0958777 -0.663562 -0.293918 -0.494006 0.217803 -0.900269 -0.707135 -0.750744 -0.168518 -1 0.418423 -0.991374 -0.94168 -0.980169 -0.840238 -1 -0.702102 0.681979 -0.550837 -0.560504 -0.0706036 -0.084359 -0.786439 -1 0.538989 -0.753831 -0.845103 -0.454631 0.0152602 -1 -0.305274 -0.776239 -0.222704 -1 -0.917951 -0.990493 -0.686211 -1 0.154953 -0.373246 -0.279168 -0.848811 -0.88027 0.347187 -1 -0.139293 0.00966977 -0.0320613 -0.975307 -1 0.517971 -0.940712 0.353345 -0.28174 0.828705 -0.753981 -0.305764 0.0195552 -0.647603 -0.776042 0.496303 -0.110198 -0.512841 0.0678252 -0.443731 -0.485931 -1 -0.438583 -0.832868 -1 -0.852607 -1 -0.358019 -0.578689 0.461787 -0.938189 -0.22808 -0.0732683 -0.480622 0.191797 0.366873 -0.270379 -0.534075 0.0419579 -0.291652 0.134649 -0.00723916 0.23794 -0.975771 -0.0693159 -1 -0.699988 0.361317 -0.946106 
-0.54764 -0.038816 -1 0.288262 0.255505 0.0707492 -1 -0.0212903 -1 -0.636929 -0.0113536 0.392672 -0.774349 -0.442242 -1 -0.912497 -0.209655 -1 -1 -0.816813 -0.31795 -0.24804 0.19843 -1 -1 -1 -0.083934 0.015282 -0.782488 -0.907991 -0.0642912 -0.802444 -1 -1 -1 -1 -0.996167 -1 -0.752704 -0.384153 0.567538 -0.0134461 -1 -1 0.118043 -0.579628 -0.119944 -0.498634 0.148276 -1 -0.633229 -0.750744 -0.049474 -1 0.475821 -1 -1 -0.861692 -1 -0.98557 -0.476755 0.476208 -0.550837 -0.632479 0.0348157 0.124324 -0.786439 -1 0.520218 -0.502356 -0.805674 -0.459519 -0.123265 -1 -0.305274 -0.706293 -0.399523 -1 -0.777942 -0.991749 -0.686211 -1 0.154953 -0.338754 -0.376424 -0.848811 -0.88027 0.347187 -1 -0.18972 0.00966977 -0.0320613 -1 -0.894242 0.574888 -0.996216 0.353345 -0.118861 0.59186 -0.753981 -0.305764 -0.0810142 -0.431355 -0.776042 0.496303 -0.0791982 -0.512841 0.303274 -0.388978 -0.490894 -1 -0.271052 -0.583564 -1 -0.947299 -1 -0.241552 -0.578689 0.461787 -1 -0.253598 -0.0331625 -0.708597 0.133282 0.308282 -0.354738 -0.534075 0.0330214 -0.291652 0.134649 -0.00723916 0.31103 -0.80732 -0.113098 -0.918922 -0.699988 0.361317 -0.946106 
-0.75235 -0.038816 -1 0.349235 -0.0496147 0.103356 -1 -0.210121 -0.952681 -1 -0.559798 0.24855 -0.780684 -0.402574 -1 -0.922026 -0.209655 -1 -1 -0.675516 -0.754801 -0.255184 0.19843 -1 -0.943168 -0.93103 -0.211102 -0.139702 -0.782488 -0.88519 0.0457652 -1 -0.96217 -1 -1 -1 -1 -1 -1 -0.384153 0.567538 0.132984 -1 -1 0.156894 -0.84407 -0.314613 -0.494006 -0.0818361 -1 -0.878361 -0.750744 -0.170967 -1 0.475821 -1 -1 -0.861692 -0.777895 -1 -0.764884 0.423724 -0.540038 -0.857941 -0.209219 0.197422 -0.925079 -1 0.676504 -0.498599 -0.805674 -0.459519 -0.167896 -1 -0.305274 -0.776239 -0.483318 -1 -0.774259 -1 -0.813825 -1 0.102293 -0.514388 -0.551099 -1 -1 0.347187 -1 -0.201691 -0.312403 0.0311945 -1 -0.964515 0.335963 -1 -0.140646 -0.118861 0.519934 -0.880202 -0.358051 0.0195552 -0.405688 -1 0.289713 -0.0791982 -0.503212 0.26438 -0.381346 -0.513453 -1 -0.495111 -0.686121 -1 -0.977397 -1 -0.280547 -0.485498 0.336599 -0.951215 -0.334636 -0.153684 -0.480622 0.191797 0.366873 -0.445856 -0.534075 -0.0573236 -0.204327 0.0351559 -0.00723916 -0.0206144 -0.694978 0.132579 -0.914955 -0.715506 0.361317 -1 
-0.700671 0.0371847 -0.948613 0.0488443 -0.0390008 -0.170275 -1 -0.182722 -1 -0.807644 -0.0113536 0.228995 -0.933319 -0.233816 -1 -0.94625 -0.285121 -1 -1 -0.798666 -0.647798 -0.645564 0.158103 -1 -1 -0.819768 -0.23165 -0.238912 -1 -1 -0.173366 -1 -1 -0.785584 -1 -0.977426 -0.995039 -1 -0.827734 -0.34294 0.637377 -0.045809 -0.944379 -0.905519 0.165392 -0.593573 -0.744366 -0.580286 0.10489 -1 -0.781011 -1 -0.0270765 -1 0.267836 -0.940713 -1 -1 -0.938811 -0.969896 -0.773435 0.681979 -0.531958 -0.679439 0.0348157 -0.134981 -0.932705 -1 0.576195 -1 -0.977768 -0.459519 -0.00206743 -0.987339 -0.610875 -0.776239 -0.138874 -1 -0.996085 -0.901547 -0.728738 -1 -0.0547106 -0.237064 -0.876419 -1 -1 -0.1729 -0.909409 -0.326879 0.00966977 -0.0635115 -1 -0.926023 0.541909 -1 0.211134 -0.132534 0.545702 -0.680147 -0.47285 0.0212338 -0.500571 -1 0.496303 -0.453493 -0.619162 0.0257702 -0.630509 -0.836168 -1 -0.237033 -0.558548 -0.946249 -0.876051 -1 -0.620221 -0.695075 0.26259 -1 -0.160846 -0.0732683 -0.511137 0.204541 0.418925 -0.321719 -0.534075 0.0881686 -0.274212 -0.0596454 -0.524905 0.215734 -0.826271 -0.0138238 -1 -0.833511 0.22448 -1 
-0.792922 -0.0340813 -1 0.111591 -0.185761 -0.177933 -1 -0.280257 -0.970517 -0.740063 -0.0756793 0.347468 -0.729025 -0.549935 -0.971102 -0.953328 -0.437179 -0.956397 -1 -0.729479 -0.446497 -0.427323 -0.0189938 -1 -1 -0.988451 -0.320114 -0.254957 -1 -0.730734 -0.0132903 -0.987602 -0.96217 -0.992199 -1 -0.956777 -0.916494 -1 -1 -0.304636 0.287781 0.132984 -0.876731 -0.789798 0.0958777 -0.598447 -0.382071 -0.494006 0.0998635 -0.930747 -0.797632 -0.702108 -0.476192 -1 0.290135 -0.991374 -1 -0.916121 -0.840238 -1 -0.921284 0.473283 -0.654488 -0.699045 -0.260976 -0.0517725 -1 -1 0.521448 -1 -0.880328 -0.555319 -0.281542 -1 -0.650684 -0.945837 -0.222704 -1 -1 -0.990493 -0.686211 -1 -0.13877 -0.556656 -0.46637 -0.973775 -1 0.347187 -1 -0.486578 -0.251311 -0.0777108 -0.890996 -0.963734 0.339941 -0.91149 0.185537 -0.561422 0.828705 -0.711158 -0.395294 -0.0956682 -0.647603 -0.769667 0.485595 -0.233141 -0.46921 0.0968094 -0.528365 -0.485931 -0.910816 -0.550263 -0.938096 -1 -1 -1 -0.358019 -0.657571 0.441467 -0.962537 -0.22808 -0.0859831 -0.480622 0.0132866 0.464631 -0.270379 -0.58582 0.130621 -0.344251 -0.0288583 -0.00723916 0.162865 -1 -0.270609 -1 -0.675572 0.251126 -1 
-0.553739 -0.038816 -0.939693 0.288262 0.255505 0.00463142 -1 -0.0212903 -0.942101 -0.636929 -0.0113536 0.392672 -0.774349 -0.233816 -1 -0.912497 -0.209655 -1 -1 -0.683792 -0.31795 -0.24804 0.0280689 -1 -0.968063 -0.833315 -0.173549 0.00589547 -0.782488 -0.730734 -0.00408763 -0.873233 -0.96217 -0.92328 -1 -1 -0.979742 -1 -0.82373 -0.384153 0.567538 0.132984 -0.944379 -0.887966 0.0958777 -0.579628 -0.255528 -0.494006 0.148276 -1 -0.672863 -0.697284 -0.0506292 -1 0.475821 -0.881457 -1 -0.812136 -0.857481 -1 -0.520381 0.497452 -0.550837 -0.560504 0.0348157 0.124324 -0.786439 -1 0.575947 -0.604884 -0.822422 -0.459519 0.0142312 -1 -0.270067 -0.739034 -0.222704 -1 -0.788453 -0.991749 -0.864475 -1 0.154953 -0.444225 -0.376424 -0.88508 -1 0.291885 -0.973515 -0.139293 0.00966977 -0.190135 -1 -1 0.541909 -1 0.353345 -0.118861 0.706204 -0.69315 -0.305764 0.0195552 -0.382855 -0.776042 0.496303 -0.0791982 -0.512841 0.303274 -0.443731 -0.549896 -1 -0.271052 -0.583564 -1 -0.825035 -1 -0.194828 -0.578689 0.461787 -1 -0.265167 -0.0732683 -0.480622 0.191797 0.366873 -0.354738 -0.650845 0.124192 -0.291652 0.134649 -0.00723916 0.364141 -0.686697 0.132579 -1 -0.73326 0.361317 -1 
-0.810435 -0.0675828 -0.938755 -0.0582117 -0.446744 -0.238121 -1 -0.234377 -1 -0.70743 -0.34663 0.527238 -0.749234 -0.376694 -1 -1 -0.384733 -0.992005 -1 -0.701742 -0.383672 -0.290416 -0.453733 -1 -0.978151 -0.889016 -0.510497 -0.235991 -1 -0.928014 -0.0273831 -0.965517 -1 -0.988876 -0.947411 -1 -1 -1 -0.826273 -0.419742 0.249455 -0.155501 -1 -1 -0.091533 -0.657511 -0.381609 -0.960275 0.0589088 -1 -0.86387 -0.927098 -0.255089 -1 0.287955 -1 -0.950913 -0.905033 -0.962833 -1 -0.952375 0.239394 -0.628944 -0.463816 -0.153474 -0.168482 -1 -1 0.460748 -0.755378 -1 -1 -0.0626728 -1 -0.805667 -1 -0.594793 -1 -1 -1 -0.817402 -1 -0.0394 -0.542486 -0.505897 -1 -1 0.0517417 -1 -0.607994 -0.207767 -0.488456 -0.976883 -0.991744 0.375223 -0.904316 0.185981 -0.208683 0.394372 -0.889696 -0.217165 0.0238129 -0.392664 -1 0.67044 -0.395722 -0.692198 0.120491 -1 -0.478126 -1 -0.556119 -0.834131 -1 -0.836621 -0.976465 -0.734535 -0.655739 -0.145216 -1 -0.171457 -0.129922 -0.658727 -0.172652 0.37575 -0.370482 -0.603635 0.0621704 -0.529608 0.318358 -0.28287 0.223221 -0.916357 -0.0505814 -0.916125 -0.699988 0.073718 -1 
-0.597623 -0.0238947 -0.998355 0.133504 0.139538 -0.135048 -1 -0.0670994 -0.957673 -0.780048 -0.430755 0.167593 -1 -0.241944 -1 -0.912523 -0.209655 -0.993219 -1 -0.641318 -0.306136 -0.502063 0.19843 -1 -0.920024 -0.833315 -0.0457816 -0.126586 -0.900337 -0.837405 -0.229686 -0.973728 -1 -0.959511 -1 -1 -0.93085 -0.967039 -1 -0.369348 0.562446 0.0155272 -1 -0.887966 -0.117952 -0.613236 -0.0452026 -0.494006 -0.146189 -1 -0.711199 -0.941647 -0.0270765 -1 0.073465 -0.948894 -1 -1 -0.883618 -0.860105 -0.432374 0.350245 -0.627407 -0.850808 -0.0198706 -0.0740356 -0.895827 -1 0.775746 -0.498687 -1 -0.453606 -0.579231 -0.984427 -0.325234 -1 -0.150481 -1 -1 -0.942043 -0.809574 -1 -0.271713 -0.601099 -0.672335 -0.987461 -0.910902 0.131685 -1 -0.498416 0.0376169 -0.134951 -1 -0.864865 0.401437 -0.880927 0.174896 -0.431485 0.624064 -0.741103 -0.67265 -0.0436045 -0.555028 -0.938119 0.491825 -0.22813 -0.745825 -0.0297716 -0.721083 -0.66953 -1 -0.189768 -0.96018 -0.964086 -0.945865 -1 -0.248343 -0.507181 0.465153 -1 -0.22808 -0.0473686 -0.557948 0.154846 0.259081 -0.352482 -0.534075 -0.183698 -0.753451 -0.068611 -0.297302 0.110677 -0.940172 -0.0243854 -1 -0.835424 0.0888783 -0.946106 
-0.54764 -0.038816 -1 0.125301 0.255505 0.00463142 -1 -0.109279 -1 -0.636929 -0.0113536 0.392672 -0.774349 -0.233816 -1 -1 -0.209655 -0.935469 -1 -0.722057 -0.31795 -0.375267 0.19843 -1 -0.920024 -0.833315 -0.083934 0.015282 -0.782488 -0.730734 0.0457652 -0.953215 -1 -0.958006 -1 -1 -1 -1 -0.834908 -0.334109 0.567538 0.109916 -0.944379 -0.887966 0.0958777 -0.571512 -0.119944 -0.494006 0.148276 -1 -0.633229 -0.750744 -0.0270765 -1 0.358638 -0.881457 -1 -0.861692 -0.840238 -0.98557 -0.456267 0.681979 -0.716561 -0.560504 -0.039543 0.0481639 -0.944425 -1 0.702311 -0.502356 -0.787487 -0.459519 -0.0309522 -1 -0.305274 -0.776239 -0.222704 -1 -0.777942 -0.991749 -0.686211 -1 0.154953 -0.338754 -0.47884 -0.899054 -0.88027 0.347187 -1 -0.139293 -0.0471242 -0.0320613 -1 -0.894242 0.541909 -1 0.361532 -0.275164 0.828705 -0.753981 -0.35442 0.0195552 -0.436225 -0.776042 0.496303 -0.173881 -0.499086 0.303274 -0.459636 -0.485931 -1 -0.385006 -0.583564 -1 -0.833996 -1 -0.241552 -0.667252 0.461787 -1 -0.22808 -0.0732683 -0.471866 0.198864 0.366873 -0.501817 -0.534075 0.0720547 -0.291652 0.134649 -0.0819756 0.325487 -0.751899 0.132579 -1 -0.699988 0.361317 -0.946106 
-0.54764 -0.0512127 -0.917516 0.344316 0.104107 -0.292063 -0.997256 -0.0212903 -0.96685 -0.636929 -0.0808175 0.14915 -1 -0.0742667 -0.981703 -0.912497 -0.209655 -1 -1 -0.610102 -0.522671 -0.269453 0.0622613 -1 -1 -0.833315 -0.0928646 -0.102169 -0.83278 -0.638285 0.134844 -0.873233 -1 -1 -1 -1 -1 -1 -1 -0.384153 0.407733 0.132984 -1 -1 0.216884 -0.775242 -0.365462 -0.489127 0.148276 -0.964087 -0.93944 -0.651451 -0.0402173 -1 0.279848 -0.881457 -1 -1 -1 -1 -0.507148 0.227449 -0.57694 -0.697007 -0.124448 0.124324 -0.703865 -1 0.657888 -0.543773 -0.787653 -0.728562 -0.0121443 -0.929079 -0.212798 -0.786981 -0.222704 -1 -1 -1 -0.76152 -0.903614 0.0603607 -0.513355 -0.82722 -1 -1 0.196449 -1 -0.171334 0.00966977 -0.00808575 -1 -0.984657 0.488338 -0.913399 0.260339 -0.162933 0.571365 -0.866865 -0.699998 0.0668602 -0.518945 -0.909958 0.496645 -0.0791982 -0.736402 0.0404831 -0.443731 -0.621084 -1 -0.550727 -0.530523 -1 -1 -1 -0.631247 -0.591499 0.366008 -1 -0.22808 -0.0764947 -0.669715 0.0379577 0.316295 -0.358049 -0.778626 0.21954 -0.211805 -0.122748 -0.00914584 0.416181 -0.868926 -0.0816366 -1 -0.922123 0.0951589 -1 
