-0.487079 -1 -0.755112 -0.0672945 -0.518658 0.121241 -0.134495 0.424699 0.44145 0.260773 0.537767 -0.177418 -0.784748 -0.815333 -1 -0.725354 0.1011 -0.704111 0.652295 0.826196 -0.461816 -0.728439 0.249618 -0.958572 0.0370475 -0.303037 -1 -0.631847 -0.255099 0.676733 0.18705 -0.807473 0.901352 0.10698 0.380955 0.279342 -0.907379 0.10253 -0.105934 -0.998464 0.263272 0.224612 0.531284 -1 0.199354 0.515657 -1 -0.74496 -0.53866 0.393977 -1 -0.576622 0.277226 -0.0376023 -0.0711449 -1 0.891925 -0.153092 -0.293373 -0.0358067 0.86167 0.235327 0.0485176 -0.447837 0.387117 0.876418 -1 0.00811279 -0.201055 0.348124 0.532585 0.0849656 0.556426 0.301553 -0.454446 0.76614 0.032827 -0.100162 -0.141271 -0.889944 -0.865606 0.821742 -0.928341 0.707859 0.512846 0.758612 -0.33959 -0.398897 -0.337916 0.398623 -1 -0.227109 0.128387 -0.844051 -0.593593 0.259395 0.773405 0.0269438 0.675059 -0.447485 0.53443 0.647904 0.735985 -0.195913 -0.957657 -0.659822 -0.105845 0.201975 -0.670226 0.53397 -0.973817 0.869547 0.108268 0.533157 -0.107627 -0.270511 0.123393 -0.249049 -1 -0.512521 -0.763561 -0.9456 0.637967 0.108198 -0.393012 -0.362219 -0.603848 -0.65998 -0.789674 -0.00584069 -0.559617 0.315613 0.267088 -0.238004 -1 -0.019899 0.323454 -0.153343 
-0.487079 -1 -0.755112 -0.0672945 -0.518658 0.121241 -0.134495 0.424699 0.44145 0.260773 0.537767 -0.177418 -0.784748 -0.815333 -1 -0.725354 0.1011 -0.704111 0.652295 0.826196 -0.461816 -0.728439 0.249618 -0.958572 0.0370475 -0.303037 -1 -0.631847 -0.255099 0.676733 0.18705 -0.807473 0.901352 0.10698 0.380955 0.279342 -0.907379 0.10253 -0.105934 -0.998464 0.263272 0.224612 0.531284 -1 0.199354 0.515657 -1 -0.74496 -0.53866 0.393977 -1 -0.576622 0.277226 -0.0376023 -0.0711449 -1 0.891925 -0.153092 -0.293373 -0.0358067 0.86167 0.235327 0.0485176 -0.447837 0.387117 0.876418 -1 0.00811279 -0.201055 0.348124 0.532585 0.0849656 0.556426 0.301553 -0.454446 0.76614 0.032827 -0.100162 -0.141271 -0.889944 -0.865606 0.821742 -0.928341 0.707859 0.512846 0.758612 -0.33959 -0.398897 -0.337916 0.398623 -1 -0.227109 0.128387 -0.844051 -0.593593 0.259395 0.773405 0.0269438 0.675059 -0.447485 0.53443 0.647904 0.735985 -0.195913 -0.957657 -0.659822 -0.105845 0.201975 -0.670226 0.53397 -0.973817 0.869547 0.108268 0.533157 -0.107627 -0.270511 0.123393 -0.249049 -1 -0.512521 -0.763561 -0.9456 0.637967 0.108198 -0.393012 -0.362219 -0.603848 -0.65998 -0.789674 -0.00584069 -0.559617 0.315613 0.267088 -0.238004 -1 -0.019899 0.323454 -0.153343 
-0.487079 -1 -0.775089 -0.0290528 -0.730595 0.121241 -0.134495 0.424699 0.44145 0.260773 0.548054 -0.383008 -1 -0.73035 -1 -0.802813 0.0988762 -1 0.652295 0.443314 -0.467285 -0.649563 0.240452 -1 0.117944 -0.521271 -1 -0.849246 -0.255099 0.44536 0.265924 -0.747922 0.954648 -0.158746 0.20918 0.089855 -0.849517 -0.169507 -0.366062 -1 0.237968 0.119011 0.531284 -1 0.00309245 0.372507 -1 -1 -0.492537 0.393977 -1 -0.576622 0.277226 0.0452432 -0.0273367 -0.961783 0.713285 -0.153092 -0.293373 -0.00231711 0.66159 0.235327 0.0485176 -0.510268 0.157911 0.963642 -0.92027 0.00811279 -0.370991 0.309882 0.283235 0.0849656 0.581272 0.301553 -0.679984 0.76614 0.032827 -0.279343 -0.346124 -0.889944 -0.889651 0.612282 -0.928341 0.645648 0.299657 0.758612 -0.541925 -0.490466 -0.391445 0.37245 -1 -0.475724 -0.104543 -0.939275 -0.593593 -0.00201453 0.742626 0.00636778 0.485999 -0.447485 0.2881 0.647904 0.499588 -0.195913 -0.860044 -0.526812 -0.323575 0.0565888 -0.670226 0.297479 -1 0.869547 0.108268 0.529558 -0.0210894 -0.270511 -0.048402 -0.249049 -1 -0.636975 -0.763561 -1 0.633039 0.108198 -0.370019 -0.362219 -0.755977 -0.739081 -0.822956 -0.136067 -0.559617 0.376043 0.267088 -0.489703 -1 -0.019899 0.0697211 -0.249085 
-0.691443 -1 -0.835691 -0.0672945 -0.570319 0.121241 -0.305408 0.279355 0.44145 0.10565 0.367707 -0.411459 -0.784748 -1 -1 -0.725354 0.1011 -0.704111 0.652295 0.826196 -0.461816 -0.728439 0.06378 -1 0.0370475 -0.303037 -1 -0.545228 -0.448855 0.676733 0.182547 -0.81676 0.707086 0.10698 0.370489 0.22378 -0.907379 0.194641 -0.2077 -0.9267 0.273032 0.224612 0.531284 -1 0.199354 0.307022 -1 -0.74496 -0.53866 0.202227 -0.909766 -0.576622 0.0308785 -0.0376023 -0.0711449 -1 0.891925 -0.250777 -0.565482 -0.158534 0.86167 0.000814289 -0.187708 -0.618408 0.387117 0.669854 -0.930714 0.0966654 -0.201055 0.348124 0.470463 0.0990173 0.323842 0.301553 -0.415027 0.597219 -0.0444376 -0.100162 -0.310507 -0.889944 -0.865606 0.821742 -1 0.707859 0.512846 0.77197 -0.478399 -0.398897 -0.337916 0.425212 -1 -0.227109 -0.0232605 -0.844051 -0.593593 0.259395 0.773405 0.0269438 0.675059 -0.398916 0.53443 0.647904 0.544593 -0.415622 -0.957657 -0.643643 -0.186366 0.201975 -0.812454 0.372409 -1 0.696632 0.108268 0.533157 -0.107627 -0.456328 -0.173446 -0.537468 -1 -0.538837 -1 -0.9456 0.590025 0.108198 -0.492913 -0.395299 -0.603848 -0.891258 -0.735816 -0.00584069 -0.559617 0.388552 0.0767326 -0.386917 -1 -0.019899 0.323454 -0.288371 
-0.487079 -1 -1 -0.0672945 -0.518658 0.121241 -0.134495 0.424699 0.149167 0.0243199 0.537767 -0.350266 -0.784748 -0.980842 -1 -0.725354 0.178959 -0.704562 0.652295 0.826196 -0.461816 -0.877976 0.243794 -0.958572 0.0370475 -0.382294 -1 -0.904397 -0.530304 0.609951 0.0333946 -0.807473 0.901352 -0.0503648 0.380955 0.279342 -1 0.0786227 -0.37925 -1 0.263272 0.160221 0.531284 -1 0.199354 0.515657 -1 -0.74496 -0.735668 0.393977 -1 -0.576622 0.28791 -0.0376023 -0.0711449 -1 0.701943 -0.216275 -0.293373 -0.0358067 0.705097 0.166057 -0.113546 -0.447837 0.387117 0.876418 -1 -0.231745 -0.201055 0.348124 0.455164 -0.0862934 0.556426 0.185459 -0.56403 0.60502 -0.126517 -0.100162 -0.336158 -0.889944 -0.865606 0.636183 -1 0.707859 0.512846 0.758612 -0.33959 -0.398897 -0.480185 0.234499 -1 -0.227109 0.128387 -1 -0.807784 0.259395 0.696647 -0.135906 0.675059 -0.447485 0.53443 0.682178 0.735985 -0.1191 -0.957657 -0.826298 -0.105845 0.0599772 -0.597614 0.53397 -0.968617 0.669313 0.108268 0.513654 -0.0217767 -0.539982 -0.133862 -0.249049 -1 -0.512521 -0.724797 -0.9456 0.637967 0.108198 -0.559853 -0.283134 -0.603848 -0.954369 -0.800397 -0.00584069 -0.500282 0.38562 0.267088 -0.485031 -1 -0.18098 0.415578 -0.153343 
-0.41089 -1 -0.755112 -0.0672945 -0.870392 0.121241 -0.134495 0.446524 0.44145 0.220267 0.498675 -0.360426 -0.947429 -0.915025 -1 -0.882574 0.1011 -0.852027 0.699087 0.7761 -0.382808 -0.728439 -0.11805 -1 -0.0205579 -0.523586 -1 -0.631847 -0.276722 0.676733 -0.031387 -0.792041 0.901352 0.0539667 0.380955 0.356858 -0.907379 0.10253 -0.144485 -1 -0.0162973 0.2568 0.334353 -1 0.00443547 0.354542 -1 -0.74496 -0.713991 0.450883 -1 -0.706297 0.0809079 -0.0633783 -0.519178 -0.962544 0.712154 -0.120699 -0.513748 -0.381978 0.752732 0.135255 0.0485176 -0.51842 0.387117 0.725839 -1 -0.0431138 -0.200083 0.297971 0.532585 0.0873251 0.152622 0.358989 -0.849935 0.749062 0.0564035 -0.100162 -0.141271 -0.889944 -0.794986 0.639505 -1 0.578044 0.441541 0.578976 -0.63117 -0.398897 -0.337916 0.215969 -1 -0.207805 0.128387 -0.844051 -0.593593 -0.209294 0.313349 0.0217268 0.459799 -0.643745 0.53443 0.67311 0.818295 -0.162222 -1 -0.659822 -0.118075 0.243884 -0.804956 0.317424 -1 0.851112 0.0565599 0.568292 -0.212456 -0.270511 0.125757 -0.284601 -1 -0.512521 -0.782023 -0.9456 0.637967 0.0157024 -0.393012 -0.348144 -0.631065 -0.803536 -0.789674 -0.00584069 -0.559617 0.076973 0.267088 -0.314915 -0.991247 0.063301 0.20812 -0.115286 
-0.582305 -0.968713 -0.76909 -0.0320839 -0.677497 0.0532672 -0.161818 0.262267 0.44145 -0.0244519 0.331072 -0.234897 -0.784748 -0.964898 -1 -1 -0.141768 -0.867298 0.6932 0.870578 -0.719241 -1 0.249618 -1 -0.483153 -0.554339 -1 -0.851932 -0.269238 0.315091 0.160817 -0.932503 0.844182 -0.0308215 0.449272 -0.127189 -1 0.234365 -0.534153 -1 0.189785 0.111154 0.18505 -0.986772 0.267759 0.429919 -1 -0.991236 -0.53131 0.00854 -1 -0.915467 -0.297878 -0.0376023 -0.410266 -1 0.406472 -0.559107 -0.264922 -0.0353559 0.764161 0.0337033 -0.0578316 -0.625852 0.14037 0.876418 -1 -0.311708 -0.367232 0.228967 0.532585 -0.0756132 0.591061 -0.166041 -0.959785 0.45236 -0.0513932 -0.100648 -0.47503 -0.870723 -1 0.799952 -1 0.579443 0.543022 0.426961 -0.586823 -0.768813 -0.497066 0.320158 -1 -0.513106 -0.214915 -0.791762 -0.593593 -0.0109512 0.768906 -0.133208 0.675059 -0.597133 0.53443 0.404618 0.735985 -0.581651 -1 -0.688921 -0.306897 -0.128148 -0.818884 0.139702 -1 0.869547 0.108268 0.533157 -0.393318 -0.18918 -0.0103645 -0.13748 -1 -0.550089 -0.957459 -0.861485 0.688328 -0.0290101 -0.362213 -0.667828 -1 -0.652165 -0.910828 -0.0988569 -0.873858 0.14099 0.267088 -0.408257 -1 -0.0943725 0.100848 -0.153343 
0.0292746 -0.0288655 -0.944852 0.230304 0.694359 -0.792489 0.196009 -1 0.780111 -1 -0.765138 -1 0.192972 -0.0851502 0.262341 -1 -0.918558 -1 0.345105 0.718645 -0.30415 -0.117589 -0.17087 0.546931 0.549073 0.846958 -0.306152 -1 -1 -0.817302 -0.978913 -1 -0.361936 -0.373628 -1 -0.751006 0.577226 0.0550361 -1 -1 -0.129245 -0.670782 -0.548952 0.636743 -0.835016 -0.532793 0.746619 -0.572135 -0.0515991 -0.290171 -0.557745 -0.312431 -1 -0.162896 -0.596548 0.0271166 -0.788669 0.613044 -0.411607 -0.572211 0.133453 0.00294325 -0.958756 0.470951 0.385572 -0.999641 -0.479773 0.223951 0.920524 -1 -0.632243 -1 -0.332682 -1 -0.422658 -0.238055 -0.543668 -0.312548 0.149712 -1 -0.297896 -1 -0.146405 0.0890647 -0.920234 -0.0130548 0.420349 0.360743 0.0585067 -0.443682 -0.621042 0.352475 -0.953958 -0.925063 -0.455076 -0.290377 -0.789424 -0.0265457 -0.00517242 -0.505807 0.274721 -0.00160059 -0.452828 -0.698069 -0.0603169 -0.465461 -0.221235 -0.184694 -0.345516 0.127931 -0.892449 -1 0.204804 0.272807 -0.381182 0.0823877 0.38162 -0.983064 -0.490113 -1 -0.834717 0.672621 -0.364782 0.369066 -1 -1 -1 -0.264291 0.557335 -0.140591 -0.356214 0.193641 -0.216717 0.199031 -0.608444 -0.908185 -1 -0.750581 
-0.487079 -1 -0.775089 -0.0290528 -0.692167 0.0551137 -0.318799 0.424699 0.365345 0.260773 0.548054 -0.512301 -1 -0.73035 -1 -0.802813 0.0988762 -1 0.652295 0.496074 -0.467285 -0.649563 0.240452 -1 0.0730494 -0.521271 -1 -0.849246 -0.358052 0.44536 0.265924 -0.747922 0.734991 -0.158746 0.20918 0.0248246 -0.849517 -0.169507 -0.435451 -1 0.237968 0.119011 0.531284 -1 0.00309245 0.372507 -0.994317 -1 -0.430599 0.433367 -1 -0.559612 0.277226 -0.0388897 -0.0273367 -0.998355 0.761782 -0.312738 -0.293373 -0.00231711 0.66159 0.235327 0.0485176 -0.510268 0.0822131 0.994519 -0.864943 0.00811279 -0.370991 0.357108 0.283235 -0.0959573 0.581272 0.301553 -0.845295 0.716155 0.0400276 -0.279343 -0.443058 -0.985353 -0.889651 0.612282 -0.884644 0.620015 0.299657 0.758612 -0.541925 -0.490466 -0.391445 0.37245 -1 -0.475724 -0.104543 -1 -0.593593 -0.00201453 0.749004 -0.0612732 0.485999 -0.442689 0.2881 0.578585 0.499588 -0.195913 -0.946289 -0.526812 -0.323575 0.0276298 -0.670226 0.297479 -1 0.869547 -0.0333281 0.529558 -0.0210894 -0.271672 -0.048402 -0.312111 -1 -0.636975 -0.763561 -0.983463 0.633039 0.108198 -0.424683 -0.362219 -0.755977 -0.739081 -0.822956 -0.136067 -0.507548 0.376043 0.267088 -0.489703 -1 -0.019899 0.0697211 -0.362137 
-0.487079 -1 -0.755112 -0.0672945 -0.518658 0.121241 -0.134495 0.424699 0.44145 0.260773 0.537767 -0.177418 -0.784748 -0.815333 -1 -0.725354 0.1011 -0.704111 0.652295 0.826196 -0.461816 -0.728439 0.249618 -0.958572 0.0370475 -0.303037 -1 -0.631847 -0.255099 0.676733 0.18705 -0.807473 0.901352 0.10698 0.380955 0.279342 -0.907379 0.10253 -0.105934 -0.998464 0.263272 0.224612 0.531284 -1 0.199354 0.515657 -1 -0.74496 -0.53866 0.393977 -1 -0.576622 0.277226 -0.0376023 -0.0711449 -1 0.891925 -0.153092 -0.293373 -0.0358067 0.86167 0.235327 0.0485176 -0.447837 0.387117 0.876418 -1 0.00811279 -0.201055 0.348124 0.532585 0.0849656 0.556426 0.301553 -0.454446 0.76614 0.032827 -0.100162 -0.141271 -0.889944 -0.865606 0.821742 -0.928341 0.707859 0.512846 0.758612 -0.33959 -0.398897 -0.337916 0.398623 -1 -0.227109 0.128387 -0.844051 -0.593593 0.259395 0.773405 0.0269438 0.675059 -0.447485 0.53443 0.647904 0.735985 -0.195913 -0.957657 -0.659822 -0.105845 0.201975 -0.670226 0.53397 -0.973817 0.869547 0.108268 0.533157 -0.107627 -0.270511 0.123393 -0.249049 -1 -0.512521 -0.763561 -0.9456 0.637967 0.108198 -0.393012 -0.362219 -0.603848 -0.65998 -0.789674 -0.00584069 -0.559617 0.315613 0.267088 -0.238004 -1 -0.019899 0.323454 -0.153343 
0.0241863 -0.104673 -1 0.0671586 0.538198 -0.97937 0.103288 -1 0.715927 -0.988752 -0.86663 -0.957078 -0.289908 -0.275775 0.339428 -1 -0.881437 -0.983669 0.378282 0.58733 -0.527972 -0.0826256 -0.200032 0.403609 0.18226 0.599015 -0.640211 -1 -1 -0.817302 -1 -1 -0.699512 -0.426955 -0.851857 -1 0.369436 0.0797732 -1 -0.956675 -0.214447 -0.783957 -0.738999 0.579054 -1 -0.792013 0.538998 -0.89932 -0.182929 -0.385835 -1 -0.298748 -0.910331 -0.35767 -0.724085 -0.0905107 -0.94862 0.353043 -0.54952 -0.728927 -0.0674445 -0.237545 -0.909051 0.529304 0.305929 -0.994361 -0.961229 0.00868325 0.651263 -1 -0.672841 -1 -0.305066 -1 -1 -0.495099 -0.791136 -0.268663 0.0432087 -1 -0.45148 -1 -0.423418 0.161209 -0.994963 -0.278934 0.288837 0.0345751 -0.313506 -0.780835 -0.872052 0.356056 -0.933457 -1 -0.906001 -0.53148 -0.705276 -0.0265457 -0.161881 -0.649444 0.129006 -0.10767 -0.581917 -0.810129 -0.370675 -0.541614 -0.271623 -0.191521 -0.459172 0.145142 -1 -1 0.25904 0.0472829 -0.578182 0.142198 0.336517 -1 -0.503287 -1 -1 0.614351 -0.61786 0.385072 -1 -0.998972 -1 -0.235684 0.0589863 -0.257796 -0.59037 -0.0610365 -0.379254 -0.0168933 -0.798167 -1 -1 -0.735187 
0.101297 -0.178857 -0.944852 0.322143 0.259833 -0.808349 0.161628 -1 0.559116 -1 -1 -0.937835 -0.138629 -0.289339 0.207605 -1 -0.933172 -1 0.143556 0.191279 -0.811175 -0.140692 -0.231307 0.26952 0.625269 0.427216 -0.757261 -1 -1 -0.926683 -1 -1 -0.776593 -0.322028 -1 -1 0.131972 -0.0032965 -0.944963 -1 -0.139956 -1 -0.939364 0.405049 -0.835016 -0.602223 0.807218 -0.701717 -0.0110459 -0.318084 -0.940087 -0.368509 -1 -0.3022 -0.833772 0.0610703 -1 0.194839 -0.809907 -0.786263 0.0252674 0.0199906 -1 0.603316 0.087681 -1 -0.425438 0.199799 0.764175 -0.990169 -0.846809 -1 -0.373161 -1 -0.861245 -0.232082 -0.616849 -0.771507 0.169754 -1 -0.486675 -0.933167 -0.60135 -0.342537 -1 0.0436386 0.0343393 0.160899 -0.108677 -0.261497 -0.931389 0.239019 -1 -0.744386 -0.651814 -0.420887 -1 -0.285685 -0.157052 -0.940135 0.010227 -0.0793339 -1 -0.788576 -0.109786 -0.604766 -0.305367 -0.584361 -0.480203 0.141208 -1 -0.974926 0.280855 0.161982 -0.417804 -0.105802 0.314066 -0.910567 -0.773944 -1 -0.918687 0.405517 -0.771868 0.359596 -1 -0.994133 -1 -0.199796 0.607169 -0.0655725 -0.228395 0.248349 -0.0950686 0.126431 -1 -0.948148 -1 -1 
-0.107882 -0.18628 -1 0.144141 0.556953 -0.921807 0.252755 -1 0.60767 -1 -0.825877 -0.98927 0.0324975 -0.401693 0.236413 -0.947299 -0.909931 -1 0.175347 0.191268 -0.622537 -0.212516 -0.292693 0.389923 0.560537 0.677678 -0.603892 -1 -0.994247 -0.838069 -1 -0.957643 -0.346992 -0.664757 -0.957947 -0.864019 0.52177 -0.389419 -1 -1 -0.259211 -0.891681 -0.568983 0.406472 -1 -0.468917 0.660226 -0.943913 -0.245396 -0.452092 -0.6942 -0.464878 -0.986873 -0.162896 -0.564327 0.0363928 -0.788669 0.345776 -0.411607 -0.785463 0.0731161 -0.0545401 -0.958756 0.365678 0.263579 -0.999641 -0.653165 0.223951 0.957597 -1 -0.724518 -1 -0.712944 -1 -0.357889 -0.159916 -0.799103 -0.476799 -0.000466928 -1 -0.436485 -1 -0.32223 -0.219401 -1 -0.428928 0.423278 0.371294 0.0585067 -0.700239 -1 0.371894 -0.945992 -0.909333 -0.697241 -0.272872 -1 -0.244151 -0.208954 -0.608728 -0.0979645 -0.276899 -0.399151 -0.977394 -0.162285 -0.498314 -0.476602 -0.196264 -0.639409 -0.157995 -1 -0.987754 -0.235085 0.272807 -0.798996 0.0823877 0.0734526 -1 -0.581516 -1 -0.834717 0.650264 -0.373617 0.388768 -1 -0.959963 -1 -0.40349 0.501954 -0.201528 -0.551233 0.087269 -0.401647 -0.119795 -0.725058 -1 -1 -0.88413 
-0.107882 -0.178493 -1 -0.110121 0.363511 -0.921807 0.0185443 -1 0.60767 -1 -0.825877 -0.970243 -0.0619268 -0.50972 0.164095 -0.947299 -1 -1 0.175347 0.256962 -0.622537 -0.212516 -0.290247 0.389923 0.335471 0.598995 -0.578347 -1 -1 -0.838069 -1 -1 -0.542708 -0.664757 -1 -0.955763 0.520849 -0.426399 -0.965473 -1 -0.259211 -0.780772 -0.730038 0.276415 -1 -0.414926 0.660226 -0.970684 -0.392219 -0.492184 -0.855938 -0.632748 -1 -0.162896 -0.876742 -0.35721 -0.835389 0.385224 -0.387641 -0.901829 0.104816 -0.0377013 -0.958756 0.0496845 -0.061853 -1 -0.590189 0.223951 0.999625 -1 -1 -1 -0.712944 -0.951831 -0.672547 -0.105646 -1 -0.469013 -0.0248477 -1 -0.486064 -1 -0.32223 -0.519083 -1 -0.567437 0.423278 0.371294 -0.125953 -0.898356 -1 0.289546 -1 -1 -0.89832 -0.272872 -1 -0.379882 -0.208954 -0.608728 -0.0979645 -0.351504 -0.399151 -1 -0.429173 -0.498314 -0.615549 -0.228164 -0.603516 -0.157995 -1 -1 -0.235085 0.0195381 -0.834372 0.154783 0.0734526 -1 -0.663479 -0.938573 -1 0.662798 -0.407981 0.388768 -1 -0.958264 -0.983769 -0.530944 0.48048 -0.468287 -0.678374 -0.103417 -0.679193 -0.119795 -0.725058 -1 -1 -0.957585 
-0.271147 -0.22146 -1 0.468772 0.500183 -1 -0.109595 -1 0.186114 -1 -0.934751 -1 -0.148711 -0.373316 0.213288 -1 -1 -0.956351 0.110185 0.536784 -0.503484 -0.454646 -0.39226 0.10956 0.315991 0.648352 -0.347695 -1 -0.97536 -1 -0.999151 -1 -0.465422 -0.542412 -0.893495 -1 0.64845 -0.130158 -0.911865 -1 -0.664208 -1 -0.508393 0.260968 -1 -0.913467 0.420643 -0.513032 -0.318638 -0.445312 -0.997008 -0.667848 -1 -0.463736 -0.825307 -0.0825187 -0.80542 0.587651 -0.923413 -0.686541 -0.144256 -0.198886 -0.988952 0.335449 0.0876688 -1 -0.593663 0.0734605 0.64624 -1 -0.843842 -1 -0.882656 -1 -0.4549 -0.286755 -0.66278 -0.289577 -0.287178 -1 -0.234273 -1 -0.0917917 0.240804 -1 -0.0680958 -0.108518 0.10715 -0.426874 -0.657575 -0.656672 0.229838 -0.910988 -1 -0.464585 -0.506153 -0.993512 -0.73269 -0.108632 -0.595162 0.239253 -0.353197 -0.486744 -0.861472 -0.076692 -0.672343 -0.223539 -0.620103 -0.451799 -0.0704511 -0.969027 -1 0.21014 0.0826296 -0.666008 -0.0504007 0.303478 -1 -0.762888 -1 -0.744015 0.473831 -0.464213 0.386553 -1 -1 -0.914247 -0.420582 -0.0399723 -0.267128 -0.430245 0.134112 -0.712312 -0.187335 -0.925115 -1 -0.991419 -0.884741 
-0.487079 -1 -0.775089 -0.14411 -0.812966 0.121241 -0.109352 0.401061 0.44145 0.291891 0.548054 -0.537106 -1 -0.73035 -1 -0.775932 -0.0537191 -1 0.516875 0.423208 -0.467285 -0.649563 0.0321838 -1 0.163281 -0.643892 -1 -0.990531 -0.255099 0.299071 0.317374 -0.747922 0.996729 -0.250549 0.220731 0.089855 -0.849517 -0.332183 -0.468597 -1 0.237968 0.119011 0.406188 -0.981338 -0.105488 0.372507 -1 -1 -0.492537 0.270263 -1 -0.666891 0.277226 0.000765927 -0.0273367 -0.961783 0.68926 -0.153092 -0.428448 -0.10484 0.66159 0.166286 0.0485176 -0.59435 0.157911 0.835869 -0.92027 -0.0670813 -0.413531 0.145655 0.283235 0.0849656 0.429604 0.332481 -0.839549 0.76614 0.032827 -0.294574 -0.511823 -0.889944 -0.927546 0.619314 -0.928341 0.645648 0.264289 0.769559 -0.610895 -0.488405 -0.480724 0.37245 -1 -0.677245 -0.0683204 -0.937714 -0.712937 -0.00201453 0.742626 0.0251844 0.471857 -0.471743 0.2881 0.650243 0.478487 -0.227963 -1 -0.526812 -0.365378 0.0565888 -0.670226 0.16807 -0.972156 0.869547 0.108268 0.529558 -0.0210894 -0.270511 -0.153879 -0.249049 -0.943951 -0.616833 -0.763561 -1 0.633039 0.108198 -0.520456 -0.362219 -0.755977 -0.739081 -0.934368 -0.136067 -0.658812 0.408667 0.171104 -0.629238 -1 -0.00112106 0.0169887 -0.314092 
