0.607684 -0.168452 -0.0206491 -0.211979 0.301147 -0.0430946 0.626169 0.357439 -0.881311 -0.449134 0.189672 -0.637711 0.200383 0.761201 -0.572247 0.585599 -0.321767 0.881007 -1 0.0599607 -0.992651 -0.412768 -0.735529 0.264018 -0.769025 0.959315 -0.709891 -0.354151 -0.367789 0.346137 -0.688865 -0.734554 -0.166934 -0.688924 0.90073 0.312502 -0.240655 0.584281 -0.636205 -0.371708 -1 -0.742482 -0.420662 0.0240765 0.109316 -0.935603 0.673764 0.818458 -0.469735 -0.161804 0.599757 -0.972855 -0.685149 0.487951 -0.873618 1 -0.83698 -0.0644681 -0.240351 -0.477633 -0.394768 -0.551995 -0.932833 -0.0882148 0.604993 -0.969645 -0.0569655 0.187617 -0.935317 -0.311645 0.469679 0.933842 -0.680107 0.952515 -0.91052 -0.40247 0.700227 -0.380511 -0.618765 -0.756476 -0.931308 -1 -0.567038 -0.46567 0.405061 -0.232895 -1 0.745014 0.361194 1 -0.110524 -0.996134 0.846863 0.722372 0.323506 0.38893 -0.785234 -0.65053 0.223324 -0.807143 -0.83694 -0.420735 -0.747355 0.82172 0.0111208 -0.695689 
0.0606985 0.670457 0.05616 0.408369 -0.455005 -0.995679 -1 -1 -1 -0.95175 -0.901999 0.00722146 -0.836741 0.84184 0.23341 -1 0.465063 -0.26133 0.129363 -0.828172 -0.362175 0.413656 -1 -0.63666 0.0996229 -1 -0.617677 0.132117 0.349543 -0.66963 -0.526755 0.0593487 -1 -1 0.450404 0.404109 -0.801443 -0.576023 -0.799615 -1 -1 -0.862242 -1 0.00214243 0.570844 0.157731 -0.896011 -0.563531 0.767401 -0.107925 -0.288095 0.296085 0.250364 -0.655455 -1 0.645996 0.25459 0.198665 0.382671 0.563479 -0.377104 0.530289 -0.135623 -0.918753 -1 0.373513 -0.721034 -0.964236 -0.106211 -0.511642 -1 0.253826 -1 0.609915 0.641639 0.167449 -0.89135 0.264098 0.987536 0.468046 -0.906461 -0.199001 -0.679469 -0.0723608 0.431765 -0.255044 0.259809 -0.598037 -1 0.404039 0.163296 -1 -0.619202 0.621258 -0.790242 -1 -0.0872386 -0.442148 0.532639 -0.348786 0.397306 0.401078 -0.892675 -0.333193 -1 0.240414 
0.251271 -0.275968 -0.100878 -0.139933 -0.170376 0.0188118 -0.777595 -0.101718 -0.705614 -0.122505 0.128298 -0.784591 -0.751514 0.527362 -0.284173 -0.505624 -0.647468 0.856888 -0.501171 0.878726 -0.555991 -1 -1 -0.714436 -1 -1 -1 -0.56322 -0.271437 0.0137672 -0.669179 -0.678508 -1 -0.427428 -1 0.166785 0.559108 0.545578 -1 -1 -1 -1 -0.859455 0.20575 -0.0682884 0.776226 -1 -1 -0.822916 0.880902 -0.787656 -0.734509 0.17918 -0.903479 -0.0886167 0.0305792 -0.501151 -0.113572 0.661573 0.481139 0.100138 -0.870377 -0.142234 -0.888078 0.540025 -1 0.0969098 0.234811 -1 -1 -0.0952325 -0.803346 -0.887351 0.185621 -0.165341 -0.909196 0.119562 -0.871089 -0.975026 -1 -0.802054 -1 -0.934682 -1 -0.409584 0.937657 0.486386 -1 -0.813229 -0.578284 -0.110874 0.0808593 -0.0375979 0.624333 0.381512 -0.426831 -1 -1 -0.861331 -0.00199139 -0.254763 -0.0329648 -0.338115 -1 -0.605003 -1 
0.251271 -0.493566 -0.842594 -0.110251 -0.429837 -1 -0.777595 0.13205 -1 -0.543492 0.789732 -1 -1 -0.398265 -1 -0.591728 -0.473871 0.856888 -0.405423 0.878726 -0.810009 -1 -1 -0.20107 -1 -1 -1 -0.56322 -0.271437 -0.297396 -1 -1 -1 -1 -1 -0.0944925 0.101808 -1 -1 -0.630978 -0.616761 -0.9151 -0.823233 -0.343029 -0.0810792 -0.306194 -0.507611 -0.409797 -1 0.523897 -0.787656 -0.848553 0.109474 -0.903479 -0.678194 0.0305792 -0.312006 -0.295436 0.355769 0.481139 0.100138 -0.642124 -0.369934 -1 0.149069 -0.811774 -1 0.0190003 -0.934935 0.681151 0.72128 -0.772596 -0.223751 0.857931 -0.929174 -0.909196 0.543431 -0.871089 -1 -0.610117 -0.802054 -0.898283 -1 -0.990023 0.488307 0.937657 0.741944 -1 -0.813229 -1 -1 -0.270257 -0.473896 0.417664 0.381512 -0.565896 -0.836704 -1 -1 0.0133768 -0.254763 0.254862 -0.338115 -1 -0.958138 -1 
0.258877 0.813641 -0.166886 0.408369 -0.455005 -0.995679 -1 -1 -1 -1 -1 0.213178 -0.836741 0.42456 0.402921 -1 0.465063 -0.26133 0.129363 -0.828172 -0.362175 0.413656 -1 -0.63666 0.276947 -0.777767 -0.617677 -0.505966 0.392212 -0.66963 -0.785166 0.0593487 -0.858063 -1 -0.141086 -0.199983 -0.801443 -0.576023 -0.799615 -1 -1 -0.862242 -1 -0.945064 0.570844 0.157731 -0.896011 -0.563531 0.767401 -0.0363243 -0.0221479 0.296085 0.00945882 -1 -1 0.899591 0.25459 0.198665 0.382671 0.810366 -0.377104 0.530289 0.0207042 -0.959408 -1 -0.00885852 -1 -0.914526 -0.106211 -0.511642 -1 -0.0256411 -0.812777 0.0400641 0.641639 -0.23868 -0.89135 0.264098 0.699901 0.0758758 -1 -0.199001 -0.679469 -0.0723608 0.431765 -0.255044 0.259809 -0.598037 -1 -0.0123291 0.0293009 -1 -0.811231 -0.0453142 -1 -1 -0.0872386 -0.392267 -0.170537 -0.259445 0.397306 0.401078 -0.85008 -0.333193 -1 0.253453 
-0.710224 0.274766 -0.597358 -0.647257 0.40781 0.617733 -1 -0.950083 -1 -0.394591 -1 -1 0.0294162 -0.856913 -0.846986 -0.115027 -1 -0.424294 -1 -0.970652 0.0724247 -1 -0.668081 -1 0.138119 -0.205294 -0.463725 -0.336771 -0.945318 -0.331386 -0.425935 -1 -0.535122 0.681987 -1 -0.916719 -1 -0.685944 -0.669121 -0.933326 -0.32496 0.90341 -1 -0.566601 -1 0.528881 -1 -0.495566 -1 -0.108462 -0.906275 -1 0.0577262 0.0175438 -0.805249 -1 -1 -0.309709 -1 -0.825956 -0.765859 -0.0211815 0.126562 0.490637 -0.747507 0.270831 -1 -0.460704 -1 -1 -0.572344 -0.611617 -1 -0.318756 -0.330251 0.771127 -0.867478 0.669375 -0.800136 0.195492 -0.977075 0.610002 -0.219445 -0.48635 -1 -0.986675 -0.621085 0.213191 1 -0.624292 -0.608621 -0.897259 -0.0274489 -0.0520225 -1 -0.0823862 -0.230167 0.230545 -0.55832 0.447544 -0.974142 -0.485105 -1 -1 -1 -1 
-1 -0.969152 0.872571 -1 -1 -0.853626 -0.103364 -0.901592 -1 -1 -1 0.489311 0.055975 -1 -0.793882 -0.794946 -0.825183 -1 0.249023 1 -1 -0.998379 -0.152097 -0.0205813 -0.127139 -0.866057 -0.0169087 -0.768406 -1 0.79467 -1 -0.296494 -0.521167 -0.955135 -1 -1 -1 -0.539057 -0.607844 -1 -0.315607 -1 -0.254524 -0.264573 -0.517958 -0.777512 -1 -0.882979 0.0180117 -0.928283 -0.40686 -1 -1 -1 0.181495 0.730788 -1 -0.585804 -0.460638 -0.800887 0.449339 -1 0.331566 -0.461243 -0.886222 -0.140632 -1 -0.136485 -0.916298 -0.169927 0.13057 -0.977764 0.370535 -0.153992 -1 -1 -1 -1 -1 -0.712696 -0.910537 -1 -0.309202 -1 -1 -1 -0.262318 -0.786093 0.929776 -1 -0.90673 -0.303926 0.544129 -0.225319 -1 -0.750547 -0.705176 -1 -0.346583 -0.512771 -0.920033 -0.812545 -1 -0.0649589 -1 0.575714 
-0.729223 0.194315 -0.898731 0.195417 0.0126858 -0.983577 -0.450537 -0.178102 -0.116504 -0.0238224 0.176135 0.137637 0.323341 -0.828804 -1 0.770953 -0.423213 0.605044 -0.391389 -0.535137 0.491955 0.159196 0.416534 0.469 -0.0200278 0.608201 -0.708701 0.206111 0.33816 -0.925476 -0.07617 -0.198652 -0.0757229 0.642782 -1 -0.451941 -0.3337 0.22812 0.777907 -0.546265 -0.742531 0.0235349 0.347545 0.38137 -0.123465 0.585534 0.0883324 0.0142555 -0.102935 0.405742 -0.7193 -0.146475 0.333879 -0.514328 0.931683 0.105572 0.412229 -0.303889 0.474771 -0.560627 0.604226 -1 -0.159661 -0.145441 -0.862445 0.326691 -0.526093 -0.934026 -0.738563 0.84455 -0.659026 -1 0.192985 -0.43898 -0.916728 -0.218723 0.241075 -0.803002 0.685833 0.905975 -0.527999 -0.0370288 -0.40243 -0.970161 0.26345 0.537792 0.304426 0.558571 0.63948 -0.0391583 -0.271655 0.575691 -0.910206 -0.546864 -1 -0.669015 -0.818396 -0.645838 0.676652 -0.939217 -0.054448 -0.767705 -0.319847 0.100075 -0.483699 0.127491 
-0.729223 0.155604 -1 -0.257217 -0.0821542 -0.983577 -0.450537 -0.27654 -0.37817 -0.0238224 -0.185374 0.137637 0.323341 -0.828804 -1 0.857096 -0.423213 0.81918 -0.488255 -1 0.283218 0.159196 0.566982 0.469 -0.0200278 0.608201 -0.708701 0.206111 0.240697 -0.925476 -0.464495 0.143322 -0.0757229 0.642782 -1 -0.451941 -0.3337 0.17978 0.916169 -0.546265 -0.742531 0.0235349 0.347545 0.569407 -0.123465 0.585534 0.0436985 -0.53148 -0.102935 0.273397 -0.861232 -0.146475 0.190929 -0.912171 0.927794 -0.502599 0.412229 -0.303889 0.474771 -0.560627 0.604226 -0.795322 -0.159661 -0.145441 -0.862445 0.326691 -0.59343 -0.934026 -0.738563 0.84455 -0.659026 -0.793267 0.192985 -0.43898 -0.916728 -0.218723 -0.103366 -0.803002 0.685833 0.783384 -0.630849 -0.0547934 -0.40243 -0.970161 0.26345 0.537792 0.304426 0.431309 0.142018 -0.156432 -0.061046 0.575691 -0.924291 -0.402696 -1 -0.669015 -0.525775 -0.645838 0.470737 -1 -0.054448 -0.986132 -0.319847 0.0860685 -0.483699 0.127491 
-1 -1 0.820118 -1 -1 -1 0.893906 -0.624504 -1 -1 -0.92984 0.448013 0.826094 -1 -0.798934 -0.901923 -0.606828 -1 -0.7926 0.0405638 -1 -1 0.0596678 -0.107243 -0.482325 -0.847869 0.129244 -1 -1 -0.0142816 -1 0.412504 0.0449665 -1 -1 -0.734618 -1 -0.419266 -1 -0.784035 0.335973 -1 -0.0816429 -1 -0.436617 -1 -0.827758 -1 0.760072 -0.0990959 -1 -1 -1 -1 0.177537 0.965061 -1 -1 -0.804854 -1 0.179559 -0.837411 0.346446 0.917448 -1 -0.912712 0.0950304 0.233676 -1 -0.227812 -0.570346 -0.640209 -0.402761 -1 -0.967255 -0.68888 -1 -1 -1 -1 -0.800571 -0.901988 -0.285454 -1 -1 -1 0.204879 -0.871052 -0.175263 -0.992633 -1 -1 -0.237177 -0.203168 -1 -1 -0.248858 -0.841812 -0.0621744 -0.297661 -1 -0.816618 -1 0.574161 -1 0.330373 
0.261662 0.813641 -0.155978 0.213449 -0.455005 -0.995679 -1 -1 -1 -1 -1 0.213178 -0.836741 0.42456 0.402921 -1 0.465063 -0.26133 0.129363 -0.682067 -0.362175 0.524421 -1 -0.63666 0.327476 -0.777767 -0.617677 -0.505966 0.392212 -0.66963 -0.785166 0.0593487 -0.923476 -1 -0.141086 -0.199983 -0.801443 -0.576023 -0.799615 -1 -1 -0.862242 -1 -0.945064 0.570844 0.157731 -0.72892 -0.563531 0.767401 -0.0363243 0.0257731 0.296085 0.00945882 -1 -1 0.899591 0.25459 0.198665 0.382671 0.810366 -0.377104 0.530289 0.0207042 -0.959408 -1 -0.00885852 -1 -0.914526 -0.0792858 -0.511642 -1 -0.019122 -0.812777 -0.273177 0.641639 -0.23868 -0.89135 0.264098 0.699901 0.0758758 -1 -0.199001 -0.679469 -0.0723608 0.431765 -0.255044 0.259809 -0.598037 -1 -0.0123291 -0.217356 -1 -0.811231 -0.0453142 -1 -1 -0.0872386 -0.392267 -0.170537 -0.188664 0.397306 0.401078 -0.85008 -0.333193 -1 0.253453 
-0.884839 -0.669742 -1 -0.112017 -0.0821542 -1 -0.567099 -0.27654 -0.116504 -0.0238224 -0.00426023 0.137637 0.182086 -0.753627 -0.985538 0.782844 -1 0.81918 -0.388861 -1 0.0692125 -0.318882 0.554114 0.371826 0.212716 0.110819 -0.90156 0.263397 0.240697 -1 -0.464495 -0.12871 -0.478254 0.617762 -1 -0.701025 -0.634754 0.0782204 0.405635 -0.546265 -1 -0.089514 0.347545 0.622834 -0.123465 0.585534 0.0883324 -0.53148 -1 0.405742 -0.668978 -0.146475 0.333879 -0.919232 0.919269 -1 -0.111329 -0.404309 -0.270549 -0.673729 0.308336 -1 -0.159661 -0.35836 -1 0.326691 -0.765982 -0.828048 -0.738563 0.263432 -0.605357 -0.999394 0.186071 -0.991928 -0.766147 -0.69848 -0.583798 -1 0.100451 0.68781 -0.988977 0.0962257 -0.400811 -1 0.26345 0.537792 0.286509 0.558571 0.0607145 -0.611744 -0.061046 0.493162 -0.932787 -0.605601 -1 -1 -0.525775 -0.645838 0.460136 -1 0.0815253 -0.840814 -0.197425 -0.117219 -0.82436 -0.18974 
-0.729901 -0.0584632 -1 -0.0665648 0.0126858 -1 -1 -0.596281 -0.360223 -0.0238224 -0.0311219 -0.0519743 0.290505 -0.659285 -1 0.672274 -1 0.81918 -0.391389 -0.578213 0.46199 0.123987 0.999823 -0.0242845 -0.163108 0.0924455 -0.708701 0.0683791 0.121087 -1 -0.07617 0.0719436 -1 0.0483844 -1 -0.451941 -0.3337 0.317099 0.363523 -0.645577 -1 0.202001 -1 0.621899 -0.458805 0.585534 -0.205028 0.134281 -0.749465 0.405742 -0.976094 -0.672144 0.0918069 -0.514328 0.931683 0.105572 0.432643 -0.557029 -0.0907481 -0.704584 0.604226 -0.919917 -0.125083 -0.476436 -1 -0.139965 -0.526093 -1 -0.719504 0.817966 -1 -0.793267 0.192985 -0.43898 -1 -0.552356 -0.251593 -1 0.663489 0.865375 -0.496716 0.112118 -0.417175 -1 0.157782 0.602876 0.161712 0.558571 0.734968 -0.174383 -0.061046 0.575691 -0.983139 -0.546864 -1 -0.669015 -0.907447 -0.581541 0.185872 -1 -0.218476 -0.767705 -0.429947 0.258371 -0.483699 0.127491 
