-0.999307 0.536921 -0.221389 -0.402935 0.847364 -0.380277 -0.606542 0.601006 -0.940533 -0.252563 -0.0902747 0.291582 -0.750032 0.776898 -0.178703 -1 0.941378 0.840715 -0.756374 0.493376 -0.200158 0.320177 -0.0448784 -0.943515 -1 0.102891 0.418107 -0.647788 0.725866 -0.315407 -1 -0.0332138 -0.466693 0.695055 -0.664074 -0.956714 0.172753 -0.97547 0.702617 -1 0.00486159 -0.151541 -0.786907 -0.993035 -0.0439897 -1 -0.449107 0.145128 -0.121772 0.0950071 0.677816 -0.162506 0.819772 0.451665 -0.779076 -0.635624 -0.915887 -0.750188 0.0288484 -0.599654 -0.893175 -0.904083 0.0148687 -0.383531 -0.446672 -0.0824211 -0.652179 -0.997903 0.66647 -1 -0.604723 -0.827154 -1 -1 -0.221561 0.302377 0.434182 -0.37396 -0.98721 -0.561371 0.131552 -0.660714 -0.497398 -0.71824 -0.206432 0.615608 0.101088 0.15411 0.447227 -1 -0.42424 0.562796 0.273133 -0.80157 -1 -0.657274 1 -0.656663 -0.514232 -0.062023 0.264467 -1 -0.996994 0.235371 0.100417 0.676938 0.0994586 -0.545144 -0.362475 -0.295553 -0.990418 -0.433979 0.114494 -1 -0.527006 0.80441 -0.97683 0.607746 0.657398 0.541319 -0.570448 -1 0.987487 -0.476225 0.581954 0.0991557 -1 -0.669322 0.58216 0.61905 -0.234547 0.203989 -0.615984 0.44737 0.20175 -0.499932 0.19575 0.0423664 
0.153773 0.112378 0.457812 -1 -1 -1 0.0916462 -1 -1 -0.0110552 -1 -1 0.59202 -0.55104 -0.663441 -0.851625 -1 -0.709627 -0.234175 -0.353313 0.721102 -1 -1 -0.408953 -1 -1 -0.604903 -0.572369 -0.307522 -0.0515187 -0.692258 -0.628994 -1 1 -0.508729 -1 0.148748 -1 -1 -1 -0.836981 -0.12263 0.214864 0.117583 -0.288082 -1 -1 -0.340406 -1 -0.638011 -0.213845 0.846284 1 -0.622758 -0.978841 0.207956 0.680301 -1 -0.0212985 -0.531567 -0.7205 -1 0.768848 -0.388483 -1 0.17098 0.0719978 -0.732575 0.975995 -0.0514553 0.616554 -0.179542 -0.244929 -0.206648 0.134563 -1 -1 -0.066182 -0.63782 -0.0175037 -0.837672 -0.650738 0.490793 -0.835396 -1 -0.618932 -1 -1 -1 0.148767 -0.520923 -1 -1 -0.352209 -0.112152 0.0554578 0.816386 -0.440664 -1 0.2504 -1 -1 -0.24551 -0.156764 -1 -0.799859 -0.462654 -0.820636 -1 -1 0.892664 -0.20529 -0.324254 -0.881233 -0.873366 0.840616 -1 -0.454378 -1 0.269922 -0.311963 -0.0529171 -0.849213 0.983891 0.488062 0.366542 0.502265 -0.869713 -0.733674 -0.614854 0.351528 -1 -1 -1 1 -1 -0.34953 -1 
-0.424038 0.601587 -0.264556 0.267639 0.799153 -0.399995 0.630309 0.226401 -0.218009 -0.296119 -0.0673791 0.840454 -0.389052 0.843398 -0.19357 0.68691 -0.324454 0.902846 0.741496 -0.0688034 0.916354 0.756281 0.628095 -0.886584 0.688895 0.667451 -0.1972 -0.490281 -0.0525678 0.495879 0.224239 0.938863 -0.0582941 0.715389 -0.0748581 0.192613 0.693018 0.751004 -0.304211 0.671266 -0.970855 0.58954 -0.110238 0.409125 0.910248 0.896245 -0.572438 -0.138206 -0.157526 0.994831 -0.122467 0.537473 -0.432818 0.222644 -0.522495 -0.775395 0.794636 -0.150868 0.0999501 0.6808 -0.0939999 0.712229 -0.242265 -0.780159 -0.221065 0.879872 0.0747743 0.630963 -0.547512 0.704752 -0.0579116 -0.458647 -0.837111 -0.926372 0.0678806 -0.769066 -0.468147 0.162135 -0.176727 0.79623 -0.00317723 0.321188 0.0554361 -0.437872 -0.659981 0.750199 -0.813635 -0.761688 0.88082 -0.677645 -0.33253 -0.903707 -0.890457 -0.776894 -0.775943 0.607832 -0.103395 -0.707835 -0.465449 0.870808 -0.868364 -0.537913 0.222303 0.901274 -0.974837 -0.29541 0.915167 -0.539841 0.420622 -0.363752 0.574796 0.125894 0.531313 0.963347 -0.699213 0.263164 -0.66718 -0.904652 -0.264566 0.188202 -0.936983 -0.817314 -0.38509 -0.296913 0.680382 0.513188 0.464393 -0.70332 0.632838 -0.0762946 0.689718 -0.585504 0.18937 0.0338856 0.655415 -0.28444 0.0325279 0.490428 
-0.639209 -1 -0.836731 -0.967049 -1 -1 0.830633 -1 0.514596 0.396896 -0.921662 -1 0.602582 -1 -1 -1 -0.358714 0.959681 -0.775619 -0.206864 -1 -1 -1 -0.361824 -1 -0.807614 0.267614 0.710848 -0.974732 -0.575291 -0.958492 -0.0236166 -1 -0.760482 -0.614047 -1 -0.495221 -1 0.6198 -1 -0.340252 0.163355 -1 -0.878741 -0.647994 0.205613 -0.513573 -1 -1 0.765928 -0.785128 -0.181564 -0.915827 -1 -1 -1 -0.879543 -0.2748 0.850795 -0.100391 -0.510266 -0.742319 -0.685086 -1 -1 -0.983922 -0.685116 0.633876 -0.743798 -0.594424 1 -1 -0.546418 -0.97278 -0.424309 1 -0.541917 0.635357 0.886458 -0.882534 0.577412 0.670881 -1 -1 -1 -1 -0.0594718 -1 -1 -0.342595 0.308868 -1 -1 -0.78438 -1 -1 0.762118 -0.969365 -0.0272457 -0.931306 -1 -0.772553 -0.345423 0.276404 -0.952576 0.0823293 -0.164858 -1 -1 -0.891534 -0.4335 -0.0232593 0.377069 0.162062 -0.81968 0.221089 -0.563346 -0.612807 -0.754403 -1 -1 -1 -0.303867 -0.379542 -0.412699 0.284041 0.695659 -0.246599 -1 0.16843 0.56269 -1 -1 -1 0.627612 0.818175 -1 -0.709647 
0.120214 -0.923366 0.0131081 0.090281 -1 -0.629146 -0.532661 -1 0.477864 -1 -0.0529117 -0.785337 -0.917483 -0.245057 0.0744053 0.0669621 -1 -0.482401 -0.761642 0.233121 -1 -0.244178 -1 -0.987222 -0.899577 0.536462 -1 -1 0.0799606 -1 -0.560416 1 -0.0669029 -0.680208 -1 -1 -0.558702 -1 0.231063 -0.933818 -0.54288 0.14413 -1 -0.0735396 0.818243 -0.931893 -0.4019 -0.950061 -1 -1 -1 0.402467 0.396201 -0.253816 -1 -0.358106 -1 -0.810656 -1 -1 0.92479 -1 -1 -0.00846183 -0.856254 -1 0.745287 0.823296 -1 -1 -0.493874 -1 -0.593314 0.395869 -0.781249 -1 -0.663463 0.744813 -0.0822532 -0.018293 -0.171019 -1 -1 -1 -1 -1 0.229674 -1 -1 -1 0.77394 -1 0.546156 -0.102774 -0.218995 -0.289058 0.0293141 -1 -1 -1 -0.709492 -1 -1 -0.867877 -1 -1 0.491529 -0.271076 0.145383 -1 -0.561019 -0.282854 -1 -1 -0.804218 -1 -1 -1 -0.760938 0.789041 0.508759 -0.602808 -0.525154 0.184737 -1 -0.697181 -1 -1 -1 -1 -1 0.621792 -1 -0.755332 -0.250033 -1 -0.775911 -0.655608 
-0.900874 -1 -1 -1 -0.890768 -1 -1 -0.76291 -0.655314 -0.85485 -0.923431 -1 1 -1 -1 -1 -1 -1 -0.863039 -0.828431 -0.56591 -0.746233 -1 -1 -0.0176675 -1 -0.914881 -0.385736 0.133815 -0.310469 -1 0.759473 -0.73582 -1 -1 0.157552 -0.85191 -1 0.196617 -1 -1 -1 -1 -1 -0.986707 -1 -1 -0.0117458 -1 -0.0722624 0.240316 -1 -1 -0.622126 -1 -0.641514 -0.90551 -1 -1 -1 -0.697572 -6.97374e-06 -0.267979 -0.524042 -1 -0.634586 -1 -1 -1 0.0120503 -0.713358 -0.0395419 -0.876131 -0.663662 -0.863686 -1 -1 -1 -0.570123 -0.606483 -1 -0.58898 -0.573341 -0.608584 -1 -1 -0.765253 -1 -1 -1 -1 -1 -1 -1 -1 -0.40104 -1 -0.87264 -1 -1 0.0367755 0.313572 -1 -0.135833 -0.916375 -1 -0.339373 -1 -0.421647 -0.653712 -0.545721 -0.874273 -0.00619406 -1 -0.261661 -1 -0.317236 -1 -0.146676 -0.829429 0.599057 -0.899294 -0.827731 -1 -1 -1 0.229262 -1 -1 -1 -1 -1 -1 -1 -0.886195 -1 -1 -1 
-0.639209 -1 -0.836731 -0.967049 -1 -1 0.830633 -1 0.514596 0.565054 -0.921662 -1 0.332189 -1 -1 -1 -0.358714 0.228096 -0.775619 0.135878 -1 -1 -0.773152 -0.361824 -1 -0.807614 0.267614 0.710848 -0.974732 -0.575291 -0.958492 -0.0236166 -1 -0.760482 -0.614047 -1 -1 -1 0.6198 -1 -0.340252 0.163355 -1 -0.878741 -0.647994 0.205613 -0.513573 -1 -1 0.765928 -0.785128 -0.181564 -0.915827 -1 -1 -1 -0.879543 -0.2748 0.850795 -0.100391 -1 -0.742319 -0.685086 -1 -1 -0.983922 -0.685116 0.633876 -0.402188 -0.594424 1 -1 -0.546418 -0.869047 -0.424309 1 -0.541917 0.635357 0.886458 -0.882534 0.577412 -0.490843 -1 -1 -1 -1 -0.0594718 -1 -0.750965 -0.342595 0.308868 -1 -1 -0.78438 -1 -1 0.762118 -0.969365 0.316631 -0.931306 -1 -0.772553 -0.345423 0.276404 -1 -0.19693 -0.164858 -1 -1 -0.891534 -0.881843 -0.0232593 0.377069 -0.651211 -0.81968 0.221089 -0.563346 -0.612807 -0.754403 -1 -1 -1 -0.303867 -1 -0.412699 -0.65742 0.695659 -1 -1 0.16843 0.56269 -1 -1 -1 0.627612 0.818175 -1 -1 
-0.999307 -0.128132 -1 -1 0.167813 -0.870128 -1 0.311778 -1 -0.252563 -0.98514 -0.695187 -0.388566 0.734889 -1 -1 0.523679 0.892276 -1 -0.375881 -1 -0.67923 -0.0448784 -0.820981 -0.777291 0.254673 0.525892 -1 -1 -1 -1 -0.577226 -0.383462 -1 -1 -1 0.172753 -1 0.702617 -1 -0.872739 -0.662907 -0.630578 -0.603755 0.273747 -1 -1 -0.161575 -0.590307 -0.737108 0.831332 -0.558612 -0.203409 -0.978895 -0.779076 -0.807048 -0.724387 -1 -0.156751 -1 -1 -0.904083 -1 -1 -1 -1 -0.979709 -1 -0.00164926 -1 -0.54091 -1 -0.579012 -1 -1 -0.516833 -0.656509 -0.245723 -0.971409 -1 -0.31503 -1 -0.0982653 -1 -1 0.94086 0.101088 -0.74747 -0.388333 -1 -0.42424 -1 -1 -0.846552 -1 -0.994775 0.515177 -0.93439 -0.724227 -0.683922 -0.053607 -1 -1 0.273864 -1 -0.679137 -1 -0.545144 -1 -0.305392 -1 -0.433979 -0.532214 -0.708537 -1 0.429469 -0.787362 -1 0.657398 0.0701191 -0.296366 -1 -0.76401 -1 0.0962869 -0.224865 -1 -1 -0.163808 -0.185794 -0.621764 -0.401604 -0.427209 0.350826 -0.548286 -1 0.19575 0.679999 
-0.639209 -1 -0.836731 -1 -0.683514 -1 0.830633 -1 0.514596 1 -0.921662 -1 0.0648856 -1 -1 -1 -1 1 -0.775619 -1 -1 -0.860206 -1 -0.509751 -1 -1 0.112118 0.314691 -1 -1 -1 -0.0236166 -1 -1 -0.614047 -1 -0.858969 -1 -0.412214 -1 -1 -1 -0.610855 -0.62482 -1 -0.326286 -0.324437 -1 -1 0.765928 -1 -1 -1 -1 -1 -1 -0.879543 -1 -0.115049 0.0787241 -0.469627 -0.420031 -1 -1 -1 -1 -1 0.686434 -1 -1 1 -1 -1 -1 -0.738136 1 -1 0.197457 -0.0387251 -0.634098 0.577412 0.517592 -0.943101 -1 -1 -1 -0.0594718 -1 -1 -1 0.993096 -1 -1 -1 -1 -0.987635 -0.932903 -1 -0.545557 -1 -0.89492 -1 -0.771063 -0.591502 -1 -0.912093 -0.164858 -0.903117 -1 -0.891534 -1 -0.0843101 -0.737996 0.162062 -0.81968 -0.80018 -1 -0.612807 -0.754403 -0.913375 -1 -1 -1 -0.379542 -0.412699 0.284041 0.695659 -0.951012 -1 -0.568883 -0.411415 -0.996572 -1 -1 -0.274083 -1 -1 -1 
-1 -1 -1 -1 -0.648934 -1 0.830633 -1 -0.657404 0.701974 -1 -1 -0.972956 -1 -1 -0.953829 -0.883664 0.239325 -1 -0.289747 -1 -1 -0.773152 -0.361824 -1 -1 0.643044 0.668954 -1 -1 -1 -1 -1 -1 -0.614047 -1 -1 -1 -0.0908148 -1 0.0427464 -0.700023 -0.821997 -1 -0.647994 0.205613 -1 -1 -1 0.13253 -0.785128 -0.181564 -0.915827 -1 -0.856615 -1 -1 -0.2748 0.366658 -0.100391 -1 -0.742319 -0.685086 -1 -1 -1 -0.762878 0.633876 -0.684649 -0.504963 0.110504 -0.319101 -0.735129 -0.603155 -0.832808 1 -1 0.740061 0.609631 -1 -0.571524 -0.357382 -0.756477 -1 -1 -1 -0.629745 -1 -0.501736 -0.109076 0.308868 -1 -1 -1 -1 -1 0.762118 -1 0.316631 -1 -1 -1 -0.306508 0.0393904 -1 -0.903486 -0.89235 -1 -1 -1 -1 -0.697434 0.768388 -0.651211 -1 0.166064 -1 -0.713828 -0.754403 -1 -0.674215 -1 -0.299047 -1 -1 -0.65742 0.776178 -1 -0.60085 0.16843 0.56269 -0.130708 -1 -1 -1 0.634816 -1 -0.714033 
