-0.268239 -0.484261 0.633334 1 0.171341 -0.181353 -0.324815 -1 0.172251 -1 -0.85673 -0.777342 -0.979542 -1 0.0555733 -1 0.165518 -0.797436 -0.642363 0.390451 -0.833495 -0.942942 -0.355675 -0.649746 0.198496 -0.43872 -0.361602 -0.0809346 0.171583 -0.963667 0.286167 -0.0439288 0.418046 -1 -1 -0.838017 -0.983946 -0.949388 0.688787 -0.64995 0.69014 -0.17403 -0.315462 -0.223134 0.884337 0.656367 0.717133 0.274547 0.605788 0.544429 0.878807 0.580603 -1 -0.587224 0.0736758 -1 -0.176153 0.708209 0.497138 -0.876896 0.933733 0.746615 -0.558619 -0.942107 -1 0.347115 -1 -0.0860308 0.179244 -0.747751 -0.824727 0.335648 -0.644392 -0.544689 -0.901604 0.198982 -0.309643 -1 -0.259944 -0.346812 0.279889 -0.12818 0.326669 -0.830763 0.320003 -0.884858 -0.644589 -1 0.802962 -0.527925 -0.866605 -0.123257 -0.253501 -1 -0.962495 -0.0297748 -0.277662 -0.884922 -1 -1 0.252357 -1 -0.0884365 -0.241148 -0.158865 0.782998 
-0.84429 -0.265645 -1 0.977768 -1 -0.327151 -1 0.121673 0.0896068 -1 -0.647722 -0.67456 -0.474946 -1 0.00418919 0.0149397 -1 -0.0265329 -1 -0.689518 -0.745687 -1 0.392312 0.815454 -0.513312 0.219195 -0.080728 -1 -0.0356257 0.997831 0.793728 -0.307197 -1 -0.470416 1 -1 -1 -0.366258 -1 -0.91091 -0.673295 -0.259396 0.524515 -0.657337 -1 -1 -0.833578 0.693772 -1 -0.079734 -0.598296 -1 -1 0.868744 -0.273968 0.62607 -0.91455 -1 0.672016 -0.95443 -1 -0.46726 -1 -0.720753 0.516921 -1 -1 -1 0.98684 -1 0.77494 -0.7652 -1 -1 -1 -1 -0.254243 -0.422878 -1 -0.782533 -0.958536 0.817215 -0.925127 -0.468577 0.780925 -0.516125 0.117416 -0.302295 -0.398762 -0.680403 -0.342026 -1 -0.787145 0.330084 -0.723542 -0.378481 0.0299731 -0.634386 0.84081 -1 -1 -0.89133 0.116192 0.404215 -1 -1 
-0.674335 0.00416481 -1 0.75445 -1 -0.841242 -1 0.245596 -0.567748 -1 -0.647722 -0.705752 -0.474946 -0.873143 -1 -0.755156 -0.91911 -1 -1 0.099207 -0.745687 -1 0.392312 1 -0.397973 0.250234 -0.761371 -0.710804 -1 -0.184093 1 -0.307197 -1 -0.425463 -0.0741451 -1 -1 0.0808808 -1 -1 -0.738523 -0.259396 -0.106629 -0.657337 -1 -1 -1 0.693772 -1 -0.209416 -1 -0.795297 -1 -0.425877 -1 1 -1 -0.720401 0.672016 -1 0.387008 -0.406909 -1 -1 0.516921 -0.96878 -1 -1 0.453111 -1 0.671103 -1 -1 -1 -1 -1 -1 -0.549328 -0.527816 -0.782533 -1 0.765889 -0.925127 -0.710097 0.911039 -0.623877 -1 -0.496633 -0.650547 -1 -0.81496 -1 -1 0.330084 -0.89258 -0.825936 -0.659498 -0.634386 -0.663664 -1 -1 -1 0.627621 0.404215 -1 -1 
-0.446009 0.00416481 -0.820793 0.75445 -1 -0.841242 -1 -0.204004 -1 -0.834674 -0.647722 -0.705752 -0.769201 -1 -1 -0.755156 -0.839742 -1 -1 0.099207 -0.745687 -1 0.392312 1 -0.397973 0.250234 -0.761371 -0.710804 -1 -0.184093 0.48352 -0.450247 -1 -0.425463 -0.0741451 -1 -1 0.0808808 -1 -1 -1 -0.259396 -0.106629 -1 -1 -1 -1 0.693772 -1 -0.476792 -1 -0.795297 -1 -0.425877 -1 1 -0.880723 -1 0.672016 -1 0.387008 -0.406909 -1 -1 0.516921 -1 -1 -1 0.453111 -1 0.671103 -1 -1 -1 -1 -1 -1 -1 -0.777339 -0.8301 -1 0.765889 -1 -0.660025 0.0515145 -0.623877 -0.890848 -0.864399 -0.650547 -1 -0.81496 -1 -1 0.330084 -0.89258 -0.967295 -0.659498 -1 -0.663664 -1 -1 -1 0.627621 0.404215 -1 -1 
-1 -0.515139 -0.9366 -1 -0.931176 -0.734438 -1 0.284122 -0.15271 -0.652431 -0.907417 -1 0.48903 -1 -0.889529 -0.957769 -1 -1 -0.885468 -0.801459 -1 -1 -0.250359 0.233703 0.640602 -0.708051 -1 -1 0.157562 0.0464541 0.616829 -0.552618 -1 -0.955406 1 -0.973907 -1 0.947167 -1 -0.708751 -0.859069 -0.759272 0.569108 -0.36702 -1 -1 -1 0.923851 -0.913733 -0.966635 -1 -1 -0.908931 -0.873312 -1 -1 -1 -1 -0.141797 -1 0.685638 -0.477598 -0.94572 -0.561983 0.453863 -0.999882 -1 -0.791204 0.754859 -0.63508 0.0979416 -0.628615 -0.870947 -0.843567 -0.769416 -1 -0.517343 -1 -1 -1 -1 -0.026603 -1 -0.788395 0.214369 -0.41697 -1 -1 -0.92385 -1 -0.737789 -1 -1 0.00754297 -0.88089 -0.393608 -0.22166 -1 -0.801765 -1 -1 -1 0.114643 -0.332381 -1 -1 
-1 -0.162932 -0.956635 -0.051255 -1 -0.941723 -0.720204 -0.485801 -1 -1 -1 -0.986612 -0.101118 -1 -0.981255 -0.186755 -0.557056 -1 -1 -1 -0.863924 -0.690667 -0.336745 -0.280821 0.534272 -1 -0.743623 -1 -0.635155 0.00864229 -0.120984 -1 -1 -0.56179 1 -1 -0.881707 0.262619 -1 -1 -0.624863 -0.759272 0.477786 -0.36702 -1 -1 -1 0.533233 -0.786193 -1 -1 -0.618096 -0.92893 0.900489 -1 -1 -0.826964 -1 0.633729 -0.818557 -0.66995 -0.881598 -0.907613 -1 -0.32356 -1 -1 -1 -1 -0.509402 0.420659 -0.517689 -1 -0.547258 -1 -0.547131 -1 -1 -1 -1 -1 0.94359 -1 -1 1 -1 -1 -0.749249 -0.398762 -1 -1 -1 -0.817117 -1 -0.908086 -1 -0.19654 -1 -0.967724 -0.903873 -1 -1 -0.17263 -0.734514 -0.77557 -1 
-1 -0.515139 -0.9366 -1 -0.931176 -0.734438 -1 0.284122 -0.15271 -0.652431 -0.907417 -1 0.48903 -1 -0.889529 -0.957769 -1 -1 -1 -0.801459 -1 -1 -0.555497 0.233703 0.640602 -0.708051 -1 -1 -0.231144 0.0464541 0.37292 -0.552618 -1 -1 1 -0.973907 -1 0.947167 -1 -0.708751 -1 -0.78107 0.569108 -0.36702 -1 -1 -1 0.923851 -0.913733 -0.966635 -1 -1 -0.908931 -0.873312 -1 -1 -1 -1 -0.141797 -1 0.176486 -0.477598 -0.957719 -1 0.453863 -1 -0.919475 -0.791204 0.754859 -0.63508 0.0979416 -0.628615 -0.870947 -0.843567 -0.769416 -1 -0.517343 -1 -1 -1 -1 -0.026603 -1 -0.788395 0.214369 -0.41697 -1 -1 -0.92385 -1 -0.737789 -1 -1 0.00754297 -1 -0.393608 -0.22166 -1 -0.801765 -1 -1 -1 0.114643 -0.332381 -1 -1 
-1 -0.632093 -0.956635 -0.943707 -1 -0.871739 -0.612914 -0.513278 -1 -1 -1 -0.658034 -0.101118 -0.873239 -0.981255 -0.186755 -1 -0.849773 -1 -1 -1 -0.73056 -0.684779 -1 0.534272 -1 -0.730854 -1 -0.766339 0.00864229 -0.597113 -1 -0.995573 -1 1 -1 -0.757957 0.615678 -1 -1 -0.82356 -0.759272 0.477786 -0.340978 -1 -0.81141 -1 0.533233 -0.846641 -0.580758 -1 -0.618096 -0.92893 -0.284803 -1 -0.668724 -0.826964 -1 0.633729 -1 -0.811325 -1 -0.907613 -1 -0.955123 -1 -1 -1 -1 -1 0.245174 -0.517689 -1 -0.945387 -1 -0.330668 -0.736881 -1 -1 -1 -0.949702 -0.0439407 -1 -0.942648 1 -1 -1 -1 -0.647662 -1 -0.756199 -1 -1 -1 -0.908086 -1 -1 -0.785686 -0.967724 -1 -1 -1 -0.17263 -0.734514 -1 -1 
-1 -0.153012 -1 -1 -1 -1 -0.720204 0.232795 -0.35157 -1 -1 -0.542883 0.191203 -1 -1 -1 -1 -0.622297 -1 -1 -1 -1 -0.336745 -0.273278 0.757624 -0.859191 -1 -1 -0.0356257 0.0801239 -0.662792 -0.862193 -1 -0.207898 0.0905096 -1 -1 -0.498211 -0.949249 -0.847134 -0.991075 -1 -0.556332 -1 -1 -1 -1 1 -0.634412 -0.861075 -0.791275 -0.940575 -0.793517 -1 -1 -1 -0.703154 -1 -0.178006 -0.601768 0.449335 -0.9925 -0.953885 -1 -0.32356 -1 -0.807487 -1 -1 -1 1 -1 -1 -0.802693 -1 -1 -1 -1 -1 -1 -1 0.529352 -1 -0.968976 0.950345 -1 -1 -1 -0.213948 -0.98069 -1 -1 -1 -0.667975 -1 -0.761908 -0.243114 -1 -1 -1 -1 -1 -1 -1 -1 -1 
-1 -0.829179 -0.968035 -1 -1 -0.734438 -1 0.284122 -0.15271 -0.490101 -1 -1 0.0242661 -1 -1 -1 -1 -1 -0.885468 -0.801459 -1 -1 -0.437235 -0.25782 -0.028612 -1 -0.838944 -1 0.0763437 -0.0348124 0.726087 -0.552618 -1 -0.955406 0.423543 -1 -1 0.979892 -1 -0.542096 -0.859069 -0.978393 0.47381 -0.36702 -1 -1 -1 -0.0789131 -0.8731 -0.966635 -1 -1 -1 -1 -1 -0.866394 -1 -1 -0.301006 -1 0.355922 -0.527287 -1 -1 0.453863 -0.962957 -0.936749 -0.917603 0.343501 -0.63508 0.0467365 -0.628615 -0.870947 -0.885127 -1 -1 -0.517343 -1 -1 -1 -1 -0.194375 -1 -0.788395 -0.0293817 -1 -1 -1 -1 -0.995729 -0.737789 -1 -1 0.00754297 -1 -0.345742 -0.673714 -1 -0.801765 -1 -1 -1 0.114643 -0.888519 -1 -1 
-0.885812 -0.538731 -0.871989 -0.922183 -1 -1 -1 0.232795 -0.698986 -1 -1 -0.363912 0.0749424 -1 -0.828073 -1 -1 -0.591611 -1 -1 -1 -1 -0.438447 -0.242113 0.323042 -1 -1 -1 -0.925758 0.215072 -1 -0.862193 -1 -0.158917 0.589213 -0.988146 -1 -0.637304 -1 -0.809061 -1 -1 -0.831193 -0.815071 -1 -1 -1 1 -0.93411 -0.861075 -0.793001 -1 -1 -1 -0.601593 -1 -1 -1 -0.145961 -0.705889 0.449335 -1 -0.953885 -1 -0.32356 -0.97928 -1 -0.909061 -1 -0.905706 0.768867 -0.963174 -1 -0.802693 -1 -1 -0.866975 -1 -0.955822 -1 -1 0.720554 -1 -1 0.94406 -1 -1 -1 -0.213948 -0.98069 -1 -1 -1 -0.733412 -1 -0.875047 -0.243114 -1 -0.876684 -0.955407 -1 -1 -1 -1 -1 -1 
-1 -0.632093 -0.956635 -1 -1 -1 -0.612914 -0.513278 -0.640257 -1 -1 -0.591416 -0.161544 -1 -1 -0.186755 -1 -0.831353 -1 -1 -1 -0.850636 -0.552217 -1 -0.175469 -1 -0.816841 -1 -0.929447 -0.155592 -0.597113 -1 -1 -1 0.878622 -0.81089 -0.874596 0.615678 -1 -1 -1 -0.685903 0.477786 -1 -0.965841 -1 -1 0.291333 -0.819164 -0.580758 -0.714055 -0.827326 -0.96079 -1 -0.938817 -0.730205 -0.915766 -1 0.690875 -1 -0.872379 -1 -0.907613 -1 -0.955123 -1 -1 -1 -1 -0.974599 -0.711624 -0.959213 -0.962689 -0.945387 -1 -0.330668 -0.736881 -1 -1 -1 -1 -0.192813 -1 -0.665624 1 -1 -1 -1 -0.73116 -1 -0.756199 -1 -1 -1 -0.908086 -1 -1 -0.950243 -0.967724 -1 -0.721807 -1 -0.17263 -1 -1 -0.88843 
-1 -0.162932 -0.956635 -0.051255 -0.960564 -0.941723 -0.720204 -0.485801 -1 -1 -1 -0.986612 -0.0848464 -1 -0.981255 -0.186755 -0.557056 -1 -1 -1 -0.863924 -0.690667 -0.336745 -0.280821 0.534272 -1 -0.743623 -1 -0.635155 0.00864229 -0.184436 -1 -1 -0.56179 1 -1 -0.881707 0.262619 -1 -1 -0.624863 -0.759272 0.477786 -0.36702 -1 -1 -1 0.533233 -0.786193 -1 -1 -0.618096 -0.92893 0.900489 -1 -1 -0.826964 -1 0.633729 -0.818557 -0.66995 -0.881598 -0.907613 -1 -0.32356 -1 -1 -1 -1 -0.509402 0.168497 -0.517689 -1 -0.547258 -1 -0.547131 -1 -1 -1 -1 -1 0.94359 -1 -1 1 -1 -1 -0.797141 -0.398762 -1 -1 -1 -0.817117 -1 -0.908086 -1 -0.19654 -1 -0.967724 -0.903873 -1 -1 -0.17263 -0.734514 -0.77557 -1 
