-0.693057 0.558751 -0.584274 0.351552 -0.367616 0.853913 0.256098 0.497571 -0.810766 -0.241913 0.508767 -0.073968 0.624037 0.886707 0.0924221 0.9088 -1 -0.158959 -0.232244 -0.261655 -0.930606 -0.23796 -0.033622 -0.565707 0.941929 -0.742975 -0.439896 -0.190925 0.520141 0.0693096 -0.0760915 0.0667896 -0.901829 -0.705224 -0.795586 -0.818224 -0.676173 0.333048 -1 0.819489 0.574196 -0.953583 0.648106 -0.174963 -0.889738 0.848931 0.466304 -1 -0.509959 -0.687383 0.459523 0.946528 -1 -0.222428 -0.00925291 -0.718626 -0.0985611 0.647458 -0.530406 -0.492806 0.0571077 -1 0.390977 -0.933371 0.108907 -1 -0.209207 0.25864 -0.406695 -0.616413 0.672078 -1 0.7245 -0.0493611 0.212277 0.969477 -1 0.452545 0.508448 0.251939 -0.399405 0.958449 -0.817944 0.493683 0.897621 -0.997777 -0.876638 -0.571214 -0.758239 -0.995207 -0.792558 0.331945 0.993877 0.910487 -0.378219 0.307604 0.381786 0.263189 0.68059 -0.137925 -0.270777 -0.908623 -0.9163 0.00820899 0.407477 -0.767172 
0.268453 -0.723193 -0.478893 -0.879268 -0.643754 -1 -0.270909 -1 -0.369952 -0.673286 -1 0.429752 -0.114349 -0.611152 0.350781 -0.335144 -1 0.438979 0.149642 -1 -0.274782 -1 -0.808039 0.0264202 0.398673 -0.983189 -0.782432 -0.78694 0.123503 -1 -0.0264403 -1 -0.0800358 0.901299 -0.699901 0.114034 -1 0.728754 -0.22371 0.392882 -0.454815 -0.542125 0.26941 0.777408 -0.345361 -0.735018 -0.436972 0.81262 1 -0.917761 -0.162269 0.823987 -0.516331 0.0550948 -0.122218 -1 0.185071 0.810544 -1 -0.846544 0.370462 -1 -1 0.0519081 0.190295 -0.584832 -1 -0.614502 0.213782 0.388239 -0.282508 0.197716 -0.466658 -0.87546 0.41932 -1 -1 -0.401228 -0.187057 -1 -0.413087 -1 0.976087 -1 0.822086 0.697056 -0.767388 -1 0.120548 -0.29981 -0.722792 0.159616 -1 0.259271 0.0933992 0.0272481 -0.23164 -1 0.196742 -1 0.637009 -0.338047 -1 -1 -0.874292 -0.710852 
-0.509234 0.58552 0.159682 0.403035 -1 0.0377429 0.346212 0.578703 0.217357 -0.351815 0.42724 -0.801836 -0.618518 0.154312 -0.655062 0.377907 0.409867 -0.6354 0.0324835 -0.115144 -0.175765 0.38111 0.634929 0.0498986 -0.1217 -0.890874 -0.835732 -0.794303 -0.702015 -1 0.706786 0.759357 -0.577596 -0.0999872 -0.0374711 0.474349 0.420061 -0.0914814 0.93218 -0.392967 0.48205 0.457522 -0.737378 -0.665751 0.0503255 0.174337 -0.303089 0.754563 -0.46632 0.0586674 0.39863 -0.836114 0.196845 -0.591216 -0.377417 -0.198077 0.528709 0.991946 -0.29304 0.154804 -0.0307885 0.805158 -0.817978 -0.32256 -0.531911 -0.250597 -0.753874 0.151757 0.678911 -0.598487 -0.85172 -0.10076 -1 0.212677 -0.199966 -0.693654 0.91677 0.422977 -0.790291 0.882871 0.539924 -0.568596 0.550866 -0.481951 -0.389278 -0.567985 0.89469 0.718975 -0.854473 0.747123 -0.249999 -0.0509665 0.656733 -0.749723 -0.747138 0.294765 0.183844 -0.849317 -0.841611 0.516949 -0.711644 -0.701781 0.0291739 0.577205 -0.499721 0.144087 
-0.93003 0.643242 -0.538044 -0.401093 -0.978924 0.853913 0.26156 0.295507 -1 -0.153792 -0.809256 -0.223501 0.449997 0.886707 -1 0.9088 -1 -0.728195 -1 -0.150482 -1 -0.23796 -0.033622 -0.79347 0.364158 -0.733408 -0.956137 -1 0.129958 -0.798981 -1 -0.425204 -1 -0.964173 -1 -1 -0.762405 0.333048 -1 0.630987 0.340143 -1 -1 -0.901731 -0.6131 -0.186475 0.265539 -1 -0.509959 -0.687383 -0.713382 0.946528 -1 -0.34027 -1 -0.658511 -0.0985611 -0.334149 -1 -0.296926 0.0571077 -1 0.383706 -1 -1 -1 -0.209207 -0.71622 -0.0518546 -1 -0.155739 -1 -1 -0.0493611 -1 0.969477 -1 -0.167039 -1 -0.826823 -0.399405 -0.146023 -1 -0.13344 -0.0788843 -1 -1 -0.502606 -0.758239 -0.910637 -0.878728 -0.159119 1 0.342238 -0.837772 0.307604 0.528011 0.197078 0.68059 -0.970378 0.0781448 -0.908623 -1 -0.789558 -0.164529 -0.767172 
-0.93003 0.643242 -1 -0.311735 -0.479177 0.429475 0.26156 0.284884 -1 -0.572779 -0.809256 -0.168601 0.207012 0.844578 -0.419449 0.691988 -0.827478 -1 -1 -0.138475 -1 0.213298 -0.985802 -0.717541 0.364158 -1 -0.171168 -0.928229 0.0202157 -0.956894 -1 -1 -0.821158 -0.749682 -1 -1 -0.735076 -0.350249 -0.920778 0.444782 -0.320789 -1 -0.588333 -1 -0.962186 -0.270426 0.298956 -1 -0.921771 -0.687383 -0.993503 0.946528 -1 -0.446477 -0.992878 -0.50833 -0.438922 -0.119875 -0.772641 -1 -0.115027 -0.921705 -0.186217 -1 -1 -1 -0.236505 -1 -0.0886459 -0.913057 -0.155739 -1 -0.61021 -0.218196 -1 0.583982 -1 -0.615875 -0.978357 -0.924669 -0.399405 -0.718938 -1 -0.766324 0.573669 -1 -0.999631 -0.864227 -0.918339 -1 -1 -0.458768 0.591314 0.0742083 -1 0.236621 0.43992 0.120504 0.68059 -0.317852 -0.140007 -0.795554 -1 -1 -0.448873 -1 
-1 0.599426 -1 -0.209549 -1 0.234928 -0.0140765 0.371014 -1 -0.702006 -0.809256 -0.477074 0.165843 1 -0.419449 0.95881 -1 -0.714409 -1 -0.435282 -1 -0.23796 -0.605947 -0.887231 0.532487 -0.789213 -0.743006 -1 -1 -1 -1 -1 -0.966329 -0.964173 -1 -0.940044 -1 -0.455809 -1 0.630987 -0.804321 -1 -0.917533 -1 -1 -0.231106 0.20643 -1 -1 -0.883146 -0.800814 0.946528 -1 -0.34027 -0.984647 -0.609969 -0.553822 -0.545695 -1 -1 -0.690785 -1 -0.139525 -1 -1 -1 -1 -1 -0.356244 -0.810545 -0.293373 -1 -1 -0.97001 -1 0.824445 -1 -0.87024 -0.653556 -1 -0.711477 -0.670725 -1 -0.738071 0.573669 -0.754289 -0.869039 -1 -0.758239 -1 -1 -0.0545371 0.912542 0.334462 -1 0.41345 0.59471 0.0537866 0.562384 -0.317852 -0.0147981 -1 -1 -1 -0.250494 -1 
-0.93003 0.643242 -0.538044 -0.401093 -0.978924 0.853913 0.26156 0.295507 -1 -0.153792 -0.809256 -0.223501 0.449997 0.886707 -1 0.9088 -1 -0.728195 -1 -0.150482 -1 -0.23796 -0.434603 -0.79347 0.364158 -0.733408 -0.956137 -1 0.129958 -0.798981 -1 -0.425204 -1 -0.964173 -1 -1 -1 0.204342 -1 0.630987 0.340143 -1 -1 -0.901731 -0.6131 -0.186475 0.265539 -1 -0.509959 -0.687383 -0.713382 0.946528 -1 -0.34027 -1 -0.658511 -0.0985611 -0.334149 -1 -0.296926 0.0571077 -1 0.383706 -1 -1 -1 -0.209207 -0.71622 -0.0518546 -1 -0.155739 -1 -1 -0.0493611 -1 0.969477 -1 -0.167039 -1 -0.826823 -0.399405 -0.146023 -1 -0.13344 -0.0788843 -0.881241 -1 -0.502606 -0.939814 -0.910637 -0.878728 -0.157002 1 0.342238 -0.837772 0.307604 0.528011 0.197078 0.68059 -0.970378 0.0781448 -0.908623 -1 -0.873121 -0.164529 -0.767172 
-1 0.643242 -0.538044 -0.401093 -0.978924 0.313045 0.26156 0.295507 -1 -0.153792 -0.809256 -0.162707 0.449997 0.886707 -1 0.9088 -1 -1 -1 -0.0365234 -1 -0.60738 -0.033622 -1 0.364158 -0.583225 -0.956137 -1 0.221821 -1 -1 -0.425204 -1 -0.964173 -1 -1 -0.762405 0.333048 -1 0.740747 0.361624 -1 -1 -0.831476 -0.855076 -0.519795 0.265539 -1 -0.964819 -0.893363 -0.713382 1 -1 -0.34027 -1 -0.551572 -0.0985611 -0.780658 -1 -0.296926 0.0571077 -1 -0.111128 -1 -0.988991 -1 -0.209207 -1 -0.0518546 -1 -0.155739 -1 -1 -0.605056 -1 0.678861 -1 -0.167039 -0.974028 -1 -0.399405 -0.214713 -1 -0.265968 -0.20195 -1 -0.822207 -0.502606 -0.758239 -0.878017 -0.71224 -0.833795 1 0.342238 -0.837772 0.495142 0.528011 0.359367 0.68059 -0.970378 0.0781448 -1 -1 -0.789558 -0.0822494 -1 
-0.93003 0.643242 -0.42603 -0.313109 -0.691509 0.946897 0.404695 0.295507 -1 -0.140945 -0.809256 -0.223501 0.483271 0.990878 -1 0.9088 -1 -1 -1 -0.150482 -1 -0.717898 -0.49264 -1 -0.189264 -0.9991 -1 -1 0.202519 -0.677276 -1 -0.425204 -1 -1 -1 -1 -1 0.204342 -1 0.328652 -0.546953 -1 -1 -0.901731 -0.826328 -0.186475 0.102357 -1 -0.876316 -0.512298 -0.865732 0.946528 -1 -0.871381 -1 -0.658511 -0.908084 -0.334149 -0.93294 -0.388511 0.0571077 -1 -0.683242 -1 -1 -1 -0.209207 -1 -0.285306 -1 -0.155739 -1 -1 -0.0493611 -1 0.969477 -1 -0.506499 -1 -1 -0.327953 -0.677926 -1 -0.411639 -0.0788843 -1 -1 -1 -1 -1 -0.854354 0.033908 0.919334 0.342238 -0.699566 0.474344 0.165058 0.197078 0.68059 -0.848083 -0.406491 -0.793953 -1 -1 -0.0725818 -1 
-1 0.407705 -0.498484 -0.401093 -0.978924 0.313045 0.178339 -0.212842 -1 -0.153792 -0.809256 -0.162707 0.449997 0.886707 -1 0.142242 -1 -1 -1 -0.270841 -1 -0.60738 -0.033622 -1 0.291694 -0.743706 -0.956137 -1 0.221821 -1 -0.715459 -0.784148 -1 -0.922197 -1 -0.868508 -0.762405 0.486593 -1 0.740747 0.361624 -1 -1 -0.831476 -1 -0.413029 0.419627 -1 -0.964819 -0.893363 -0.554404 0.477225 -0.890748 -0.34027 -1 -0.551572 -0.054658 -0.672472 -1 -0.296926 0.0571077 -0.876699 -0.111128 -0.885786 -0.988991 -1 -0.214576 -1 -0.0518546 -1 -0.155739 -1 -1 -0.605056 -0.939296 0.678861 -1 -0.357612 -1 -1 -0.386098 -0.340623 -1 -0.265968 -0.20195 -1 -0.822207 -0.502606 -0.758239 -1 -0.777506 -0.833795 1 0.342238 -0.837772 0.476292 0.255921 0.359367 0.68059 -1 0.0781448 -1 -1 -0.789558 -0.406963 -1 
0.268453 -0.723193 -0.478893 -0.879268 -0.920262 -1 -0.270909 -1 -0.517814 -0.673286 -1 0.429752 -0.114349 -0.611152 0.350781 -0.335144 -1 0.438979 0.149642 -1 -0.274782 -1 -0.808039 0.0264202 0.580276 -0.983189 -0.937616 -0.78694 0.123503 -1 -0.0264403 -1 -0.0800358 0.901299 -0.699901 0.114034 -1 0.728754 -0.22371 0.392882 -0.454815 -0.542125 0.26941 0.777408 -0.345361 -0.735018 -0.436972 0.81262 1 -0.917761 -0.162269 0.823987 -0.516331 0.0550948 -0.122218 -1 0.185071 0.810544 -1 -0.846544 0.370462 -1 -1 0.0519081 0.190295 -0.584832 -1 -0.614502 0.213782 0.388239 -0.282508 -0.372423 -0.466658 -0.87546 0.41932 -1 -1 -0.697017 -0.187057 -1 -0.413087 -1 0.976087 -1 0.822086 0.697056 -0.767388 -1 0.120548 -0.29981 -0.722792 -0.431289 -1 0.259271 0.0933992 0.0272481 -0.23164 -1 0.196742 -1 0.637009 -0.338047 -1 -1 -0.874292 -0.710852 
-0.509234 0.58552 0.159682 0.403035 -1 0.0377429 0.346212 -0.0124398 0.217357 -0.351815 0.42724 -0.801836 -0.440691 0.339483 -0.655062 0.353785 0.409867 -0.6354 0.0324835 -0.115144 -0.175765 0.38111 0.634929 0.0498986 -0.1217 -0.890874 -0.835732 -0.794303 -0.702015 -1 0.706786 0.759357 -0.698684 -0.688193 -0.0374711 0.474349 0.420061 -0.0914814 0.93218 -0.392967 0.48205 0.457522 -0.737378 -0.665751 -0.117851 0.174337 -0.303089 0.34546 -0.699081 0.0586674 0.39863 -1 0.196845 -0.591216 -0.377417 -0.198077 0.528709 0.991946 -0.29304 0.154804 -0.0307885 0.805158 -0.817978 -0.306899 -0.531911 -0.250597 -0.753874 0.151757 0.678911 -0.598487 -0.85172 -0.10076 -1 0.212677 -0.199966 -0.693654 0.91677 0.422977 -0.790291 0.882871 0.539924 -0.568596 0.550866 -0.481951 -0.389278 -0.567985 0.787639 0.451187 -0.854473 0.747123 -0.249999 -0.0509665 0.656733 -0.749723 -0.747138 0.0478119 0.183844 -0.849317 -0.841611 0.563326 -0.711644 -0.701781 0.0291739 0.577205 -0.499721 -0.400149 
-0.93003 0.643242 -0.538044 -0.401093 -0.978924 0.853913 0.26156 0.295507 -1 -0.153792 -0.809256 -0.223501 0.449997 0.886707 -1 0.9088 -1 -0.728195 -1 -0.150482 -1 -0.23796 -0.033622 -0.79347 0.364158 -0.733408 -0.956137 -1 0.129958 -0.798981 -1 -0.425204 -1 -0.964173 -1 -1 -0.762405 0.333048 -1 0.630987 0.340143 -1 -1 -0.901731 -0.6131 -0.186475 0.265539 -1 -0.509959 -0.687383 -0.713382 0.946528 -1 -0.34027 -1 -0.658511 -0.0985611 -0.334149 -1 -0.296926 0.0571077 -1 0.383706 -1 -1 -1 -0.209207 -0.71622 -0.0518546 -1 -0.155739 -1 -1 -0.0493611 -1 0.969477 -1 -0.167039 -1 -0.826823 -0.399405 -0.146023 -1 -0.13344 -0.0788843 -1 -1 -0.502606 -0.758239 -0.910637 -0.878728 -0.159119 1 0.342238 -0.837772 0.307604 0.528011 0.197078 0.68059 -0.970378 0.0781448 -0.908623 -1 -0.789558 -0.164529 -0.767172 
-1 0.643242 -0.538044 -0.957428 -0.978924 0.313045 0.26156 0.295507 -1 -0.153792 -0.809256 -0.162707 0.449997 0.886707 -1 0.412173 -1 -1 -1 -0.0365234 -1 -0.889297 -0.033622 -1 0.364158 -0.583225 -0.956137 -1 0.221821 -1 -1 -0.948259 -1 -0.964173 -1 -1 -0.762405 0.333048 -1 0.740747 0.361624 -1 -1 -1 -0.855076 -0.519795 0.265539 -1 -0.964819 -1 -0.713382 1 -1 -0.543895 -1 -0.551572 -0.0985611 -0.780658 -1 -0.296926 0.0571077 -1 -0.416711 -1 -0.988991 -1 -0.209207 -1 -0.0518546 -1 -0.155739 -1 -1 -0.611852 -1 0.678861 -1 -0.198589 -0.974028 -1 -0.399405 -0.214713 -1 -0.265968 -0.20195 -1 -0.822207 -0.502606 -0.758239 -0.688628 -0.71224 -0.833795 1 0.342238 -1 0.495142 0.528011 0.359367 0.68059 -0.970378 -0.0636904 -1 -1 -0.60679 -0.0822494 -1 
-0.830936 0.643242 -0.538044 -0.401093 -1 0.84742 0.26156 0.0816962 -1 -0.153792 -0.809256 -0.223501 0.449997 0.886707 -1 0.9088 -0.830888 -0.728195 -0.812854 -0.134988 -1 -0.23796 -0.434603 -0.79347 -0.23352 -0.733408 -0.956137 -1 0.129958 -0.836667 -1 -0.425204 -1 -0.964173 -1 -1 -1 0.204342 -1 0.656612 0.340143 -1 -1 -1 -0.570436 -0.186475 0.265539 -1 -0.956846 -1 -0.902508 0.946528 -1 -0.34027 -1 -0.658511 -0.0985611 -0.869933 -0.907676 -0.296926 0.0571077 -1 0.383706 -1 -1 -1 -0.209207 -0.71622 -0.0518546 -1 -0.155739 -1 -1 -0.0493611 -1 0.969477 -1 -0.167039 -1 -0.826823 -0.399405 -0.172002 -1 -0.13344 -0.48581 -1 -1 -0.502606 -0.939814 -0.910637 -1 0.015857 0.878941 0.342238 -0.837772 0.0946393 0.528011 0.122699 0.68059 -0.970378 0.0837522 -1 -1 -1 -0.164529 -0.767172 
-0.427472 -0.851737 -1 0.932284 -0.411294 -0.183965 -0.490272 -0.82609 -0.262063 0.725123 0.975954 0.705136 -0.601702 0.227678 -0.105894 0.269068 -0.426088 -0.629475 -0.179007 -0.847686 -0.499101 0.254501 -0.38052 -0.273012 -1 -0.689842 -0.12628 -0.600697 0.0193785 -0.0986847 -1 -0.671762 0.940016 0.408963 0.00603223 -0.0468916 0.496055 -0.754485 -0.477976 0.390996 -0.528064 -0.567229 0.00801134 0.6125 -0.614751 -0.761125 0.720104 0.744468 -0.376741 -1 -1 -0.776584 0.373215 -1 0.72328 -0.178635 -0.116974 -0.774228 0.14534 -0.103447 -0.190124 -1 0.254788 -0.217989 -1 0.139993 0.352877 -0.973012 -1 0.458019 -0.428641 0.631256 -1 -0.0408349 0.791912 0.796273 -1 0.977804 -1 0.392969 -0.466664 0.802141 -0.644613 0.826738 -0.842835 -1 -0.79971 -0.62101 -1 0.477465 -0.167657 0.286826 0.28544 0.455256 -0.671964 -0.77816 -0.122368 0.637866 -0.482615 0.786075 -0.288558 -1 -0.491381 -0.0226054 -0.351347 -0.496028 
-0.427472 -0.953432 -1 0.932284 -0.962315 -0.183965 -0.985758 -1 -0.262063 0.471907 0.291024 -0.202986 -0.417574 0.227678 -0.105894 0.269068 -0.884865 -0.629475 -0.179007 -0.938936 -0.90316 0.27967 -0.469914 -0.309142 -1 -1 -0.495685 -1 0.0193785 -0.0986847 -1 -0.797172 0.940016 0.571934 0.00603223 -0.0999132 0.495677 -1 -0.869704 -0.193471 -1 -0.567229 -0.598124 0.6125 -1 -0.761125 0.720104 0.634954 -0.376741 -0.95789 -0.802598 -0.776584 0.373215 -1 0.192767 -1 -0.165709 -1 -0.0296115 -0.213739 -0.190124 -1 0.0380469 -0.217989 -0.879537 0.139993 0.482765 -0.973012 -1 -0.0366132 -0.428641 0.631256 -0.903464 -0.316776 0.791912 0.965248 -1 0.7442 -1 0.392969 -0.420586 0.802141 -0.644613 0.477353 -0.988057 -1 -0.79971 -1 -1 0.00232853 -0.167657 0.399877 0.139863 0.455256 -0.673939 -0.653402 -0.122368 0.649352 -0.297826 0.842628 -0.159524 -0.84925 -0.491381 -0.566587 -0.914301 -0.319437 
-0.427472 -0.986419 -1 0.932284 -0.411294 -0.519429 -0.490272 -1 -0.262063 0.725123 1 0.368183 -0.447312 0.232385 -0.635768 -0.0800186 -0.51122 -1 -0.722947 -0.847686 -0.499101 -0.271253 -0.773217 -0.404623 -1 -0.689842 -0.827252 -0.597321 -0.290323 -0.0986847 -1 -0.54893 0.940016 0.545735 -0.590168 -0.0468916 0.61952 -0.952857 -0.97581 0.123404 -0.918507 -0.567229 -0.0478937 0.342267 -0.777791 -0.842186 0.720104 0.727404 -0.600701 -1 -1 -0.941206 0.373215 -1 0.717238 -0.0703781 -0.589211 -0.774228 -0.339423 -0.103447 -0.190124 -1 0.254788 -0.732727 -1 0.139993 0.183953 -1 -0.983704 0.458019 -0.999674 0.447871 -1 -0.191481 0.791912 0.380066 -1 0.556157 -1 0.392969 -0.466664 -0.190522 -0.847618 0.326578 -1 -1 -1 -1 -0.982303 0.0279781 -0.167657 0.323278 0.28544 0.455256 -0.989986 -0.816749 -0.0778304 0.603361 -0.919451 0.800117 -0.351454 -1 -0.491381 -0.0226054 -0.664456 -0.451648 
-0.427472 -0.736655 -1 1 -0.662505 -0.0634267 -0.701893 -0.82609 -0.32683 0.725123 1 0.636811 -0.931657 0.227678 -0.105894 0.269068 -0.426088 -0.753201 -0.23984 -1 -0.916364 -0.258716 -0.582888 -0.354124 -1 -1 -0.4172 -0.945873 -0.230831 -0.0968552 -1 -0.725379 0.732104 0.373024 -0.270359 0.072127 0.629766 -0.850613 -0.619827 0.390996 -1 -0.792983 -0.282715 0.317526 -0.722161 -1 0.720104 0.841231 -0.820277 -1 -1 -0.822811 -0.427197 -1 0.331048 -0.490244 0.268906 -0.525909 0.293556 -0.103447 -0.190124 -1 0.254788 -0.33497 -0.863017 0.15328 -0.1163 -1 -0.899113 0.609165 -0.999674 0.669596 -1 0.237913 0.360596 0.796273 -1 0.77466 -0.905714 0.0739012 -0.466664 0.374396 -1 0.709435 -0.745207 -1 -1 -0.821408 -1 0.152344 -0.00316891 0.217501 0.0836275 0.210064 -0.508967 -0.838621 -0.201547 0.7822 -0.627621 0.682577 -0.66835 -1 -0.811939 -0.0226054 -0.351347 -0.451648 
