-0.905664 -1 -0.899225 -1 -0.590373 -0.461618 0.311337 0.124785 -0.657845 0.731815 -0.0123586 -1 -0.331785 -1 -1 -0.153286 0.299838 -1 -0.26079 -0.944405 -0.919255 -0.271451 -0.330825 0.707791 0.019388 -0.108778 -0.340758 0.140121 -0.638064 0.571741 -0.509494 -0.116385 0.583373 0.451955 -0.577372 -0.0851414 -1 -0.563404 -0.0302076 -1 -1 -1 -1 -0.501176 0.764344 0.100778 -0.410262 -1 -0.0548438 -0.872928 0.842922 0.909138 -0.1238 -1 -0.0348648 1 -0.459322 -1 -0.900504 0.0940368 0.975864 0.127145 -0.0803882 0.00502363 -0.871672 -1 -1 -0.697385 0.380542 -0.466541 0.963276 -0.20531 -0.638202 -0.647782 -0.746865 0.518926 -1 0.315946 -0.0869793 0.837983 -0.0906657 -0.173178 0.109107 -0.129054 -0.582585 -0.00546417 -0.0960018 -0.217168 0.668695 -0.594029 -0.152906 -1 -0.0281535 0.191241 0.0519968 -1 -0.313594 -1 -1 -0.793953 -0.865085 -0.381758 -0.262761 -0.947765 -0.884639 -1 
-0.905664 -1 -0.899225 -1 -0.590373 -0.461618 0.311337 0.124785 -0.657845 0.731815 -0.0123586 -1 -0.331785 -1 -1 -0.153286 0.299838 -1 -0.26079 -0.944405 -0.919255 -0.271451 -0.330825 0.707791 0.019388 -0.108778 -0.340758 0.140121 -0.638064 0.571741 -0.509494 -0.116385 0.583373 0.451955 -0.577372 -0.0851414 -1 -0.563404 -0.0302076 -1 -1 -1 -1 -0.501176 0.764344 0.100778 -0.410262 -1 -0.0548438 -0.872928 0.842922 0.909138 -0.1238 -1 -0.0348648 1 -0.459322 -1 -0.900504 0.0940368 0.975864 0.127145 -0.0803882 0.00502363 -0.871672 -1 -1 -0.697385 0.380542 -0.466541 0.963276 -0.20531 -0.638202 -0.647782 -0.746865 0.518926 -1 0.315946 -0.0869793 0.837983 -0.0906657 -0.173178 0.109107 -0.129054 -0.582585 -0.00546417 -0.0960018 -0.217168 0.668695 -0.594029 -0.152906 -1 -0.0281535 0.191241 0.0519968 -1 -0.313594 -1 -1 -0.793953 -0.865085 -0.381758 -0.262761 -0.947765 -0.884639 -1 
-1 0.242262 0.702055 0.320587 -1 -1 -1 -0.865697 0.276236 -1 -0.758373 0.113136 -0.0385538 -1 -1 -0.00743344 -1 -1 -1 0.0429119 -0.295389 -1 -1 -1 -1 0.33072 1 -0.784773 -0.336903 -0.750308 -1 -0.796371 -1 -1 -0.425941 -0.732018 -0.577133 -0.368173 -0.424769 -0.126062 -0.142546 0.367626 -1 -0.412338 -1 -1 -0.388824 -1 -0.861206 -0.0312629 -0.864722 1 -0.876041 -1 -0.784223 -0.414129 -0.898407 -1 -0.00183299 -0.621083 -0.44213 -0.811204 -1 -1 0.0149338 -0.891376 -0.454497 -1 -0.163999 -1 -0.447805 0.0364851 0.133745 -0.778873 1 -0.346765 -1 1 0.325498 -0.553856 -1 -1 0.114763 -0.958312 -0.705312 0.310792 -1 -0.242568 0.648511 -1 0.510016 -0.382463 0.947355 -1 -1 -0.060677 -1 -0.470489 -1 -0.726575 0.226339 -1 -1 -0.618777 0.0671703 1 
-1 -0.640972 -0.899225 -1 -1 -0.397502 0.518858 0.124785 -0.811182 0.769919 -1 -1 -0.733006 -1 -0.617922 -0.561585 -1 -0.785496 -1 -1 -0.919255 -0.22508 -1 0.823227 -0.526745 -1 -0.340758 0.140121 -0.64678 0.300438 -0.578361 -1 0.583373 -0.184564 -1 -1 -1 -0.604586 -0.0302076 -1 -0.891851 -1 -1 -0.501176 -0.522866 0.166787 -0.410262 -1 -0.0532081 -1 0.842922 0.909138 0.139164 -1 -0.904999 1 -0.220515 -1 -1 -0.403026 0.975864 0.0904587 -0.810294 0.00502363 -1 -1 -1 -1 0.380542 -0.205056 0.963276 -0.20531 -1 -0.647782 -0.876063 0.343788 -1 0.172944 0.338354 0.837983 0.185741 -0.851104 -0.771893 -0.129054 -1 -0.914213 -0.840802 -1 0.83286 -1 0.189117 -1 -0.44938 -0.71056 0.221149 -1 -0.164228 -1 -1 -1 -0.468322 -0.636497 -0.262761 -1 -1 -1 
-1 -1 -0.817947 -1 -1 -0.397502 -0.52342 -0.44114 -1 0.769919 -1 -1 -1 -1 -0.617922 -0.282158 -1 -0.956966 -1 -1 -0.919255 -0.531401 -1 0.712044 -1 -1 -1 0.140121 -0.743758 -0.585595 -1 -1 0.419182 0.0983241 -1 -1 -1 -1 -1 -0.729718 -1 -1 -1 -1 -0.522866 -1 -0.908629 -1 -1 -1 0.411089 -1 -1 -1 -0.904999 0.402582 -0.181724 -1 -1 -1 1 -0.915236 -1 0.00502363 -0.867372 -1 -1 -1 -0.957231 -0.205056 -0.126229 -0.985933 -1 -0.954827 -1 -0.139402 -0.810476 -0.433727 -0.283022 0.374523 0.185741 -1 -0.924889 -0.129054 -0.467545 -1 -1 -1 1 -1 0.43522 -1 -0.447254 -1 -0.0286338 -1 -1 -1 -1 -1 -0.507513 -1 -0.561552 -1 -1 -1 
-1 -1 -0.817947 -1 -1 -0.397502 -0.52342 -0.44114 -1 0.769919 -1 -1 -1 -1 -0.617922 -0.282158 -1 -0.956966 -1 -1 -0.919255 -0.531401 -1 0.712044 -1 -1 -1 0.234739 -1 -0.585595 -0.778115 -1 0.419182 0.0983241 -1 -1 -1 -1 -1 -0.729718 -1 -1 -1 -1 -0.522866 -1 -0.908629 -1 -1 -1 0.411089 -1 -1 -1 -0.904999 0.402582 -0.181724 -1 -1 -1 1 -0.915236 -1 0.00502363 -1 -1 -1 -1 -0.957231 -0.205056 -0.126229 -0.985933 -1 -0.954827 -1 -0.139402 -0.810476 -0.433727 -0.283022 0.374523 0.185741 -1 -0.924889 -0.129054 -0.467545 -1 -1 -1 1 -1 0.43522 -1 -0.447254 -0.950722 -0.0286338 -1 -1 -1 -1 -1 -0.507513 -1 -0.561552 -1 -1 -1 
-0.589348 -0.918271 -0.883125 -1 -1 -1 -1 -0.954689 -1 0.44707 -1 -0.720871 -1 -1 -1 -0.768825 -1 -0.817209 -1 -1 -0.77503 -0.392538 -1 0.129335 -1 -1 -1 0.24906 -1 -1 -0.778115 -0.784794 -0.0947741 -0.202188 -0.394362 -0.65804 -0.748307 -1 -1 -0.774466 -1 -1 -0.94245 -1 -0.522866 -1 -1 -1 -1 -0.966149 -0.574283 -1 -1 -0.786882 -0.546486 -0.31334 -1 -1 -1 -0.774816 0.801758 -0.600085 -1 -0.592576 -1 -1 -1 -0.865931 -1 -0.47072 -0.595871 -1 -1 -1 -0.454534 -0.862012 -1 -1 -1 0.374523 0.185741 -1 -1 -1 -1 -1 -0.875862 -0.895445 1 -0.880317 -0.0625893 -1 -0.447254 -0.606699 0.0289636 -1 -1 -1 -1 -1 -0.507513 -1 -0.473617 -1 -0.959177 -1 
-0.910348 -1 -0.817947 -0.838073 -0.537843 -1 -0.253939 -0.44114 -1 0.509502 -1 -1 -1 -1 -1 -1 -1 -0.735835 -1 -1 -1 -1 -1 -0.444359 -1 -0.720377 -0.657587 -1 -0.744059 -1 -1 -0.699831 0.459048 -0.514041 -1 -0.970174 -0.602965 -1 -1 -0.83501 -1 -1 -1 -1 -0.640521 -1 -1 -1 -0.936578 -1 -0.907485 -0.936596 -1 -0.84632 -1 0.288326 -1 -1 -1 -1 0.305802 -0.671797 -1 -1 -0.601565 -1 -1 -1 -0.79377 -0.205056 -0.504476 -0.619851 -1 -1 -1 -1 -1 -1 -1 0.206724 0.339416 -1 -0.742077 -0.73196 -1 -1 -0.828276 -1 1 -1 0.804367 -1 0.0563864 -1 -0.443819 -1 -1 -1 -1 -1 -0.610723 -1 -1 -1 -0.934478 -1 
-1 -0.554915 -0.817947 -1 -1 -1 -0.253939 -0.44114 -1 0.556264 -1 -0.848243 -1 -1 -0.951131 -1 -1 -1 -1 -1 -1 -1 -1 -1 -0.97898 -0.720377 -0.657587 -0.956332 -1 -1 -0.644028 -0.97498 0.13891 -1 -1 -1 -0.819817 -1 -0.694759 -0.858061 -0.719999 -1 -1 -0.779009 -1 -1 -0.916429 -1 -1 -0.992272 -1 -1 -1 -0.82017 -1 0.554641 -1 -1 -1 -0.662629 -1 -0.959187 -0.875312 -1 -0.817826 -1 -1 -0.407786 -0.959868 -0.205056 -0.504476 -0.619851 -1 -0.771044 -1 -1 -1 -0.70955 -0.92948 -0.747203 0.22446 -1 -0.558853 -1 -1 -1 -0.828276 -0.829629 1 -1 0.67487 -1 -0.370125 -1 -0.443819 -1 -1 -1 -1 -1 -0.610723 -1 -1 -0.415111 -1 -1 
-1 -1 -1 -1 -1 -0.397502 -1 -1 -1 -0.0617604 -1 -1 -1 -1 -0.732268 -1 -1 -0.956966 -1 -1 -0.919255 -0.531401 -1 0.712044 -0.867696 -1 -1 0.234739 -1 -0.601387 -0.778115 -1 0.0260098 0.0983241 -0.728212 -0.850065 -1 -1 -1 -1 -1 -0.826252 -1 -0.899891 -0.522866 -1 -0.908629 -1 -0.983606 -1 0.411089 -1 -1 -1 -0.904999 0.402582 -0.159701 -0.983963 -0.659814 -1 0.666143 -0.714238 -1 -0.536178 -1 -1 -1 -1 -0.957231 -1 -0.504061 -1 -1 -0.7993 -1 -0.13264 -0.810476 -0.30765 0.0991184 -1 0.698126 -0.830654 -1 -0.129054 -0.467545 -1 -1 -1 0.569117 -1 0.193057 -1 -0.447254 -1 -0.0286338 -1 -1 -1 -1 -1 -0.76431 -1 -1 -0.936898 -1 -1 
-0.910348 -1 -0.817947 -0.838073 -0.537843 -1 -0.253939 -0.923471 -1 0.509502 -1 -1 -1 -1 -1 -1 -1 -0.735835 -1 -1 -1 -1 -0.618997 -0.444359 -1 -0.720377 -0.657587 -1 -0.586398 -1 -1 -0.699831 0.459048 -0.514041 -0.600083 -0.970174 -0.602965 -1 -1 -0.83501 -1 -1 -1 -1 -0.640521 -1 -1 -1 -0.936578 -1 -0.907485 -0.936596 -1 -0.84632 -1 0.288326 -1 -1 -1 -1 -0.555186 -0.671797 -1 -1 -0.601565 -1 -1 -1 -0.79377 -0.205056 -0.504476 -0.619851 -1 -1 -1 -1 -1 -1 -1 0.206724 0.339416 -1 -0.742077 -0.73196 -1 -1 -0.828276 -1 1 -1 0.804367 -1 0.0563864 -1 -1 -1 -1 -1 -1 -1 -0.610723 -1 -1 -1 -0.934478 -1 
-0.920787 -0.778916 -1 -1 -1 -0.397502 0.518858 0.124785 -1 0.769919 -1 -1 -0.776819 -1 -0.617922 -0.800508 -1 -1 -1 -1 -0.919255 -0.747887 -1 -1 -0.414242 -1 -0.340758 0.0775201 -0.566718 0.300438 -0.578361 -0.83859 -0.10543 -0.184564 -1 -1 -1 -0.89979 -0.0302076 -1 -0.898498 -1 -1 -0.867653 -0.496134 -0.110792 -0.410262 -1 -0.0532081 -1 0.583506 1 0.139164 -1 -0.889497 0.572002 -0.470737 -1 -1 -1 0.975864 -0.283328 -0.810294 0.00502363 -1 -1 -1 -1 0.380542 -0.838019 0.963276 -0.511327 -1 -1 -0.876063 0.457461 -1 -0.0534185 0.338354 0.837983 0.180974 -0.851104 -0.771893 -0.129054 -1 -0.741242 -0.840802 -0.753844 0.753845 -1 0.189117 -1 -0.44938 -0.48552 0.221149 -1 0.14198 -1 -1 -1 -0.468322 -0.636497 -0.262761 -1 -1 -1 
-0.218771 -1 1 -0.561688 -0.631947 -0.66837 0.210827 -1 -0.774495 -0.976434 -0.2379 -0.496798 -1 -0.524575 -0.511684 0.525047 -0.628065 -1 -0.733858 0.0192057 -0.375318 -0.695225 0.263555 -1 -1 -0.118772 -0.932269 -1 -1 0.707871 -0.476597 -0.929987 -0.689006 -1 -1 -1 0.149766 -1 -1 -0.264269 -0.902983 -1 -1 -1 -1 -1 0.697749 0.513709 1 -1 -1 -1 0.0881384 0.479894 0.459355 -0.483635 -0.511529 0.749982 0.597323 -0.693238 0.567402 -0.0123694 -0.51318 -0.638264 -0.0660301 1 -1 -1 -0.189459 -0.538061 -1 0.757616 1 -0.427298 -0.752948 -1 0.365653 -1 -0.899387 1 -1 -1 -1 -0.0176967 0.742013 0.848535 0.0903376 0.5536 -1 1 0.714919 -1 -1 -0.846845 -1 0.0705651 0.640323 0.232394 -0.385579 0.696184 0.912282 -0.599555 -1 0.629952 -0.0653151 -0.492685 
-1 -1 -0.823562 -1 -1 -0.603008 0.518858 0.15541 -1 0.769919 -1 -1 -0.611306 -1 -0.777457 -0.651911 -0.996189 -1 -1 -1 -0.518879 -0.00720519 -0.912123 -0.570706 -0.669019 -1 -1 -1 -1 -0.0133032 -0.993654 -1 0.182322 -1 -1 -0.668857 -0.7052 -1 -1 -0.678354 -1 -1 -1 -1 -0.798957 -1 -0.899633 -1 -0.8839 -1 -0.170556 -0.694068 -0.741181 -1 -1 1 -1 -1 -1 -1 -1 -1 -1 -1 -1 -0.850227 -1 -1 -1 -0.507187 0.983708 -0.707791 -0.898744 -0.930974 -0.600798 -1 -1 -0.28657 -0.867281 -1 -0.0533568 -1 -0.938506 -1 -1 -1 0.0258764 -0.672792 0.759779 -0.692825 -0.109005 -1 -1 -1 -0.411865 -1 -0.755458 -1 -1 -0.906144 -0.972822 -1 -0.477663 -1 -0.865589 -1 
-1 -0.88855 -0.969721 -1 -1 -0.603008 0.711488 -0.974238 -1 0.903511 -1 -0.686393 -1 -1 -1 -0.431887 -0.674825 -1 -1 -1 -0.518879 -0.00720519 -0.551794 -0.541322 -1 -0.615015 -0.772656 -1 -1 0.108368 -1 -1 0.182322 -1 -1 -1 -1 -1 -1 -0.678354 -1 -1 -0.726557 -0.867672 -0.962345 -0.668245 -1 -1 -1 -1 -0.2882 -0.411865 -0.373911 -1 -1 0.565381 -1 -1 -1 -1 -1 -1 -1 -1 -1 -0.986827 -1 -1 -1 -1 0.40266 -0.707791 -1 -1 -1 -1 -1 -0.28657 -1 -1 -0.54044 -1 -0.709953 -1 -1 -0.862763 0.0258764 -0.672792 0.759779 -1 0.12435 -1 -0.882843 -0.700819 0.111878 -1 -1 -1 -0.821309 -0.859511 -0.640483 -0.950393 -0.165566 -0.744156 -1 -1 
