-0.985111 -1 0.058179 -0.756694 0.821566 0.0465729 -0.869322 0.162444 -0.697481 -1 -0.718671 -0.760252 0.524716 0.568488 -0.379809 -0.876712 -0.980941 -0.388407 0.162943 0.0775026 -0.875566 0.0619658 0.375723 0.597451 -0.237119 -0.488384 -0.390437 0.526067 -0.238906 -0.506263 0.541228 0.0117385 -1 -0.188906 -0.350922 -0.920692 0.842833 0.954757 -0.979255 0.410661 0.44811 -0.385904 0.381616 -1 0.836083 0.574738 -0.885233 0.157892 0.0128595 -0.475059 -0.464566 -0.432793 -0.776192 -1 0.725626 -0.984309 -0.370885 -0.314067 -0.0839307 -1 0.135579 0.502029 -0.355538 0.420773 0.936598 -0.30453 -1 0.141288 0.217212 0.0965157 -0.754519 -1 -0.759281 0.442838 0.971393 0.59354 -0.892782 0.237708 -0.700043 0.372652 -0.876368 0.15205 -0.627883 -1 -0.342805 -0.217758 -1 -0.0951192 -0.801852 0.66179 0.707126 0.0513658 0.355619 0.262344 -0.866581 -0.0175588 0.103754 -0.0560604 -0.384179 -0.0608274 0.299054 -1 0.587481 0.478775 0.0197629 -0.498377 -0.79793 0.0819141 -0.827582 0.21955 0.856557 -0.145732 0.196727 0.0627991 -0.767585 0.36854 -0.00652918 -0.473801 0.0649603 -1 -0.960517 0.844067 -1 0.411505 0.675562 -0.626883 -0.627085 0.137769 0.769228 0.130932 -0.1588 -0.345225 -1 -1 0.211406 -1 0.310409 0.375291 
-0.54764 -0.038816 -1 0.288262 0.255505 0.00463142 -1 -0.0212903 -0.942101 -0.636929 -0.0113536 0.392672 -0.774349 -0.233816 -1 -0.912497 -0.209655 -0.935469 -1 -0.641318 -0.31795 -0.24804 0.19843 -1 -0.920024 -0.833315 -0.083934 0.015282 -0.782488 -0.730734 0.0457652 -0.873233 -0.96217 -0.92328 -1 -1 -0.996167 -1 -0.834908 -0.384153 0.567538 0.132984 -0.944379 -0.887966 0.0958777 -0.579628 -0.119944 -0.494006 0.148276 -1 -0.633229 -0.750744 -0.0270765 -1 0.475821 -0.881457 -1 -0.861692 -0.840238 -0.98557 -0.507148 0.681979 -0.550837 -0.560504 0.0348157 0.124324 -0.786439 -1 0.702311 -0.502356 -0.805674 -0.459519 0.0142312 -1 -0.305274 -0.776239 -0.222704 -1 -0.777942 -0.991749 -0.686211 -1 0.154953 -0.338754 -0.376424 -0.848811 -0.88027 0.347187 -1 -0.139293 0.00966977 -0.0320613 -1 -0.894242 0.541909 -0.940712 0.353345 -0.118861 0.828705 -0.753981 -0.305764 0.0195552 -0.431355 -0.776042 0.496303 -0.0791982 -0.512841 0.303274 -0.443731 -0.485931 -1 -0.271052 -0.583564 -1 -0.825035 -1 -0.241552 -0.578689 0.461787 -1 -0.22808 -0.0732683 -0.480622 0.191797 0.366873 -0.354738 -0.534075 0.124192 -0.291652 0.134649 -0.00723916 0.364141 -0.686697 0.132579 -1 -0.699988 0.361317 -0.946106 
-0.54764 -0.038816 -1 0.288262 0.255505 0.00463142 -1 -0.0212903 -0.942101 -0.636929 -0.0113536 0.392672 -0.774349 -0.233816 -1 -0.912497 -0.209655 -0.935469 -1 -0.641318 -0.31795 -0.24804 0.19843 -1 -0.920024 -0.833315 -0.083934 0.015282 -0.782488 -0.730734 0.0457652 -0.873233 -0.96217 -0.92328 -1 -1 -0.996167 -1 -0.834908 -0.384153 0.567538 0.132984 -0.944379 -0.887966 0.0958777 -0.579628 -0.119944 -0.494006 0.148276 -1 -0.633229 -0.750744 -0.0270765 -1 0.475821 -0.881457 -1 -0.861692 -0.840238 -0.98557 -0.507148 0.681979 -0.550837 -0.560504 0.0348157 0.124324 -0.786439 -1 0.702311 -0.502356 -0.805674 -0.459519 0.0142312 -1 -0.305274 -0.776239 -0.222704 -1 -0.777942 -0.991749 -0.686211 -1 0.154953 -0.338754 -0.376424 -0.848811 -0.88027 0.347187 -1 -0.139293 0.00966977 -0.0320613 -1 -0.894242 0.541909 -0.940712 0.353345 -0.118861 0.828705 -0.753981 -0.305764 0.0195552 -0.431355 -0.776042 0.496303 -0.0791982 -0.512841 0.303274 -0.443731 -0.485931 -1 -0.271052 -0.583564 -1 -0.825035 -1 -0.241552 -0.578689 0.461787 -1 -0.22808 -0.0732683 -0.480622 0.191797 0.366873 -0.354738 -0.534075 0.124192 -0.291652 0.134649 -0.00723916 0.364141 -0.686697 0.132579 -1 -0.699988 0.361317 -0.946106 
-0.75235 -0.038816 -1 0.349235 -0.0496147 0.103356 -1 -0.210121 -0.952681 -1 -0.559798 0.24855 -0.780684 -0.402574 -1 -0.922026 -0.209655 -1 -1 -0.675516 -0.754801 -0.255184 0.19843 -1 -0.943168 -0.93103 -0.211102 -0.139702 -0.782488 -0.88519 0.0457652 -1 -0.96217 -1 -1 -1 -1 -1 -1 -0.384153 0.567538 0.132984 -1 -1 0.156894 -0.84407 -0.314613 -0.494006 -0.0818361 -1 -0.878361 -0.750744 -0.170967 -1 0.475821 -1 -1 -0.861692 -0.777895 -1 -0.764884 0.423724 -0.540038 -0.857941 -0.209219 0.197422 -0.925079 -1 0.676504 -0.498599 -0.805674 -0.459519 -0.167896 -1 -0.305274 -0.776239 -0.483318 -1 -0.774259 -1 -0.813825 -1 0.102293 -0.514388 -0.551099 -1 -1 0.347187 -1 -0.201691 -0.312403 0.0311945 -1 -0.964515 0.335963 -1 -0.140646 -0.118861 0.519934 -0.880202 -0.358051 0.0195552 -0.405688 -1 0.289713 -0.0791982 -0.503212 0.26438 -0.381346 -0.513453 -1 -0.495111 -0.686121 -1 -0.977397 -1 -0.280547 -0.485498 0.336599 -0.951215 -0.334636 -0.153684 -0.480622 0.191797 0.366873 -0.445856 -0.534075 -0.0573236 -0.204327 0.0351559 -0.00723916 -0.0206144 -0.694978 0.132579 -0.914955 -0.715506 0.361317 -1 
-0.54764 -0.038816 -1 0.288262 0.255505 0.00463142 -1 -0.0212903 -0.942101 -0.636929 -0.0113536 0.392672 -0.774349 -0.233816 -1 -0.912497 -0.209655 -0.935469 -1 -0.641318 -0.31795 -0.24804 0.19843 -1 -0.920024 -0.833315 -0.083934 0.015282 -0.782488 -0.730734 0.0457652 -0.873233 -0.96217 -0.92328 -1 -1 -0.996167 -1 -0.834908 -0.384153 0.567538 0.132984 -0.944379 -0.887966 0.0958777 -0.579628 -0.119944 -0.494006 0.148276 -1 -0.633229 -0.750744 -0.0270765 -1 0.475821 -0.881457 -1 -0.861692 -0.840238 -0.98557 -0.507148 0.681979 -0.550837 -0.560504 0.0348157 0.124324 -0.786439 -1 0.702311 -0.502356 -0.805674 -0.459519 0.0142312 -1 -0.305274 -0.776239 -0.222704 -1 -0.777942 -0.991749 -0.686211 -1 0.154953 -0.338754 -0.376424 -0.848811 -0.88027 0.347187 -1 -0.139293 0.00966977 -0.0320613 -1 -0.894242 0.541909 -0.940712 0.353345 -0.118861 0.828705 -0.753981 -0.305764 0.0195552 -0.431355 -0.776042 0.496303 -0.0791982 -0.512841 0.303274 -0.443731 -0.485931 -1 -0.271052 -0.583564 -1 -0.825035 -1 -0.241552 -0.578689 0.461787 -1 -0.22808 -0.0732683 -0.480622 0.191797 0.366873 -0.354738 -0.534075 0.124192 -0.291652 0.134649 -0.00723916 0.364141 -0.686697 0.132579 -1 -0.699988 0.361317 -0.946106 
-0.54764 -0.038816 -1 0.288262 0.255505 0.0707492 -1 -0.0212903 -1 -0.636929 -0.0113536 0.392672 -0.774349 -0.442242 -1 -0.912497 -0.209655 -1 -1 -0.816813 -0.31795 -0.24804 0.19843 -1 -1 -1 -0.083934 0.015282 -0.782488 -0.907991 -0.0642912 -0.802444 -1 -1 -1 -1 -0.996167 -1 -0.752704 -0.384153 0.567538 -0.0134461 -1 -1 0.118043 -0.579628 -0.119944 -0.498634 0.148276 -1 -0.633229 -0.750744 -0.049474 -1 0.475821 -1 -1 -0.861692 -1 -0.98557 -0.476755 0.476208 -0.550837 -0.632479 0.0348157 0.124324 -0.786439 -1 0.520218 -0.502356 -0.805674 -0.459519 -0.123265 -1 -0.305274 -0.706293 -0.399523 -1 -0.777942 -0.991749 -0.686211 -1 0.154953 -0.338754 -0.376424 -0.848811 -0.88027 0.347187 -1 -0.18972 0.00966977 -0.0320613 -1 -0.894242 0.574888 -0.996216 0.353345 -0.118861 0.59186 -0.753981 -0.305764 -0.0810142 -0.431355 -0.776042 0.496303 -0.0791982 -0.512841 0.303274 -0.388978 -0.490894 -1 -0.271052 -0.583564 -1 -0.947299 -1 -0.241552 -0.578689 0.461787 -1 -0.253598 -0.0331625 -0.708597 0.133282 0.308282 -0.354738 -0.534075 0.0330214 -0.291652 0.134649 -0.00723916 0.31103 -0.80732 -0.113098 -0.918922 -0.699988 0.361317 -0.946106 
-0.54764 -0.390634 -1 0.27496 0.088666 -0.0471731 -0.947671 -0.000316516 -1 -0.833852 -0.098416 0.312352 -0.865592 -0.337162 -0.951831 -0.955081 -0.200657 -1 -1 -0.641318 -0.640634 -0.713298 0.0110113 -1 -0.972894 -0.833315 -0.434249 0.0479429 -0.968247 -0.749828 -0.140384 -0.972978 -0.976929 -1 -0.96062 -1 -1 -1 -0.864194 -0.613528 0.355961 0.132984 -1 -1 0.0958777 -0.953706 -0.417819 -0.645137 -0.0913371 -0.957401 -0.857918 -0.8716 -0.310555 -1 0.361014 -0.887155 -1 -1 -0.982214 -1 -0.659359 0.552306 -0.504754 -0.760828 -0.153227 0.020258 -0.719324 -1 0.742954 -0.543237 -0.981081 -0.462806 -0.229396 -1 -0.177634 -0.938154 -0.545545 -1 -0.777812 -0.991749 -1 -1 0.129765 -0.572854 -0.822849 -0.936051 -1 0.1524 -1 -0.154655 -0.233197 -0.106209 -1 -0.891075 0.22287 -0.98392 0.292176 -0.430083 0.705469 -0.753981 -0.247178 0.0347012 -0.681729 -1 0.318707 -0.1148 -0.815435 0.265589 -0.738309 -0.485931 -1 -0.50201 -0.583564 -0.890264 -0.968406 -1 -0.35024 -0.578689 0.289381 -1 -0.64018 -0.0765836 -0.615064 8.86619e-05 0.189071 -0.354738 -0.881343 -0.0608062 -0.291652 0.0169344 -0.346352 0.301969 -0.990126 -0.0942524 -0.959685 -1 0.241526 -0.969656 
-0.752683 0.0298396 -1 0.288262 -0.0122845 -0.0731987 -1 -0.0212903 -1 -0.636929 -0.0113536 0.391993 -0.763766 -0.421405 -1 -0.912497 -0.437179 -0.956397 -1 -0.641318 -0.31795 -0.47858 0.134246 -1 -1 -1 -0.083934 0.0259198 -0.953289 -0.730734 0.0818745 -0.873233 -0.96217 -0.92328 -1 -1 -0.996167 -1 -1 -0.316556 0.567538 0.132984 -0.876731 -0.789798 0.0958777 -0.663562 -0.293918 -0.494006 0.217803 -0.900269 -0.707135 -0.750744 -0.168518 -1 0.418423 -0.991374 -0.94168 -0.980169 -0.840238 -1 -0.702102 0.681979 -0.550837 -0.560504 -0.0706036 -0.084359 -0.786439 -1 0.538989 -0.753831 -0.845103 -0.454631 0.0152602 -1 -0.305274 -0.776239 -0.222704 -1 -0.917951 -0.990493 -0.686211 -1 0.154953 -0.373246 -0.279168 -0.848811 -0.88027 0.347187 -1 -0.139293 0.00966977 -0.0320613 -0.975307 -1 0.517971 -0.940712 0.353345 -0.28174 0.828705 -0.753981 -0.305764 0.0195552 -0.647603 -0.776042 0.496303 -0.110198 -0.512841 0.0678252 -0.443731 -0.485931 -1 -0.438583 -0.832868 -1 -0.852607 -1 -0.358019 -0.578689 0.461787 -0.938189 -0.22808 -0.0732683 -0.480622 0.191797 0.366873 -0.270379 -0.534075 0.0419579 -0.291652 0.134649 -0.00723916 0.23794 -0.975771 -0.0693159 -1 -0.699988 0.361317 -0.946106 
-0.54764 -0.038816 -1 0.288262 0.255505 0.0707492 -1 -0.0212903 -1 -0.636929 -0.0113536 0.392672 -0.774349 -0.442242 -1 -0.912497 -0.209655 -1 -1 -0.816813 -0.31795 -0.24804 0.19843 -1 -1 -1 -0.083934 0.015282 -0.782488 -0.907991 -0.0642912 -0.802444 -1 -1 -1 -1 -0.996167 -1 -0.752704 -0.384153 0.567538 -0.0134461 -1 -1 0.118043 -0.579628 -0.119944 -0.498634 0.148276 -1 -0.633229 -0.750744 -0.049474 -1 0.475821 -1 -1 -0.861692 -1 -0.98557 -0.476755 0.476208 -0.550837 -0.632479 0.0348157 0.124324 -0.786439 -1 0.520218 -0.502356 -0.805674 -0.459519 -0.123265 -1 -0.305274 -0.706293 -0.399523 -1 -0.777942 -0.991749 -0.686211 -1 0.154953 -0.338754 -0.376424 -0.848811 -0.88027 0.347187 -1 -0.18972 0.00966977 -0.0320613 -1 -0.894242 0.574888 -0.996216 0.353345 -0.118861 0.59186 -0.753981 -0.305764 -0.0810142 -0.431355 -0.776042 0.496303 -0.0791982 -0.512841 0.303274 -0.388978 -0.490894 -1 -0.271052 -0.583564 -1 -0.947299 -1 -0.241552 -0.578689 0.461787 -1 -0.253598 -0.0331625 -0.708597 0.133282 0.308282 -0.354738 -0.534075 0.0330214 -0.291652 0.134649 -0.00723916 0.31103 -0.80732 -0.113098 -0.918922 -0.699988 0.361317 -0.946106 
-0.75235 -0.038816 -1 0.349235 -0.0496147 0.103356 -1 -0.210121 -0.952681 -1 -0.559798 0.24855 -0.780684 -0.402574 -1 -0.922026 -0.209655 -1 -1 -0.675516 -0.754801 -0.255184 0.19843 -1 -0.943168 -0.93103 -0.211102 -0.139702 -0.782488 -0.88519 0.0457652 -1 -0.96217 -1 -1 -1 -1 -1 -1 -0.384153 0.567538 0.132984 -1 -1 0.156894 -0.84407 -0.314613 -0.494006 -0.0818361 -1 -0.878361 -0.750744 -0.170967 -1 0.475821 -1 -1 -0.861692 -0.777895 -1 -0.764884 0.423724 -0.540038 -0.857941 -0.209219 0.197422 -0.925079 -1 0.676504 -0.498599 -0.805674 -0.459519 -0.167896 -1 -0.305274 -0.776239 -0.483318 -1 -0.774259 -1 -0.813825 -1 0.102293 -0.514388 -0.551099 -1 -1 0.347187 -1 -0.201691 -0.312403 0.0311945 -1 -0.964515 0.335963 -1 -0.140646 -0.118861 0.519934 -0.880202 -0.358051 0.0195552 -0.405688 -1 0.289713 -0.0791982 -0.503212 0.26438 -0.381346 -0.513453 -1 -0.495111 -0.686121 -1 -0.977397 -1 -0.280547 -0.485498 0.336599 -0.951215 -0.334636 -0.153684 -0.480622 0.191797 0.366873 -0.445856 -0.534075 -0.0573236 -0.204327 0.0351559 -0.00723916 -0.0206144 -0.694978 0.132579 -0.914955 -0.715506 0.361317 -1 
-0.700671 0.0371847 -0.948613 0.0488443 -0.0390008 -0.170275 -1 -0.182722 -1 -0.807644 -0.0113536 0.228995 -0.933319 -0.233816 -1 -0.94625 -0.285121 -1 -1 -0.798666 -0.647798 -0.645564 0.158103 -1 -1 -0.819768 -0.23165 -0.238912 -1 -1 -0.173366 -1 -1 -0.785584 -1 -0.977426 -0.995039 -1 -0.827734 -0.34294 0.637377 -0.045809 -0.944379 -0.905519 0.165392 -0.593573 -0.744366 -0.580286 0.10489 -1 -0.781011 -1 -0.0270765 -1 0.267836 -0.940713 -1 -1 -0.938811 -0.969896 -0.773435 0.681979 -0.531958 -0.679439 0.0348157 -0.134981 -0.932705 -1 0.576195 -1 -0.977768 -0.459519 -0.00206743 -0.987339 -0.610875 -0.776239 -0.138874 -1 -0.996085 -0.901547 -0.728738 -1 -0.0547106 -0.237064 -0.876419 -1 -1 -0.1729 -0.909409 -0.326879 0.00966977 -0.0635115 -1 -0.926023 0.541909 -1 0.211134 -0.132534 0.545702 -0.680147 -0.47285 0.0212338 -0.500571 -1 0.496303 -0.453493 -0.619162 0.0257702 -0.630509 -0.836168 -1 -0.237033 -0.558548 -0.946249 -0.876051 -1 -0.620221 -0.695075 0.26259 -1 -0.160846 -0.0732683 -0.511137 0.204541 0.418925 -0.321719 -0.534075 0.0881686 -0.274212 -0.0596454 -0.524905 0.215734 -0.826271 -0.0138238 -1 -0.833511 0.22448 -1 
-0.792922 -0.0340813 -1 0.111591 -0.185761 -0.177933 -1 -0.280257 -0.970517 -0.740063 -0.0756793 0.347468 -0.729025 -0.549935 -0.971102 -0.953328 -0.437179 -0.956397 -1 -0.729479 -0.446497 -0.427323 -0.0189938 -1 -1 -0.988451 -0.320114 -0.254957 -1 -0.730734 -0.0132903 -0.987602 -0.96217 -0.992199 -1 -0.956777 -0.916494 -1 -1 -0.304636 0.287781 0.132984 -0.876731 -0.789798 0.0958777 -0.598447 -0.382071 -0.494006 0.0998635 -0.930747 -0.797632 -0.702108 -0.476192 -1 0.290135 -0.991374 -1 -0.916121 -0.840238 -1 -0.921284 0.473283 -0.654488 -0.699045 -0.260976 -0.0517725 -1 -1 0.521448 -1 -0.880328 -0.555319 -0.281542 -1 -0.650684 -0.945837 -0.222704 -1 -1 -0.990493 -0.686211 -1 -0.13877 -0.556656 -0.46637 -0.973775 -1 0.347187 -1 -0.486578 -0.251311 -0.0777108 -0.890996 -0.963734 0.339941 -0.91149 0.185537 -0.561422 0.828705 -0.711158 -0.395294 -0.0956682 -0.647603 -0.769667 0.485595 -0.233141 -0.46921 0.0968094 -0.528365 -0.485931 -0.910816 -0.550263 -0.938096 -1 -1 -1 -0.358019 -0.657571 0.441467 -0.962537 -0.22808 -0.0859831 -0.480622 0.0132866 0.464631 -0.270379 -0.58582 0.130621 -0.344251 -0.0288583 -0.00723916 0.162865 -1 -0.270609 -1 -0.675572 0.251126 -1 
-0.553739 -0.038816 -0.939693 0.288262 0.255505 0.00463142 -1 -0.0212903 -0.942101 -0.636929 -0.0113536 0.392672 -0.774349 -0.233816 -1 -0.912497 -0.209655 -1 -1 -0.683792 -0.31795 -0.24804 0.0280689 -1 -0.968063 -0.833315 -0.173549 0.00589547 -0.782488 -0.730734 -0.00408763 -0.873233 -0.96217 -0.92328 -1 -1 -0.979742 -1 -0.82373 -0.384153 0.567538 0.132984 -0.944379 -0.887966 0.0958777 -0.579628 -0.255528 -0.494006 0.148276 -1 -0.672863 -0.697284 -0.0506292 -1 0.475821 -0.881457 -1 -0.812136 -0.857481 -1 -0.520381 0.497452 -0.550837 -0.560504 0.0348157 0.124324 -0.786439 -1 0.575947 -0.604884 -0.822422 -0.459519 0.0142312 -1 -0.270067 -0.739034 -0.222704 -1 -0.788453 -0.991749 -0.864475 -1 0.154953 -0.444225 -0.376424 -0.88508 -1 0.291885 -0.973515 -0.139293 0.00966977 -0.190135 -1 -1 0.541909 -1 0.353345 -0.118861 0.706204 -0.69315 -0.305764 0.0195552 -0.382855 -0.776042 0.496303 -0.0791982 -0.512841 0.303274 -0.443731 -0.549896 -1 -0.271052 -0.583564 -1 -0.825035 -1 -0.194828 -0.578689 0.461787 -1 -0.265167 -0.0732683 -0.480622 0.191797 0.366873 -0.354738 -0.650845 0.124192 -0.291652 0.134649 -0.00723916 0.364141 -0.686697 0.132579 -1 -0.73326 0.361317 -1 
-0.810435 -0.0675828 -0.938755 -0.0582117 -0.446744 -0.238121 -1 -0.234377 -1 -0.70743 -0.34663 0.527238 -0.749234 -0.376694 -1 -1 -0.384733 -0.992005 -1 -0.701742 -0.383672 -0.290416 -0.453733 -1 -0.978151 -0.889016 -0.510497 -0.235991 -1 -0.928014 -0.0273831 -0.965517 -1 -0.988876 -0.947411 -1 -1 -1 -0.826273 -0.419742 0.249455 -0.155501 -1 -1 -0.091533 -0.657511 -0.381609 -0.960275 0.0589088 -1 -0.86387 -0.927098 -0.255089 -1 0.287955 -1 -0.950913 -0.905033 -0.962833 -1 -0.952375 0.239394 -0.628944 -0.463816 -0.153474 -0.168482 -1 -1 0.460748 -0.755378 -1 -1 -0.0626728 -1 -0.805667 -1 -0.594793 -1 -1 -1 -0.817402 -1 -0.0394 -0.542486 -0.505897 -1 -1 0.0517417 -1 -0.607994 -0.207767 -0.488456 -0.976883 -0.991744 0.375223 -0.904316 0.185981 -0.208683 0.394372 -0.889696 -0.217165 0.0238129 -0.392664 -1 0.67044 -0.395722 -0.692198 0.120491 -1 -0.478126 -1 -0.556119 -0.834131 -1 -0.836621 -0.976465 -0.734535 -0.655739 -0.145216 -1 -0.171457 -0.129922 -0.658727 -0.172652 0.37575 -0.370482 -0.603635 0.0621704 -0.529608 0.318358 -0.28287 0.223221 -0.916357 -0.0505814 -0.916125 -0.699988 0.073718 -1 
-0.597623 -0.0238947 -0.998355 0.133504 0.139538 -0.135048 -1 -0.0670994 -0.957673 -0.780048 -0.430755 0.167593 -1 -0.241944 -1 -0.912523 -0.209655 -0.993219 -1 -0.641318 -0.306136 -0.502063 0.19843 -1 -0.920024 -0.833315 -0.0457816 -0.126586 -0.900337 -0.837405 -0.229686 -0.973728 -1 -0.959511 -1 -1 -0.93085 -0.967039 -1 -0.369348 0.562446 0.0155272 -1 -0.887966 -0.117952 -0.613236 -0.0452026 -0.494006 -0.146189 -1 -0.711199 -0.941647 -0.0270765 -1 0.073465 -0.948894 -1 -1 -0.883618 -0.860105 -0.432374 0.350245 -0.627407 -0.850808 -0.0198706 -0.0740356 -0.895827 -1 0.775746 -0.498687 -1 -0.453606 -0.579231 -0.984427 -0.325234 -1 -0.150481 -1 -1 -0.942043 -0.809574 -1 -0.271713 -0.601099 -0.672335 -0.987461 -0.910902 0.131685 -1 -0.498416 0.0376169 -0.134951 -1 -0.864865 0.401437 -0.880927 0.174896 -0.431485 0.624064 -0.741103 -0.67265 -0.0436045 -0.555028 -0.938119 0.491825 -0.22813 -0.745825 -0.0297716 -0.721083 -0.66953 -1 -0.189768 -0.96018 -0.964086 -0.945865 -1 -0.248343 -0.507181 0.465153 -1 -0.22808 -0.0473686 -0.557948 0.154846 0.259081 -0.352482 -0.534075 -0.183698 -0.753451 -0.068611 -0.297302 0.110677 -0.940172 -0.0243854 -1 -0.835424 0.0888783 -0.946106 
-0.54764 -0.038816 -1 0.125301 0.255505 0.00463142 -1 -0.109279 -1 -0.636929 -0.0113536 0.392672 -0.774349 -0.233816 -1 -1 -0.209655 -0.935469 -1 -0.722057 -0.31795 -0.375267 0.19843 -1 -0.920024 -0.833315 -0.083934 0.015282 -0.782488 -0.730734 0.0457652 -0.953215 -1 -0.958006 -1 -1 -1 -1 -0.834908 -0.334109 0.567538 0.109916 -0.944379 -0.887966 0.0958777 -0.571512 -0.119944 -0.494006 0.148276 -1 -0.633229 -0.750744 -0.0270765 -1 0.358638 -0.881457 -1 -0.861692 -0.840238 -0.98557 -0.456267 0.681979 -0.716561 -0.560504 -0.039543 0.0481639 -0.944425 -1 0.702311 -0.502356 -0.787487 -0.459519 -0.0309522 -1 -0.305274 -0.776239 -0.222704 -1 -0.777942 -0.991749 -0.686211 -1 0.154953 -0.338754 -0.47884 -0.899054 -0.88027 0.347187 -1 -0.139293 -0.0471242 -0.0320613 -1 -0.894242 0.541909 -1 0.361532 -0.275164 0.828705 -0.753981 -0.35442 0.0195552 -0.436225 -0.776042 0.496303 -0.173881 -0.499086 0.303274 -0.459636 -0.485931 -1 -0.385006 -0.583564 -1 -0.833996 -1 -0.241552 -0.667252 0.461787 -1 -0.22808 -0.0732683 -0.471866 0.198864 0.366873 -0.501817 -0.534075 0.0720547 -0.291652 0.134649 -0.0819756 0.325487 -0.751899 0.132579 -1 -0.699988 0.361317 -0.946106 
-0.54764 -0.0512127 -0.917516 0.344316 0.104107 -0.292063 -0.997256 -0.0212903 -0.96685 -0.636929 -0.0808175 0.14915 -1 -0.0742667 -0.981703 -0.912497 -0.209655 -1 -1 -0.610102 -0.522671 -0.269453 0.0622613 -1 -1 -0.833315 -0.0928646 -0.102169 -0.83278 -0.638285 0.134844 -0.873233 -1 -1 -1 -1 -1 -1 -1 -0.384153 0.407733 0.132984 -1 -1 0.216884 -0.775242 -0.365462 -0.489127 0.148276 -0.964087 -0.93944 -0.651451 -0.0402173 -1 0.279848 -0.881457 -1 -1 -1 -1 -0.507148 0.227449 -0.57694 -0.697007 -0.124448 0.124324 -0.703865 -1 0.657888 -0.543773 -0.787653 -0.728562 -0.0121443 -0.929079 -0.212798 -0.786981 -0.222704 -1 -1 -1 -0.76152 -0.903614 0.0603607 -0.513355 -0.82722 -1 -1 0.196449 -1 -0.171334 0.00966977 -0.00808575 -1 -0.984657 0.488338 -0.913399 0.260339 -0.162933 0.571365 -0.866865 -0.699998 0.0668602 -0.518945 -0.909958 0.496645 -0.0791982 -0.736402 0.0404831 -0.443731 -0.621084 -1 -0.550727 -0.530523 -1 -1 -1 -0.631247 -0.591499 0.366008 -1 -0.22808 -0.0764947 -0.669715 0.0379577 0.316295 -0.358049 -0.778626 0.21954 -0.211805 -0.122748 -0.00914584 0.416181 -0.868926 -0.0816366 -1 -0.922123 0.0951589 -1 
-0.826724 0.00581378 -1 0.288262 0.255505 0.00463142 -1 -0.0212903 -0.942101 -0.877008 -0.23199 0.392672 -0.774349 -0.198619 -1 -0.912497 -0.261639 -0.937882 -1 -0.749447 -0.31795 -0.24804 -0.0258619 -0.953229 -0.931214 -1 -0.083934 -0.0145623 -0.750026 -0.958208 0.0457652 -0.873233 -1 -1 -0.958116 -1 -0.96248 -0.93972 -0.949689 -0.384153 0.567538 0.132984 -0.944379 -0.947769 0.0615693 -0.579628 -0.0781002 -0.57215 -0.121586 -1 -0.615797 -1 -0.34052 -1 0.475821 -0.998782 -1 -0.779956 -0.95783 -1 -0.636881 0.545039 -0.698109 -0.560504 0.0348157 0.134499 -0.764436 -0.93064 0.600329 -0.44366 -0.805674 -0.55136 -0.203188 -1 -0.305274 -0.776239 -0.330594 -1 -0.920369 -1 -0.749639 -1 0.154953 -0.429711 -0.473964 -0.940734 -0.88027 0.186244 -1 -0.321563 -0.0620054 -0.153743 -1 -1 0.541909 -1 0.112261 -0.118861 0.828705 -0.753981 -0.357209 0.0195552 -0.431355 -1 0.402873 -0.19303 -0.607532 0.303274 -0.356103 -0.619956 -1 -0.271052 -0.583564 -1 -0.783243 -1 -0.320707 -0.621386 0.461787 -1 -0.310045 0.0120981 -0.480622 0.0627775 0.28953 -0.354738 -0.534075 0.147922 -0.217424 0.228333 -0.0327993 0.364141 -0.752132 -0.0431916 -1 -0.628736 0.369799 -0.9191 
-0.553739 -0.038816 -0.939693 0.288262 0.255505 0.00463142 -1 -0.0212903 -0.942101 -0.636929 -0.0113536 0.392672 -0.774349 -0.233816 -1 -0.912497 -0.209655 -1 -1 -0.683792 -0.31795 -0.24804 0.0280689 -1 -0.968063 -0.833315 -0.173549 0.00589547 -0.782488 -0.730734 -0.00408763 -0.873233 -0.96217 -0.92328 -1 -1 -0.979742 -1 -0.82373 -0.384153 0.567538 0.132984 -0.944379 -0.887966 0.0958777 -0.579628 -0.255528 -0.494006 0.148276 -1 -0.672863 -0.697284 -0.0506292 -1 0.475821 -0.881457 -1 -0.812136 -0.857481 -1 -0.520381 0.497452 -0.550837 -0.560504 0.0348157 0.124324 -0.786439 -1 0.575947 -0.604884 -0.822422 -0.459519 0.0142312 -1 -0.270067 -0.739034 -0.222704 -1 -0.788453 -0.991749 -0.864475 -1 0.154953 -0.444225 -0.376424 -0.88508 -1 0.291885 -0.973515 -0.139293 0.00966977 -0.190135 -1 -1 0.541909 -1 0.353345 -0.118861 0.706204 -0.69315 -0.305764 0.0195552 -0.382855 -0.776042 0.496303 -0.0791982 -0.512841 0.303274 -0.443731 -0.549896 -1 -0.271052 -0.583564 -1 -0.825035 -1 -0.194828 -0.578689 0.461787 -1 -0.265167 -0.0732683 -0.480622 0.191797 0.366873 -0.354738 -0.650845 0.124192 -0.291652 0.134649 -0.00723916 0.364141 -0.686697 0.132579 -1 -0.73326 0.361317 -1 
-0.795624 0.084625 -1 0.0970594 0.0556784 -0.158544 -1 -0.0976316 -1 -0.823175 -0.238623 0.287605 -0.98638 -0.16728 -0.950545 -1 -0.931222 -0.975155 -1 -1 -0.337182 -0.221179 -0.395172 -1 -1 -0.902198 -0.121966 -0.0207812 -1 -0.936625 0.117055 -1 -1 -1 -1 -1 -1 -1 -1 -0.506523 0.272722 -0.0773084 -1 -1 -0.165862 -0.515011 -0.365405 -0.79849 -0.28609 -1 -0.749506 -1 -0.461837 -1 0.261408 -1 -0.936228 -0.790802 -1 -0.953735 -0.736995 0.511567 -0.610771 -1 0.0348157 0.127873 -1 -0.978146 0.622826 -0.844657 -0.952929 -0.657496 -0.408956 -1 -0.498362 -0.679571 -0.82354 -1 -0.929981 -0.967691 -0.867545 -1 0.0945542 -0.429711 -0.492881 -1 -0.964469 0.00170266 -1 -0.28597 -0.0780651 -0.530165 -1 -1 0.478693 -1 0.139153 -0.244106 0.617059 -0.82761 -0.64224 -0.00195737 -0.431355 -1 0.165063 -0.248143 -0.622047 0.195475 -0.309623 -0.828305 -1 -0.553358 -0.583564 -1 -0.994294 -1 -0.429354 -0.621386 0.389315 -1 -0.336839 -0.2396 -0.490582 -0.155383 -0.0450806 -0.478388 -0.812143 0.21736 -0.303604 -0.201121 -8.85129e-05 0.323607 -0.785547 -0.028263 -1 -0.788007 0.153702 -1 
-0.854003 0.0706952 -1 0.766696 -1 -0.578274 0.357251 -0.274223 -0.634233 -1 0.251766 -0.311199 -0.173571 -0.96185 -0.804628 -0.0807201 0.00140036 -0.765111 -0.693188 -0.0586609 -0.437607 -0.431895 0.382233 -0.783905 0.407808 -0.935037 0.622174 -1 -0.555836 -0.58236 -0.18034 -0.706417 -0.641466 -0.168253 0.394858 -1 -1 -1 -0.588495 0.917163 -0.321652 -0.501729 -0.539329 -0.13442 -0.604044 -0.273855 -0.0905762 -0.817859 -0.79311 -1 -0.0942757 -0.998486 -0.638605 -0.876372 -0.340592 -0.997267 -0.767472 -0.471528 -0.640896 0.0616519 -0.632084 -1 0.0821315 -0.0849343 -0.849249 -0.24579 -0.712305 -0.139461 -0.933412 0.358521 -0.188381 -0.453199 -0.503623 -1 0.0391559 -0.663679 0.459931 -1 -0.410162 -0.560715 -0.779032 -0.0848427 0.572156 -1 0.356268 -0.548202 -0.575254 -0.391384 0.629428 0.60809 -0.744463 -0.770951 -1 -0.273923 0.295015 -0.325008 -0.22236 0.584713 0.305566 -0.141964 -0.897828 -0.676092 -0.92392 -0.0977018 0.319509 -0.473152 -1 -0.69956 -0.84273 0.25938 0.520194 -0.915713 -0.167646 -1 -0.386524 -0.997082 -0.741146 -0.97336 -0.549589 -1 -1 -1 -0.747123 -0.725153 -0.135795 -1 -1 0.822283 0.804291 -1 -1 0.229425 0.22765 -0.980964 -0.826978 -0.27651 0.37157 0.269468 
-0.66424 -0.038816 -1 0.223025 0.255505 -0.0285979 -1 -0.294774 -0.942101 -0.859432 -0.00297072 0.392672 -0.774349 -0.233816 -0.966527 -0.912497 -0.269297 -1 -1 -0.745518 -0.297762 -0.47096 0.16483 -1 -0.883592 -1 -0.083934 -0.226217 -0.811332 -0.730734 0.0816979 -1 -0.96217 -1 -0.915467 -1 -0.996167 -1 -1 -0.353489 0.567538 0.132984 -0.944379 -0.887966 0.0958777 -0.579628 -0.119944 -0.494006 0.148276 -1 -0.633229 -0.750744 -0.160615 -0.982927 0.475821 -0.881457 -1 -0.861692 -0.840238 -0.98557 -0.739384 0.681979 -0.777926 -0.729971 0.0792671 0.0408871 -0.74202 -1 0.702311 -0.502356 -0.804831 -0.459519 0.0142312 -1 -0.305274 -0.776239 -0.308998 -1 -0.777942 -1 -0.708558 -1 0.123193 -0.243822 -0.376424 -0.848811 -0.88027 0.13327 -1 -0.130885 0.00966977 -0.0320613 -1 -1 0.488108 -0.940712 0.353345 -0.118861 0.631337 -0.753981 -0.266679 0.0195552 -0.683082 -0.709275 0.496303 -0.0791982 -0.593589 0.136449 -0.443731 -0.760514 -1 -0.271052 -0.783183 -0.933616 -0.825035 -1 -0.396191 -0.578689 0.28971 -1 -0.377492 -0.0732683 -0.578741 -0.0570297 0.366873 -0.572558 -0.534075 0.195448 -0.363785 0.134649 0.0911636 0.184959 -0.686697 -0.0784948 -0.934293 -0.792113 0.361317 -0.946106 
-0.553739 -0.038816 -0.939693 0.190228 0.185205 0.00463142 -1 -0.0212903 -0.942101 -0.632786 -0.0113536 0.392672 -0.774349 -0.233816 -1 -0.912497 -0.209655 -1 -1 -0.680263 -0.31795 -0.313905 0.0341371 -1 -0.968063 -0.833315 -0.173549 0.00589547 -0.782488 -0.730734 -0.00408763 -0.873233 -0.96217 -0.93115 -1 -1 -0.979742 -1 -0.849108 -0.384153 0.567538 0.130592 -0.944379 -0.887966 0.0958777 -0.579628 -0.255528 -0.494006 0.148276 -1 -0.672863 -0.697284 -0.0506292 -1 0.475821 -0.881457 -1 -0.812136 -0.857481 -1 -0.621671 0.489445 -0.565688 -0.560504 0.0348157 0.124324 -0.840991 -1 0.575947 -0.604884 -0.822422 -0.508712 0.0142312 -1 -0.323171 -0.739034 -0.283288 -1 -0.788453 -1 -0.953247 -1 0.154953 -0.528912 -0.376424 -0.88508 -1 0.291885 -0.973342 -0.139293 -0.0890935 -0.190135 -1 -1 0.541909 -0.969636 0.318658 -0.118861 0.68461 -0.69315 -0.305764 -0.0306356 -0.362182 -0.767879 0.496303 -0.0831533 -0.512841 0.303274 -0.443731 -0.549896 -1 -0.271052 -0.583564 -1 -0.825035 -1 -0.194828 -0.622745 0.461787 -1 -0.27853 -0.0732683 -0.481792 0.191797 0.366873 -0.447025 -0.624649 0.124192 -0.291652 0.0771114 -0.00723916 0.364141 -0.733467 0.132579 -1 -0.817176 0.385969 -0.968556 
-0.54764 -0.038816 -1 0.288262 0.255505 0.0707492 -1 -0.0212903 -1 -0.636929 -0.0113536 0.392672 -0.774349 -0.442242 -1 -0.912497 -0.209655 -1 -1 -0.816813 -0.31795 -0.24804 0.19843 -1 -1 -1 -0.083934 0.015282 -0.782488 -0.907991 -0.0642912 -0.802444 -1 -1 -1 -1 -0.996167 -1 -0.752704 -0.384153 0.567538 -0.0134461 -1 -1 0.118043 -0.579628 -0.119944 -0.498634 0.148276 -1 -0.633229 -0.750744 -0.049474 -1 0.475821 -1 -1 -0.861692 -1 -0.98557 -0.476755 0.476208 -0.550837 -0.632479 0.0348157 0.124324 -0.786439 -1 0.520218 -0.502356 -0.805674 -0.459519 -0.123265 -1 -0.305274 -0.706293 -0.399523 -1 -0.777942 -0.991749 -0.686211 -1 0.154953 -0.338754 -0.376424 -0.848811 -0.88027 0.347187 -1 -0.18972 0.00966977 -0.0320613 -1 -0.894242 0.574888 -0.996216 0.353345 -0.118861 0.59186 -0.753981 -0.305764 -0.0810142 -0.431355 -0.776042 0.496303 -0.0791982 -0.512841 0.303274 -0.388978 -0.490894 -1 -0.271052 -0.583564 -1 -0.947299 -1 -0.241552 -0.578689 0.461787 -1 -0.253598 -0.0331625 -0.708597 0.133282 0.308282 -0.354738 -0.534075 0.0330214 -0.291652 0.134649 -0.00723916 0.31103 -0.80732 -0.113098 -0.918922 -0.699988 0.361317 -0.946106 
0.494159 -0.598732 -0.203024 0.861585 0.629377 -0.743531 -0.7703 -0.160472 -0.765577 -0.372619 0.589779 0.45796 0.135784 -0.639143 0.149451 -0.509959 0.519879 -0.440879 0.700638 0.113078 0.567566 -0.880734 -0.151134 0.813351 -0.81502 0.894576 -0.782573 -0.600985 0.670984 -0.835142 -1 0.508693 -0.352254 -0.977756 -0.989579 0.815925 -1 0.514533 0.0500664 -0.0860751 0.831129 0.00767148 0.0143061 -0.772556 0.902881 -0.489187 -0.797689 0.335251 0.0859816 -0.184348 0.356513 -0.786249 -0.12267 0.461818 -0.708148 -0.60951 0.136147 -1 -0.821278 0.52261 -0.122548 0.770979 -1 -0.112607 -0.895327 0.269289 -0.463861 0.245885 0.356845 0.121968 0.701317 -1 0.251338 0.187028 -0.404684 -0.83 -0.0193129 -0.506292 -1 0.627587 -1 -0.409288 -0.735708 -0.61612 -0.320119 -1 0.938869 -0.749035 -0.377154 0.376436 -0.538495 -0.434223 -0.630414 -0.469698 0.668331 -1 -0.257219 0.294993 0.650768 -0.459586 -0.255503 0.275095 0.757865 -0.160297 -0.77448 0.43335 -0.529208 -0.165841 -0.82056 -0.834113 -0.808239 -0.164135 -0.411533 0.857792 0.311278 -0.506253 0.791957 0.725727 -0.308758 -0.316463 -0.345731 -1 -0.881268 -0.309777 -0.105106 0.653783 -0.881032 0.544518 -0.907087 -0.53513 -0.571219 0.268803 -0.816266 -1 -0.767247 0.786495 0.21682 0.731612 
0.317303 -0.690287 -0.693581 0.665766 0.661114 -1 -0.682422 -0.525551 -0.788188 -0.484137 0.524914 0.562318 0.191172 -0.914267 0.281471 -0.708174 0.0784141 -0.65296 0.450219 -0.179311 0.784432 -1 0.0492738 0.447313 -0.851702 0.564407 -0.238531 -0.503863 0.530436 -1 -1 0.0930177 -0.437704 -1 -0.979442 0.475757 -0.99159 0.150458 -0.669692 -0.087287 0.632388 -0.176804 -0.0784431 -0.434646 0.599006 -0.54913 -0.960954 0.175663 0.386642 -0.227261 0.532601 -1 -0.111065 0.459855 -0.833954 -0.55892 -0.105257 -1 -0.696087 0.428426 -0.0309369 0.401064 -1 -0.428949 -1 0.286937 -0.754999 0.0414366 -0.153088 0.101479 0.815362 -0.97078 0.0675644 0.0156223 -0.957069 -0.751884 -0.166745 -0.374866 -0.971007 0.868763 -1 -0.394273 -0.590225 -0.311543 -0.400116 -1 0.682654 -1 -0.450944 0.298884 -0.880529 -0.488101 -1 -1 0.549248 -1 -0.170447 0.46699 0.607202 -0.262746 -0.418134 0.44744 0.504651 -0.431731 -0.637659 0.341582 -0.386172 -0.374939 -0.618351 -0.969762 -0.934976 -0.67173 -0.709653 0.407905 0.764495 -0.514791 0.791957 0.235295 -0.424728 -0.42401 -0.361553 -1 -1 -0.220546 -0.331201 0.0103986 -1 0.496899 -1 -0.367662 -0.476814 -0.0338179 -0.782565 -1 -1 0.149692 0.141559 0.252113 
0.470951 -0.647102 -0.398719 0.54996 0.194147 -0.934313 -0.907327 -0.432234 -0.872228 -0.672088 0.784947 0.924218 0.236219 -0.690188 0.362982 -0.979408 0.519237 -0.332046 -0.0450544 -0.174118 0.761093 -0.768091 0.114085 0.445051 -0.992786 0.868564 -0.454019 -1 0.774965 -0.848425 -0.961964 0.31754 -0.771163 -1 -0.9469 0.652807 -1 0.158668 -0.495827 0.154875 0.330106 -0.322703 -0.0568024 -0.614524 0.72327 -0.493649 -0.703402 -0.210474 0.151846 -0.398507 0.397581 -0.967936 0.0880413 0.00608301 -0.870555 -0.565376 -0.137844 -1 -1 0.457873 -0.166812 0.558871 -1 -0.43943 -1 -0.285446 -0.569099 -0.0799044 -0.186009 -0.218866 0.427674 -0.707131 -0.38597 0.115917 -0.517351 -0.660194 0.117267 -0.599076 -0.924697 0.811052 -1 0.0267822 -0.91801 -0.426168 -0.426874 -1 0.575084 -0.871098 -1 0.677689 -0.829702 -0.622384 -0.770372 -0.721254 0.487704 -1 -0.450307 0.476456 0.527512 -0.262728 -0.22174 0.00729994 0.664296 -0.075169 -0.644353 0.215009 -0.567308 -0.220963 -0.473162 -1 -1 -0.688334 -0.448112 0.837022 0.570227 -0.779177 0.213251 0.217723 -0.846493 -0.11741 -0.181618 -0.914034 -0.779468 -0.549763 0.0629132 0.529598 -1 0.452767 -1 -0.90968 -0.793861 0.203496 -0.856874 -1 -0.897986 0.0406695 -0.152936 0.370583 
0.333967 -0.751885 -0.474135 0.48627 0.164401 -0.822158 -0.868851 -0.275746 -0.938474 -0.470239 0.885114 0.759708 0.295899 -0.491165 0.256853 -1 0.460502 -0.49763 0.152704 -0.127045 0.692645 -0.791119 0.0127141 0.607873 -0.971809 0.789817 -0.52421 -0.914578 0.696196 -0.652064 -0.817779 0.362851 -0.664414 -1 -0.995932 0.597826 -0.984176 0.250142 -0.415778 0.123653 0.642566 -0.377566 -0.0621502 -0.397319 0.696323 -0.652143 -0.712208 -0.0764406 0.302002 -0.389164 0.510183 -0.984447 0.0834991 0.0282944 -0.824903 -0.594616 -0.111739 -1 -0.849335 0.413786 -0.150334 0.604949 -0.972035 -0.543235 -0.994771 -0.239195 -0.582029 -0.0785156 -0.127128 -0.137843 0.833223 -0.798505 -0.190053 0.183428 -0.452945 -0.707316 0.0533325 -0.645585 -0.929711 0.68149 -1 -0.0438234 -0.783683 -0.161425 -0.2758 -0.999225 0.585675 -0.623682 -0.933622 0.658528 -0.829702 -0.66283 -0.747364 -0.690662 0.747171 -1 -0.334628 0.476456 0.538384 -0.279088 -0.148235 0.082398 0.532495 -0.0570079 -0.755023 0.197079 -0.510938 -0.215918 -0.545015 -1 -1 -0.43501 -0.494728 0.805493 0.496244 -0.751306 0.250858 0.255864 -0.485837 -0.0429207 -0.214821 -1 -0.821624 -0.399317 0.0271855 0.471276 -1 0.467098 -0.99672 -0.673116 -0.818315 -0.0362648 -0.936858 -0.978792 -0.842271 0.238509 -0.0833413 0.602549 
-0.54764 -0.038816 -1 0.288262 0.255505 0.0707492 -1 -0.0212903 -1 -0.636929 -0.0113536 0.392672 -0.774349 -0.442242 -1 -0.912497 -0.209655 -1 -0.99669 -0.816813 -0.302045 -0.271176 0.19843 -1 -1 -1 -0.129396 0.015282 -0.782488 -0.907991 -0.0642912 -0.819607 -1 -1 -1 -1 -0.996167 -1 -0.752704 -0.384153 0.567538 -0.0118824 -1 -1 0.118043 -0.567282 -0.119944 -0.542675 0.148276 -1 -0.633229 -0.750744 -0.049474 -1 0.475821 -1 -1 -0.861692 -0.99593 -1 -0.476755 0.476208 -0.598592 -0.672189 0.0348157 0.124324 -0.786439 -1 0.520218 -0.49204 -0.805674 -0.459519 -0.123265 -1 -0.305274 -0.720262 -0.419944 -0.991836 -0.777942 -0.991749 -0.686211 -1 0.16836 -0.339162 -0.365127 -0.836268 -0.88027 0.347187 -1 -0.18972 0.00966977 -0.0320613 -1 -0.894242 0.574888 -0.996216 0.360167 -0.170094 0.561618 -0.795334 -0.305764 -0.0810142 -0.431355 -0.787087 0.496303 -0.0791982 -0.567038 0.303274 -0.388978 -0.490894 -1 -0.271052 -0.572373 -1 -0.947299 -1 -0.241552 -0.584673 0.461787 -1 -0.253598 -0.0331625 -0.708597 0.133282 0.308282 -0.354738 -0.534075 0.0330214 -0.291652 0.134649 -9.39202e-05 0.31103 -0.816618 -0.113098 -0.918922 -0.699988 0.361317 -0.935236 
-0.588863 -0.038816 -1 0.280152 0.255505 0.00463142 -1 -0.0212903 -0.979895 -0.762477 -0.115752 0.448273 -0.792918 -0.233816 -1 -0.90526 -0.544204 -1 -1 -0.641318 -0.31252 -0.485396 0.163305 -1 -1 -1 -0.224182 0.015282 -0.873048 -0.702362 0.0150099 -0.858302 -0.96217 -0.838259 -1 -1 -0.996167 -1 -1 -0.384153 0.354722 0.0866035 -0.972781 -0.879143 0.0380343 -0.857713 -0.158079 -0.50763 0.148276 -1 -0.682128 -0.750744 -0.0223145 -1 0.474043 -0.866078 -0.939942 -0.941307 -1 -0.993156 -0.416774 0.710019 -0.822044 -0.560504 0.0348157 0.0223758 -0.830658 -1 0.437558 -0.502356 -0.991882 -0.454526 -0.274792 -1 -0.305274 -0.776239 -0.207747 -0.926696 -0.773989 -1 -0.883945 -1 -0.0645234 -0.327699 -0.376424 -0.891147 -0.855028 0.331156 -1 -0.153707 -0.0220337 -0.0751325 -1 -0.894242 0.54858 -1 0.282526 -0.118861 0.828705 -1 -0.42493 0.114991 -0.562273 -0.776042 0.522567 -0.105654 -0.549191 0.325712 -0.631561 -0.524064 -1 -0.492029 -0.842988 -1 -1 -1 -0.206425 -0.647511 0.476431 -0.958638 -0.441782 -0.0732683 -0.511431 0.191797 0.422401 -0.46201 -0.468262 -0.00879989 -0.23996 0.087447 -0.214173 0.343397 -0.752258 0.132579 -1 -0.882734 0.335638 -1 
-0.556746 -0.038816 -0.939693 0.15155 0.239284 -0.248931 -1 -0.0887141 -1 -0.638127 -0.0113536 0.392672 -0.786771 -0.259724 -1 -0.912497 -0.213054 -1 -0.938438 -0.979595 -0.31795 -0.371923 0.0280689 -1 -0.963652 -0.833315 -0.173549 0.0096485 -0.782488 -0.992228 -0.00408763 -0.873233 -1 -0.945963 -1 -1 -0.979742 -1 -0.82373 -0.384153 0.567538 0.132984 -0.975131 -0.901471 0.14862 -0.619969 -0.20821 -0.519787 0.148276 -1 -0.706028 -0.656426 -0.0685647 -0.993802 0.423569 -0.881457 -1 -0.975126 -0.795241 -1 -0.520381 0.23069 -0.808303 -0.560504 -0.22444 0.124324 -0.786439 -1 0.325526 -0.869419 -0.822422 -0.450682 0.014835 -1 -0.270067 -0.759701 -0.258262 -1 -0.788453 -1 -0.864475 -1 0.154953 -0.515372 -0.401135 -0.87906 -1 0.243807 -0.937511 -0.139293 -0.248641 -0.190135 -1 -1 0.541909 -0.998894 0.353345 -0.136439 0.761322 -0.814663 -0.377144 0.0195552 -0.333356 -0.776042 0.458098 -0.0791982 -0.512841 0.309463 -0.374265 -0.521558 -1 -0.549847 -0.512703 -1 -0.836606 -1 -0.194828 -0.529387 0.501762 -1 -0.270487 -0.0732683 -0.533767 0.191797 0.305888 -0.354738 -0.764522 0.124192 -0.291652 0.0907848 -0.00723916 0.343846 -0.754651 -0.100561 -1 -0.754215 0.361317 -1 
-1 -0.303673 -0.889102 -0.225692 -0.62443 -1 -0.517869 -0.821338 -0.579861 0.721239 -0.934978 -0.994151 0.411142 -0.528382 -0.511812 -0.89879 -0.308348 -0.151734 0.400058 0.180218 -0.42475 0.914128 -0.72721 -0.927849 0.756176 -0.762065 -0.664417 -0.0513336 -0.971713 -0.211527 -0.331753 -0.00861685 -0.0105601 0.0795967 0.607681 -0.589784 0.716539 -0.40999 0.648415 0.489674 0.482224 -0.646409 0.103676 -0.0206737 -0.0573697 0.189126 0.0808768 0.355607 0.525724 0.687563 0.471452 -0.0631265 0.846782 -0.999014 -1 -0.0211815 -0.716118 -0.829147 -1 -0.740167 0.92502 -0.337076 -0.129881 -0.916244 -0.723784 -0.156461 -0.301514 0.325359 -1 0.619981 0.47164 -0.211867 -0.645561 -0.153893 0.209056 -1 0.229047 0.172498 -0.1356 -0.0477397 0.37008 -0.103331 -0.571433 -0.151004 -0.386069 -0.371727 0.188676 0.109489 0.146545 -0.394605 -0.951893 -0.45733 -0.814123 -0.64048 -0.780604 -0.0558065 -0.635261 0.502738 -0.296118 0.710583 0.3107 0.164144 -0.277012 0.440614 -0.457676 0.615022 0.549692 0.246241 -0.331099 -0.562031 -0.137501 -1 0.508961 -0.811124 -0.372799 0.0630218 -1 0.618089 -0.536661 -0.440543 -1 -0.292207 -0.835828 -0.394152 -0.947043 -0.105619 0.222293 0.203843 -0.116487 -0.64294 -0.223364 -0.452253 0.262092 -0.406092 0.150019 -0.997548 0.384803 -0.0506823 
-0.995485 -0.662305 -0.705541 -0.241308 -0.832915 -0.991766 -0.421201 -0.993465 -0.717269 0.360123 -1 -1 0.343736 -0.826637 -0.557037 -0.986841 -0.514218 -0.362759 0.251101 -0.056479 -0.317782 0.713038 -0.785228 -0.892335 0.780771 -0.925768 -0.962666 0.132144 -1 -0.209517 -0.364067 0.0376075 -0.458384 0.312047 0.2117 -0.460024 0.521148 -0.991046 0.591361 0.874428 0.345841 -0.647034 0.025186 -0.327884 -0.28083 0.0908944 0.105748 0.278932 0.303962 0.392984 0.313053 -0.146485 0.546354 -0.92615 -1 0.0517679 -0.955499 -0.713267 -1 -1 0.669707 -0.516077 -0.316298 -0.992287 -0.991466 -0.147656 -0.37493 0.0720225 -1 0.919574 0.313697 -0.415267 -0.595619 -0.5834 0.162525 -0.823477 0.245327 0.206922 0.150875 -0.00237757 0.209936 -0.984529 -1 0.157393 -0.407089 -0.157039 -0.470914 -0.0136797 0.175553 -0.911819 -1 -0.457481 -0.641889 -0.665159 -0.777432 -0.589399 -0.898327 0.670391 -0.181853 0.513662 0.116325 0.224581 -0.134901 0.110975 -0.66516 0.282815 0.3457 -0.00354257 -0.436401 -0.4933 -0.463853 -0.950336 0.500659 -0.96861 -0.241441 0.0333319 -0.994619 0.59114 0.0569863 -0.497413 -0.995717 -0.451745 -0.755773 -0.602322 -1 -0.288179 0.358074 0.523471 -0.315758 -0.990782 -0.341458 -0.483373 0.447905 -0.352578 0.296991 -0.822586 0.0297456 -0.703351 
0.139681 -0.297287 0.357101 0.594388 0.356208 -0.090088 0.411285 0.547081 0.776258 -0.608842 -0.993741 0.627735 0.760336 -0.375512 0.345093 -0.621991 -0.972903 -0.359188 -0.541322 0.735291 -0.632778 0.118439 0.739644 0.823831 -0.403974 -0.402653 0.560869 -0.980577 0.112479 0.430324 0.331121 -0.707866 0.42121 -0.516099 -0.501092 -0.947965 0.744766 -0.883514 0.299962 -0.999596 -0.806931 -1 0.68459 -0.0329532 -0.102097 -0.501094 -0.0698327 0.0172733 -0.998418 -0.13711 -0.842697 -0.18514 -0.377286 -0.101932 -0.626752 -0.879529 -0.115318 -0.0110983 -0.837131 -0.711231 0.00375507 -1 0.521186 0.651645 0.695402 -0.00713117 -1 0.404708 0.143151 0.409641 -0.181713 0.474138 -0.167392 -0.676634 0.613665 -0.257401 -1 -0.268729 -0.753053 -1 -0.754231 -0.92936 -0.530378 0.0977212 -0.969308 0.205561 -0.677027 -0.890213 0.466117 -0.602004 0.315388 0.628199 -0.946185 0.351556 -0.171844 -0.494062 -0.0343851 0.775322 -0.51437 0.726918 -0.169992 -0.402852 0.0711549 0.0422927 0.19431 0.0566638 0.0217856 -1 0.384024 0.774454 -0.243109 -0.699268 0.211793 0.588302 -1 -0.949666 -0.573964 -0.724494 -1 -0.767494 -0.470345 0.363507 0.296362 -0.989624 0.0811832 -0.546197 -0.396037 -1 0.152116 -0.2823 -0.860177 -0.656694 0.0373893 -0.490305 -0.528243 -0.162753 -0.192701 0.478595 
-0.995816 -0.637012 -0.730002 -0.275944 -0.892776 -1 -0.349558 -1 -0.718999 0.335481 -1 -0.99543 0.369219 -0.828369 -0.56476 -1 -0.487058 -0.435789 0.239072 -0.0557471 -0.371678 0.701246 -0.793311 -0.910882 0.750767 -0.955355 -0.951258 0.106033 -1 -0.149921 -0.360508 0.0071441 -0.450318 0.276879 0.227701 -0.495275 0.521322 -1 0.582523 0.897781 0.312941 -0.634227 0.0475265 -0.324655 -0.271608 0.0684142 0.144171 0.298207 0.303962 0.35585 0.348385 -0.161375 0.555724 -0.924972 -0.99652 0.0398796 -0.999914 -0.73287 -0.998016 -1 0.649845 -0.521103 -0.321203 -1 -0.999762 -0.158817 -0.331535 0.080982 -1 0.913921 0.296708 -0.424226 -0.585716 -0.650957 0.14427 -0.869957 0.25151 0.178034 0.144622 0.0290231 0.238772 -1 -1 0.173423 -0.423847 -0.199136 -0.501471 -0.0289432 0.153633 -0.984698 -1 -0.491041 -0.632268 -0.647509 -0.773739 -0.589825 -0.967206 0.664338 -0.198482 0.499851 0.154632 0.199527 -0.187965 0.102216 -0.697503 0.238491 0.309652 0.00639712 -0.502676 -0.483338 -0.466467 -0.915313 0.491083 -0.965788 -0.270148 0.0337806 -0.998711 0.636623 0.0810631 -0.557408 -1 -0.455736 -0.765898 -0.602552 -1 -0.275736 0.34838 0.478434 -0.350904 -1 -0.341351 -0.498461 0.45407 -0.337795 0.313261 -0.800746 0.0201228 -0.700485 
-1 -0.937079 -0.71668 -0.281621 -1 -1 -0.464348 -1 -0.870722 0.326319 -1 -1 0.406142 -0.850046 -0.538643 -0.886513 -0.183726 -0.310627 0.0646016 -0.123925 -0.22419 0.453737 -1 -0.915885 0.796532 -0.907881 -0.984282 -0.136688 -1 -0.229611 -0.388174 0.029781 -0.35026 0.296948 0.301677 -0.443976 0.69686 -1 0.310083 0.947825 0.597136 -0.570585 -0.0728322 -0.367402 -0.337236 0.115583 -0.00765441 0.298821 0.16855 0.237978 0.172188 -0.211805 0.917532 -0.927817 -0.997367 -0.163682 -0.939419 -0.970572 -0.916493 -1 0.817355 -0.550794 -0.199654 -1 -1 -0.0890394 -0.464024 -0.18553 -1 0.998754 0.484184 -0.740567 -0.375801 -0.518345 -0.00882623 -1 0.216714 0.455091 0.16862 -0.206379 0.342178 -0.811789 -1 0.193239 -0.567837 -0.469201 -0.411582 -0.0382256 0.167625 -1 -1 -0.478685 -0.756739 -0.631962 -0.868091 -0.493093 -0.720707 0.538822 -0.294367 0.625909 0.199709 -0.0802404 -0.18515 0.145667 -0.586404 0.502872 0.134146 0.138087 -0.450761 -0.299402 -0.734212 -0.995302 0.492609 -0.894025 -0.386844 -0.042555 -1 0.607838 0.0762097 -0.770285 -0.996024 -0.344113 -0.707842 -0.603224 -1 -0.212924 0.356714 0.608664 -0.314974 -1 -0.088238 -0.427515 0.372257 -0.434349 0.331399 -0.813494 -0.283171 -0.92905 
-1 -0.937079 -0.624566 -0.224589 -1 -1 -0.478717 -1 -0.915853 0.185707 -0.865467 -1 0.180109 -1 -0.538643 -0.865013 -0.40223 -0.310627 0.0662287 -0.123925 -0.527738 0.243467 -1 -1 0.868261 -1 -1 -0.400052 -1 -0.44826 -0.388174 -0.197852 -0.414446 0.0951538 0.167313 -0.689934 0.387554 -1 -0.0810319 0.616367 0.476634 -0.57424 -0.2591 -0.632122 -0.462541 0.105807 -0.243627 0.290034 0.0837567 -0.0585656 0.179002 -0.411325 0.79029 -1 -1 -0.163682 -0.950694 -0.926351 -1 -1 0.691532 -0.978879 -0.352282 -1 -1 -0.0449349 -0.800001 -0.18553 -0.987384 1 0.325734 -0.906851 -0.614734 -0.518345 0.0743741 -1 0.0325189 0.455091 -0.0853445 -0.176306 0.240157 -0.774183 -1 -0.0304265 -0.567837 -0.443309 -0.426439 -0.283776 0.0565178 -1 -1 -0.595891 -0.978954 -0.602858 -1 -0.589692 -1 0.538822 -0.388486 0.365799 0.196718 -0.0802404 -0.0877892 -0.0706908 -0.933545 0.538155 0.0557167 -0.0703362 -0.749603 -0.299402 -0.734212 -1 0.436083 -0.81695 -0.390349 0.0164402 -0.981084 0.607838 -0.0677379 -0.905583 -1 -0.349444 -0.855783 -1 -1 -0.13559 0.396776 0.606133 -0.314974 -1 -0.37576 -0.375635 0.372257 -0.436122 0.247666 -0.82833 -0.475959 -0.795114 
-1 -0.957276 -0.734509 -0.251274 -0.769036 -0.997441 -0.379823 -1 -0.730732 0.221874 -1 -1 0.180447 -0.849808 -0.420691 -0.926075 -0.219397 -0.299066 -0.0133664 -0.325013 -0.562582 0.655156 -0.870111 -0.998951 0.61921 -0.801293 -0.990115 0.00836025 -0.996823 -0.501895 -0.372855 -0.00975459 -0.569948 -1.17961e-05 0.259378 -0.722963 0.652375 -0.895999 0.44018 0.876174 0.60059 -0.394003 -0.0690759 -0.562138 -0.763133 -0.150872 -0.0575656 0.227102 0.566674 0.276466 0.282692 -0.382917 0.822678 -1 -0.937539 0.000751698 -1 -1 -1 -1 0.946483 -0.951522 -0.160238 -0.995564 -0.974566 -0.243498 -0.495867 0.0831321 -1 0.588431 0.31648 -0.514126 -0.450811 -0.846538 0.0885951 -0.93171 0.226602 0.39973 0.137047 -0.242009 0.0842656 -0.944743 -1 0.163565 -0.77597 -0.314124 -0.161876 -0.050883 0.210206 -0.724634 -0.999135 -0.427158 -0.559417 -0.757937 -0.735729 -0.721206 -0.71389 0.687501 -0.324503 0.593571 0.205157 -0.180796 -0.191207 0.307616 -0.462264 0.494268 -0.0319469 0.112204 -0.444647 -0.215318 -0.560365 -0.998791 0.314389 -0.948804 -0.257819 0.202889 -1 0.634948 -0.191918 -0.503461 -0.996153 -0.442409 -0.759852 -0.809163 -0.928543 -0.200657 0.0670268 0.503372 -0.376573 -1 -0.193124 -0.632363 0.474557 -0.211882 0.139741 -0.807545 0.0830897 -0.723768 
