0.155709 0.317576 0.467403 0.486563 -0.74943 0.80987 -1 -0.198906 -0.989528 0.2656 -1 0.708719 -0.786523 0.541308 0.296565 -0.307824 -0.865156 0.194988 -0.0494214 -0.0654038 -0.954042 -0.633871 -0.730355 0.707937 -1 -0.0942429 0.15589 -1 0.502389 -0.573092 -0.513303 0.693224 -1 -0.311759 0.441763 0.732891 0.89956 -0.167765 -0.320984 0.623064 -0.815771 -0.861187 -0.624398 -0.512792 0.67733 0.163619 -0.285561 -0.0456885 -0.399876 0.676753 -0.418942 0.589368 0.209872 -0.583848 -0.438587 -0.453675 0.473153 -0.806495 0.742313 -0.516521 0.279086 0.678859 0.837143 0.187396 -0.697864 -0.229222 -0.632684 0.209648 0.213018 0.668222 0.953127 0.402605 0.781844 -0.70043 0.0681525 0.162164 -0.0919044 0.908668 0.560959 -0.132846 -0.902818 0.661065 -1 -0.873329 0.566073 0.585546 0.392973 1 -0.489239 0.631488 -1 -0.522387 -0.982045 -0.265556 -0.322681 -0.575104 -0.759181 -1 -0.814817 0.232698 0.105125 -0.742156 0.245071 -0.165152 0.264464 -0.245131 
0.155709 0.574434 0.467403 0.486563 -0.74943 0.80987 -1 -0.198906 -0.989528 0.2656 -1 0.708719 -0.786523 0.242894 0.296565 -0.307824 -0.865156 0.194988 -0.0494214 -0.0654038 -0.954042 -0.900173 -1 0.707937 -1 -0.320375 0.15589 -1 0.502389 -0.573092 -0.513303 0.693224 -1 -0.311759 0.441763 0.732891 0.325558 -1 -0.258091 0.623064 -1 -1 -0.624398 -0.854677 0.67733 -0.0326165 -0.285561 -0.0456885 -0.291833 0.0303702 -0.418942 0.589368 0.209872 -0.583848 -0.438587 -1 0.473153 -0.806495 0.742313 -1 0.279086 0.678859 0.837143 0.187396 -0.697864 -0.854621 -0.796264 0.209648 0.213018 0.668222 0.0961255 0.402605 0.733743 -1 0.0681525 0.162164 -0.0919044 0.908668 0.560959 -0.132846 -0.902818 0.271254 -1 -0.873329 0.566073 0.585546 0.392973 1 -0.489239 0.631488 -1 -1 -0.884345 -0.265556 -0.322681 -0.575104 -0.759181 -1 -0.814817 0.232698 0.250476 -0.973735 0.302382 -0.165152 0.264464 -0.245131 
-1 0.32722 0.73189 0.237609 -1 1 -1 -0.968982 -1 -0.620549 -1 0.775466 -0.786523 0.134745 0.296565 -0.878298 -0.865156 -1 -0.937623 -0.23138 -0.954042 -0.633871 -0.730355 -0.667779 -0.752103 -0.0942429 0.15589 -1 0.474798 -1 -1 0.398967 -0.704109 0.0207183 -0.497862 0.732891 0.89956 0.0660903 -0.727375 -1 -1 -0.861187 -0.481162 -0.810531 0.67733 -0.56598 -0.285561 -1 -0.399876 0.0400615 -0.437487 -0.255826 0.0342998 -0.27789 -0.913713 -0.727981 0.473153 -1 -0.22024 -0.516521 -0.0038844 0.678859 -0.174806 0.400657 -0.668839 -0.229222 -0.632684 -0.750573 0.213018 0.274122 -0.018867 -0.352637 -0.142452 -1 -0.816915 0.162164 -1 0.908668 0.338501 -1 -0.902818 0.432743 -1 -0.930508 0.566073 -0.281272 -0.214495 1 -1 0.148861 -1 -0.3372 -0.982045 -0.957549 -1 -0.385702 -0.848068 -1 -0.814817 0.232698 0.247187 -0.742156 -0.982783 -0.777944 0.157318 0.0971057 
0.834636 -0.221476 -1 -0.829157 0.907759 -0.804382 -0.900051 0.636754 -0.817775 -0.034903 -0.564356 -0.73087 -1 -1 -1 -0.883103 0.713446 -0.931778 0.279245 -1 -0.0692593 -0.797925 -1 0.354176 -0.34643 -1 -0.945486 -0.787217 -0.0221865 -0.605221 -0.624004 0.501632 -0.28718 0.722009 -1 -0.756974 0.651901 -0.799844 0.172502 -1 -1 -0.466159 -0.44325 -1 -0.354064 -1 -0.647878 -0.58496 -0.807295 -0.429553 -0.335799 -0.553156 -0.560899 -0.496225 -1 -0.829125 -0.163696 -0.553634 -1 -0.508863 -0.599616 -1 -0.260828 -1 0.305659 -0.291409 -1 -0.483226 -1 0.508779 -0.932819 -0.755665 -0.138253 0.293866 -0.159044 -1 -1 0.297525 -0.906441 -1 0.298404 -1 -0.11982 -0.296889 -1 -0.221563 -1 0.822921 0.342135 -1 -0.00449826 0.188297 -1 0.134903 0.969104 -1 -0.844868 -0.880628 -0.242319 -0.675939 -0.867057 -1 -0.956351 -1 0.889164 -1 
0.97596 -0.299609 -1 -1 0.907759 -1 -0.883071 0.636754 -1 -1 -0.564356 -0.50258 -1 -1 -1 -1 0.813644 -1 0.279245 -0.729559 0.548304 -0.797925 -1 0.267181 -0.463616 -1 -1 -0.944548 -0.134855 -1 -1 1 -0.559689 0.337211 -1 -1 0.378149 -0.253642 -0.441527 -1 -0.964814 -0.180129 -1 -0.969911 -0.207951 -0.824961 -1 0.325979 -1 -1 -0.335799 -0.190803 -0.763693 -0.722694 -0.849793 -1 -0.953689 -0.00388418 -0.457789 -0.583411 -0.599616 -0.866158 -0.0531889 -0.55376 -0.418753 -0.580781 -0.817647 -0.435361 -1 0.524079 -1 -1 -0.719907 -1 -0.0159155 -1 -0.903964 0.633378 -0.882085 -0.79234 0.298404 -0.682835 -0.559274 -0.181778 -0.977704 -0.111441 -1 0.822921 0.342135 -0.687003 -1 0.0768563 -1 0.229971 0.293023 -0.884203 -0.866023 -0.0901314 -0.242319 -0.675939 -1 -0.492494 -1 -1 0.964524 -0.485741 
0.834636 -0.299609 -1 -1 0.907759 -1 -1 0.636754 -1 -1 -0.564356 -0.75908 -1 -1 -0.845103 -1 0.813644 -1 0.279245 -1 0.0305243 -1 -1 0.267181 -1 -0.934868 -1 -0.811729 -0.580857 -0.860739 -0.869818 0.920214 -0.559689 0.337211 -1 -1 0.321825 -0.74833 -0.197359 -1 -0.964814 -0.436731 -1 -0.972029 0.366558 -0.32615 -1 0.325979 -1 -1 -0.335799 -0.190803 -0.763693 -0.722694 -1 -1 -1 -0.329404 -0.457789 -0.508863 -0.650084 -0.685134 -0.126226 -0.566576 -0.993385 -0.670955 -0.977878 -0.590198 -1 0.508779 -1 -0.941805 -0.0757333 -0.458111 -0.0159155 -0.984185 -0.903964 0.516664 -0.882085 -0.553398 0.292683 -1 -0.559274 -0.581095 -0.977704 -0.111441 -1 0.585377 0.342135 -0.935117 -1 0.224653 -1 -0.209943 0.969104 -0.96364 -0.979301 -0.0901314 -0.242319 -0.675939 -1 -0.378758 -1 -0.557851 -0.12732 -0.779479 
0.834636 -0.299609 -1 -1 0.907759 -0.888611 -1 0.636754 -1 -1 -0.564356 -0.75908 -1 -0.857593 -0.845103 -1 0.82197 -1 0.279245 -1 0.0305243 -1 -1 -0.287491 -1 -0.934868 -1 -0.811729 -0.580857 -0.860739 -0.869818 0.920214 -0.559689 0.337211 -1 -1 0.321825 -0.74833 -0.197359 -1 -0.964814 -0.54258 -1 -0.972029 0.366558 -0.57532 -1 0.325979 -1 -1 -0.335799 -0.190803 -0.763693 -0.722694 -1 -1 -1 -0.329404 -0.457789 -0.508863 -0.650084 -0.685134 -0.126226 -0.566576 -0.993385 -0.670955 -0.977878 -0.590198 -1 0.508779 -1 -0.941805 -0.295251 -0.458111 -0.0159155 -0.984185 -0.903964 0.516664 -0.882085 -0.553398 0.292683 -1 -0.559274 -0.581095 -0.977704 -0.111441 -1 0.585377 0.342135 -0.935117 -1 0.224653 -1 -0.209943 0.969104 -0.96364 -0.979301 -0.0901314 -0.242319 -0.675939 -1 -0.378758 -1 -0.557851 -0.12732 -1 
0.834636 -0.299609 -1 -1 0.907759 -0.888611 -1 0.636754 -1 -1 -0.564356 -0.75908 -1 -0.857593 -0.845103 -1 0.82197 -1 0.279245 -1 0.0305243 -1 -1 -0.287491 -1 -0.934868 -1 -0.811729 -0.580857 -0.860739 -0.869818 0.920214 -0.559689 0.337211 -1 -1 0.321825 -0.74833 -0.197359 -1 -0.964814 -0.54258 -1 -0.972029 0.366558 -0.57532 -1 0.325979 -1 -1 -0.335799 -0.190803 -0.763693 -0.722694 -1 -1 -1 -0.329404 -0.457789 -0.508863 -0.650084 -0.685134 -0.126226 -0.566576 -0.993385 -0.670955 -0.977878 -0.590198 -1 0.508779 -1 -0.941805 -0.295251 -0.458111 -0.0159155 -0.984185 -0.903964 0.516664 -0.882085 -0.553398 0.292683 -1 -0.559274 -0.581095 -0.977704 -0.111441 -1 0.585377 0.342135 -0.935117 -1 0.224653 -1 -0.209943 0.969104 -0.96364 -0.979301 -0.0901314 -0.242319 -0.675939 -1 -0.378758 -1 -0.557851 -0.12732 -1 
0.834636 -0.299609 -0.991658 -1 0.907759 -1 -1 0.636754 -1 -1 -0.564356 -1 -1 -1 -0.845103 -1 0.813644 -1 0.279245 -1 0.0305243 -1 -1 0.267181 -1 -0.934868 -1 -0.811729 -0.580857 -0.860739 -0.869818 0.920214 -0.559689 0.337211 -1 -1 0.321825 -0.74833 -0.197359 -1 -0.964814 -0.436731 -1 -1 0.366558 -0.32615 -1 0.325979 -1 -1 -0.335799 -0.190803 -0.763693 -0.722694 -1 -1 -1 -0.329404 -0.457789 -0.508863 -0.650084 -0.685134 -0.126226 -0.566576 -0.993385 -0.670955 -0.977878 -0.590198 -1 0.508779 -1 -0.941805 -0.0757333 -0.458111 -0.0159155 -0.984185 -0.903964 0.516664 -0.882085 -0.553398 0.292683 -1 -0.572486 -0.581095 -0.977704 -0.536996 -1 0.585377 0.342135 -0.935117 -0.862365 0.270994 -1 -0.209943 0.969104 -0.96364 -0.979301 -0.0901314 -0.242319 -0.675939 -1 -0.378758 -1 -0.557851 -0.12732 -0.779479 
0.834636 -0.299609 -1 -1 0.804582 -1 -0.989273 0.574032 -1 -0.911327 -0.640627 -0.75908 -1 -1 -0.872836 -1 0.813644 -1 0.279245 -1 0.0305243 -1 -1 0.267181 -1 -0.934868 -1 -0.811729 -0.580857 -0.860739 -0.869818 0.668341 -0.559689 0.492159 -1 -1 -0.0918928 -0.74833 -0.451247 -1 -0.964814 -0.649964 -1 -1 -0.0564907 -0.624969 -1 0.275996 -0.831337 -1 -0.569683 -0.57469 -0.763693 -0.87368 -1 -1 -1 -0.329404 -0.482118 -0.508863 -0.650084 -0.973814 -0.447889 -0.566576 -0.993385 -0.670955 -0.977878 -0.590198 -1 0.648294 -1 -1 -0.0757333 -0.348766 -0.249321 -0.984185 -1 0.516664 -0.916177 -1 0.292683 -1 -0.566335 -0.581095 -0.977704 -0.050607 -1 0.585377 0.118196 -0.841201 -0.918086 0.224653 -1 -0.209943 0.969104 -0.96364 -1 -0.558248 -0.140116 -0.675939 -1 -0.378758 -1 -0.557851 -0.12732 -0.779479 
0.0707448 -1 -0.857354 -0.863774 0.572661 -1 -1 -0.984142 -1 -0.704812 -0.927578 -0.704778 -1 -0.847697 -1 -1 1 -1 -0.0694933 -0.731144 0.487745 -0.76818 -1 0.125115 -0.958731 -1 -1 -0.609024 -1 -1 -1 0.327141 -0.844521 0.42323 -1 -1 0.299403 -0.643013 -0.897038 -1 -1 -0.237364 -1 -1 -0.590803 -0.32615 -0.945431 0.269905 -1 -1 -1 -0.822809 -1 -0.630719 -1 -0.832248 -0.983275 -0.995501 -0.885729 -1 -0.987279 -0.957876 -0.350975 -0.907288 0.116702 -0.392627 -1 -0.0106093 -1 0.544317 -0.87748 -0.952731 0.488035 -0.164549 -0.664516 -1 -1 -0.357628 -1 -0.865374 -0.0713056 -1 -0.239602 0.21795 -1 -1 -0.810146 1 -0.795209 -0.917776 -0.516496 -0.554142 -1 0.776421 0.657712 -1 -1 -0.385302 -0.550131 -0.615796 -0.925413 -1 -0.692608 -1 -0.599122 -1 
0.0707448 -1 -0.857354 -0.863774 0.380499 -1 -1 -0.938305 -1 -0.704812 -0.927578 -0.704778 -1 -0.847697 -1 -1 1 -1 -0.0694933 -0.731144 0.487745 -0.76818 -1 0.296341 -0.958731 -1 -1 -0.609024 -1 -1 -1 0.327141 -0.844521 0.42323 -1 -1 0.299403 -0.658263 -0.897038 -1 -1 -0.237364 -1 -1 -0.590803 -0.32615 -1 0.185744 -1 -1 -0.853364 -0.822809 -1 -0.630719 -1 -0.832248 -0.983275 -0.995501 -0.754323 -1 -0.987279 -1 -0.350975 -0.907288 0.116702 -0.607837 -1 -0.0106093 -1 0.544317 -0.87748 -0.952731 0.488035 -0.164549 -0.664516 -1 -1 -0.357628 -1 -0.865374 -0.0713056 -1 -0.239602 0.21795 -1 -1 -0.810146 1 -0.920774 -0.917776 -0.516496 -0.554142 -1 0.776421 0.657712 -1 -1 -0.385302 -0.550131 -0.615796 -0.925413 -1 -0.692608 -0.856649 -0.599122 -1 
