-0.173082 -0.490252 -0.943894 0.982895 0.893682 -0.545709 -0.414199 -0.301607 -0.125157 0.86977 -0.564467 -0.465008 0.196446 1 0.700676 -0.229924 -0.683436 -1 0.661214 -0.412755 0.318575 -0.474631 -0.399613 -0.70541 0.816248 0.415846 -0.821739 -0.534197 -1 0.936991 -1 0.677923 0.474051 0.202753 0.276934 0.464212 -0.0161288 0.527519 -0.949382 -0.845402 0.586585 -0.453241 -0.122761 -0.638234 0.815498 0.799498 0.146836 -0.135017 -0.23417 -0.487711 -0.856284 -0.47791 -1 0.692831 0.419171 0.839154 -0.0160538 0.180164 -0.384785 -0.662224 0.779609 0.915354 0.480231 0.0662546 -0.928814 -0.68136 -0.911296 0.33937 -0.055535 -0.311087 0.160546 0.183393 0.329558 0.342983 -0.185516 -0.41136 0.56055 -0.719749 -0.298451 -0.908689 0.877379 -0.118406 0.217969 -0.359383 0.0189632 -0.744873 0.484646 0.711823 0.25094 -0.596977 0.478515 0.394065 0.0410179 -0.763001 -0.0875536 0.110173 -0.262449 -0.544773 -0.437145 0.0018574 -0.400916 -0.208065 -0.51122 0.254412 0.708429 0.0809466 
-0.0597753 -0.449912 -0.943894 0.982895 0.893682 -0.603397 -0.414199 -0.301607 -0.0971482 0.86977 -0.564467 -0.465008 0.196446 1 0.700676 -0.229924 -0.683436 -1 0.661214 -0.412755 0.318575 -0.474631 -0.298271 -0.70541 0.816248 0.603291 -1 -0.745694 -1 0.936991 -1 0.677923 0.474051 0.202753 0.304592 0.464212 -0.0161288 -0.0611529 -0.949382 -1 0.586585 -0.642598 -0.122761 -0.638234 0.596342 0.799498 0.146836 -0.135017 -0.23417 -0.784622 -0.856284 -0.47791 -0.807761 0.692831 0.419171 0.411443 -0.0160538 0.180164 -0.384785 -1 0.779609 0.915354 0.480231 0.0281674 -1 -0.68136 -0.911296 0.402088 -0.089175 -0.607284 -0.0280228 0.183393 0.329558 0.342983 -0.185516 -0.41136 0.74363 -0.719749 -0.298451 -0.908689 0.877379 -0.452883 0.217969 -0.878294 -0.231068 -0.744873 0.484646 0.394673 0.25094 -0.958293 0.00416809 0.414749 0.0410179 -0.763001 -0.0875536 0.110173 -0.739421 -0.544773 -0.437145 0.0018574 -0.400916 -0.208065 -0.457162 0.254412 0.61783 0.0809466 
0.0912835 -0.877069 -0.986207 -1 0.302989 -1 -0.123998 -1 0.329547 -0.855387 -0.329568 -0.529615 -1 -0.711054 -1 -0.140841 0.459908 -0.353146 -1 0.614546 0.446042 -0.584667 -0.174927 -0.50999 0.657427 -0.686347 -0.099341 -0.703697 0.160266 -0.817723 -0.994051 -1 0.463538 -0.0860817 -0.349921 0.284934 -1 -1 -1 -0.481668 0.139571 0.929766 0.696984 -0.29499 0.0703671 -0.121581 -0.750384 0.185538 -0.814357 -1 -1 -0.725256 0.760197 -0.109653 -1 0.469209 0.448266 0.249933 -0.68023 -1 0.779073 -0.58877 -0.158173 -0.3093 -0.514036 -0.21067 -0.778945 0.302415 0.829899 -0.902036 -0.89061 0.0633941 -0.767855 -0.379925 0.177856 -0.286554 0.448645 0.0528311 0.0303959 -0.730292 0.556053 -0.11611 0.0641872 -1 -1 0.710166 -0.318474 -0.491418 -1 0.757883 -0.980701 -1 -0.663859 -0.743849 0.454193 -0.923571 -0.605904 0.0375642 0.216421 -1 -0.580092 -0.482877 -0.738272 0.0265212 0.393669 -0.910525 
0.225688 -0.0255775 0.0605202 -0.0571061 -0.475289 -0.905959 -0.808897 0.0591736 -0.658158 0.506982 -0.790701 -0.372702 -0.598441 -0.406427 -0.837456 -0.837388 -0.166954 0.80315 0.0774891 0.149681 0.816347 -0.463506 0.564352 0.778066 0.369376 0.764775 -0.465087 -0.837402 -0.702366 0.274868 -0.0202038 -0.29271 -0.573656 -0.126939 -0.935115 -0.0918738 -0.755006 0.989571 -1 -0.204053 0.177064 -1 -0.640582 -1 -0.357858 -0.791813 -0.301377 -0.41392 0.952966 0.810436 0.333249 -0.489141 -0.737913 -0.200783 -0.730983 -0.0863182 0.575941 -0.961936 0.654975 -1 -0.343164 -0.835752 0.0471219 0.124294 0.0444413 -0.11969 0.127281 0.382565 1 0.173967 -1 -1 -0.819284 0.327939 -1 -0.909804 0.470077 -0.159038 0.402235 -0.0526335 -0.37079 -0.38986 0.507855 -0.485264 -0.358294 -0.282088 -0.061142 0.460873 0.711116 -0.409572 0.0713474 -0.554322 0.0923495 0.546731 -0.70504 -0.35958 -0.710239 0.524549 -0.956536 0.204613 0.651716 0.64966 0.604113 0.0792701 0.347294 -0.839441 
0.0912835 -0.877069 -0.986207 -1 0.302989 -1 -0.123998 -1 0.329547 -0.855387 -0.329568 -0.529615 -1 -0.711054 -1 -0.140841 0.459908 -0.353146 -1 0.614546 0.446042 -0.584667 -0.174927 -0.50999 0.657427 -0.686347 -0.099341 -0.703697 0.160266 -0.817723 -0.994051 -1 0.463538 -0.0860817 -0.349921 0.284934 -1 -1 -1 -0.481668 0.139571 0.929766 0.696984 -0.29499 0.0703671 -0.121581 -0.750384 0.185538 -0.814357 -1 -1 -0.725256 0.760197 -0.109653 -1 0.469209 0.448266 0.249933 -0.68023 -1 0.779073 -0.58877 -0.158173 -0.3093 -0.514036 -0.21067 -0.778945 0.302415 0.829899 -0.902036 -0.89061 0.0633941 -0.767855 -0.379925 0.177856 -0.286554 0.448645 0.0528311 0.0303959 -0.730292 0.556053 -0.11611 0.0641872 -1 -1 0.710166 -0.318474 -0.491418 -1 0.757883 -0.980701 -1 -0.663859 -0.743849 0.454193 -0.923571 -0.605904 0.0375642 0.216421 -1 -0.580092 -0.482877 -0.738272 0.0265212 0.393669 -0.910525 
0.225688 -0.0255775 -0.0938421 -0.0571061 -0.823287 -1 -0.808897 0.0591736 -0.658158 0.506982 -1 -0.372702 -0.598441 -0.406427 -0.837456 -0.837388 -0.166954 0.80315 -0.289434 0.149681 0.816347 -0.463506 0.299157 0.778066 0.369376 0.764775 -1 -0.837402 -1 0.274868 -0.0202038 -0.29271 -0.573656 -0.403438 -0.935115 -0.0918738 -0.755006 0.989571 -1 -0.204053 0.177064 -1 -0.957084 -1 -0.357858 -0.791813 -0.301377 -0.41392 0.952966 0.810436 0.333249 -0.489141 -0.737913 -0.200783 -0.730983 -0.0863182 0.759567 -0.961936 0.654975 -1 -0.343164 -0.835752 -0.370239 -0.110913 0.0444413 -0.683567 -0.262239 0.382565 1 -0.271754 -1 -0.915219 -0.819284 0.327939 -1 -0.909804 0.470077 -0.159038 0.402235 -0.0526335 -0.37079 -0.865582 0.507855 -1 -0.358294 -0.282088 -0.061142 0.460873 0.711116 -0.409572 0.0713474 -0.554322 0.0923495 0.546731 -0.70504 -0.412432 -0.710239 0.524549 -0.939505 0.204613 0.651716 0.64966 0.604113 0.0792701 0.347294 -1 
-1 -0.0990847 0.000255704 -1 -0.629055 -1 -0.651664 0.220087 0.0551914 -0.797295 -0.270484 -0.853526 -1 0.232421 0.232533 -1 -1 0.314463 -1 -0.130852 -0.947979 -0.798998 -1 0.79465 0.588584 0.0321864 -1 0.723397 -0.369885 -0.762617 -0.971971 -0.573017 -0.00228375 -1 -0.242243 -0.446339 -1 -0.839459 -1 -1 -0.699462 -1 -0.259365 -0.92089 0.16144 -0.155376 -0.127596 -0.0329331 -0.87104 -0.279396 -1 -1 -1 -0.156667 -1 0.446672 -0.930594 1 -0.0942413 0.7475 -0.908146 -0.869829 -1 -1 -0.582424 -0.559545 -0.741732 -0.446892 -0.898895 0.167907 -0.0988792 0.234005 0.455016 -0.470409 -1 0.926814 -0.250397 0.504932 0.671944 -1 -0.758532 0.323975 -1 -0.357485 -0.0608061 -1 -0.347741 -1 -1 0.521477 -0.118469 -0.392637 0.666483 -0.659441 -1 -0.868334 -0.717234 0.530824 -1 -0.600514 0.568959 0.0721748 -0.659968 -1 -0.27226 -0.075472 
-0.789595 -0.569996 0.847179 -0.982117 -1 -1 -1 0.100536 -0.756452 -1 -0.515086 -1 -1 -0.89931 -0.780748 -1 -0.961853 0.302211 -1 0.0494736 -1 -0.761128 -1 0.639458 -0.104637 0.514201 -1 0.818889 -0.42433 -0.832726 -0.978761 -0.820775 -0.00101462 -1 -0.849385 -1 -0.718872 -1 -0.838932 -1 -0.587012 -1 -0.609979 -0.340888 -0.412985 -0.755146 -0.215569 -0.759615 -0.933339 -0.0617768 -0.578432 0.154522 -1 -0.438243 -1 -1 -1 0.599067 0.749638 -0.0878396 -1 -0.398727 -0.968618 -1 -0.494485 -0.559545 -0.644189 -1 -1 0.143144 -0.213839 0.221785 -0.49163 -1 -0.511123 0.519373 -0.840816 0.51104 -0.973605 -1 0.151365 -0.461141 -1 -0.869193 0.15517 -1 -1 -0.921368 -1 0.0353842 0.334475 -0.977517 0.536973 -1 -0.757153 -1 0.00702533 0.660313 -0.961126 -1 -0.0638691 -0.509411 -0.108545 -1 -0.980938 -0.724219 
-0.860908 -0.3476 -0.432285 -1 -0.806805 -1 -0.651664 -0.0519136 -0.210338 -1 -0.472336 -0.328392 -1 -0.0469916 -0.510961 -1 -1 0.358121 -0.940375 -0.0660354 -0.723019 -1 -1 0.40241 0.401606 0.412834 -0.929982 -0.346077 0.375499 -0.823553 -1 -0.827636 0.0828793 -0.510997 -0.994565 -0.257015 -0.73777 -0.770624 -0.774971 -0.930865 -0.699462 -0.976924 0.436728 -0.927864 -0.511851 -1 0.354252 -0.450129 -1 -0.0220636 -1 -0.250487 -1 -0.410642 -0.532455 0.046744 -1 0.816073 0.676236 0.937187 -0.908146 -1 -1 -1 -1 -0.38468 -1 -0.677128 -1 0.615468 -0.547229 -1 0.882184 -0.923593 -1 0.853401 -0.395661 0.787173 -0.380862 -1 -0.0134641 -0.761653 -1 -0.0793735 -0.124894 -0.904185 -1 -0.686991 -1 -0.675967 0.565861 -0.956035 0.627763 -0.907316 -0.527764 -1 0.298904 0.660313 -1 -1 0.42241 -0.639419 -0.767222 -1 0.0327806 -0.428329 
-1 -0.279074 0.0321618 -0.911999 -0.806805 -1 -1 0.0123985 -0.411641 -1 -0.408555 -0.626504 -1 0.247856 -0.323272 -1 -1 0.358121 -0.940375 0.00127637 -1 -1 -1 0.264753 0.00408167 0.322057 -0.975278 0.0933593 0.375499 -0.823553 -1 -0.827636 0.0828793 -1 -0.957911 -0.291937 -0.784016 -0.770624 -0.730444 -0.87097 -1 -1 0.554576 -1 -0.264672 -1 -0.633786 -0.450129 -1 -0.0220636 -1 -0.283328 -0.871316 -0.387588 -0.532455 0.0548115 -1 0.745536 0.430408 0.183405 -0.908146 -1 -1 -1 -0.652547 -0.403083 -0.888442 -0.506566 -1 0.615468 -0.0988792 -1 0.590898 -0.923593 -1 0.813511 -0.88022 -0.0177294 0.0412145 -1 -0.0960273 -0.740899 -1 -0.0654428 -0.327433 -1 -1 -0.671768 -1 -0.83739 0.635382 -0.903837 0.627763 -0.907316 -0.527764 -1 -0.366079 0.37944 -1 -1 0.42241 -1 -0.844458 -1 0.0235971 0.127836 
-0.860908 -0.3476 -0.432285 -1 -0.806805 -1 -0.651664 -0.0519136 -0.210338 -1 -0.472336 -0.328392 -1 -0.0469916 -0.510961 -1 -1 0.358121 -0.940375 -0.0660354 -0.723019 -1 -1 0.40241 0.401606 0.412834 -0.929982 -0.346077 0.375499 -0.823553 -1 -0.827636 0.0828793 -0.510997 -0.994565 -0.257015 -0.73777 -0.770624 -0.774971 -0.930865 -0.699462 -0.976924 0.436728 -0.927864 -0.511851 -1 0.354252 -0.450129 -1 -0.0220636 -1 -0.250487 -1 -0.410642 -0.532455 0.046744 -1 0.816073 0.676236 0.937187 -0.908146 -1 -1 -1 -1 -0.38468 -1 -0.677128 -1 0.615468 -0.547229 -1 0.882184 -0.923593 -1 0.853401 -0.395661 0.787173 -0.380862 -1 -0.0134641 -0.761653 -1 -0.0793735 -0.124894 -0.904185 -1 -0.686991 -1 -0.675967 0.565861 -0.956035 0.627763 -0.907316 -0.527764 -1 0.298904 0.660313 -1 -1 0.42241 -0.639419 -0.767222 -1 0.0327806 -0.428329 
