-1 1 0.415542 -0.397579 -1 -0.258008 -0.304278 1 -1 0.805834 -1 -0.679227 0.913479 -0.560832 -0.839436 -0.634865 0.130275 0.539676 -0.210476 -0.210644 0.420949 0.325854 0.844655 1 0.273763 -0.709317 0.533405 -0.946582 -0.758556 0.0192109 0.359116 0.96653 -0.422269 0.80435 -0.591354 -1 -0.0305507 -0.6919 0.315039 0.2778 -0.548338 0.69378 0.585242 -0.633936 -0.682478 0.606259 -1 -0.0908163 -0.720841 0.424961 -0.144555 0.0550704 -0.0794658 -1 -0.771643 0.0361133 -1 -0.0656697 -0.0429716 -0.45914 -1 -0.532887 0.0873836 -1 0.312289 0.549157 0.579314 0.622714 -1 0.0689049 -1 -0.835533 -1 -0.886163 -0.377812 0.491971 -0.646562 -0.308943 0.415345 0.336987 -0.683958 -1 -0.813477 -0.661651 0.0269209 0.492711 -0.271896 0.56382 -0.159993 0.011796 -0.377646 0.198724 0.16854 0.154139 -1 0.676956 -0.836656 -0.537891 0.810879 -0.189726 0.494944 -0.368581 -0.949708 0.171968 0.652147 -0.194798 -0.875031 -0.304473 -1 0.715728 0.079709 -0.460657 -0.877989 0.992279 0.981144 0.664606 -0.0277821 -1 0.883403 0.764384 -0.331766 -0.634887 -0.579302 -0.0117431 -0.833478 -1 0.89693 0.29957 0.641025 -0.108577 -1 -0.756505 -0.303558 0.614577 0.382566 0.0443822 -1 0.0461934 
-0.902195 1 0.177114 -0.386807 -1 -0.156222 -0.304278 1 -1 0.805834 -0.685279 -0.679227 -1 -0.560832 -0.629334 -0.634865 -0.0207537 0.122529 -0.658067 -1 0.228547 0.0792245 0.844655 1 -1 -1 0.533405 -1 -1 0.0192109 0.571639 0.832386 -0.422269 0.80435 -1 -1 -0.500035 -0.6919 0.0434676 0.2778 -1 0.417761 -1 -1 -0.284125 -1 -1 -1 -1 0.424961 -1 0.0550704 -0.870905 -1 -0.771643 -1 -1 -0.135974 -0.610326 -1 -1 -0.532887 0.241936 -0.500355 -0.233173 0.94059 0.579314 0.622714 -1 -0.805656 -1 -0.835533 -1 -1 -1 0.491971 -1 0.172027 0.415345 0.336987 -0.683958 -0.739834 -0.813477 -1 -0.503164 -0.471254 -0.286299 -0.130454 -0.615131 -0.513474 -0.886511 -0.379786 0.0767976 -0.769034 -1 -0.203875 -1 -0.845384 0.8229 -1 0.185172 -0.368581 -1 0.171968 0.652147 -0.201656 -1 0.0641228 -1 0.715728 -0.963581 -0.460657 -0.877989 0.992279 0.981144 0.664606 -0.240259 -1 -0.393093 -0.186069 -0.223815 -1 -1 -0.74229 -1 -1 0.89693 -0.0954864 0.409985 -0.233137 -1 -1 -0.303558 0.732645 0.382566 -0.817291 -1 -0.422393 
-0.902195 1 0.177114 -0.386807 -1 -0.156222 -0.304278 1 -1 0.805834 -0.435557 -0.679227 -1 -0.560832 -1 -0.634865 -0.0207537 0.27372 -0.658067 -1 0.228547 0.0792245 0.844655 1 -1 -1 -0.554669 -1 -1 0.364892 0.571639 0.832386 -0.422269 0.80435 -1 -0.948087 -0.500035 -0.6919 0.0434676 0.2778 -0.818061 0.417761 -1 -1 -0.284125 -1 -1 -1 -1 0.424961 -1 0.0550704 -1 -1 -0.771643 -1 -1 -0.0497891 -0.610326 -1 -1 -0.532887 0.241936 -0.500355 -0.233173 0.94059 0.579314 0.100355 -1 -0.805656 -0.854071 -1 -1 -1 -1 0.491971 -0.685838 -0.793976 0.415345 -0.499457 -0.683958 -0.739834 -1 -0.619083 -1 -0.539952 -0.286299 -0.130454 -0.615131 -0.513474 -0.886511 -0.379786 0.0767976 -0.769034 -1 -1 -1 -0.845384 -0.305028 -1 0.514781 -0.884805 -1 -0.236296 0.652147 -0.201656 -1 0.0641228 -1 0.715728 -1 -0.460657 -1 1 1 0.664606 -0.240259 -1 -0.393093 -0.186069 -0.223815 -1 -1 -0.74229 -1 -1 0.89693 -0.0954864 0.409985 -0.233137 -1 -1 -0.668521 0.74994 0.382566 -0.881305 -1 -1 
-1 0.729142 0.737581 -1 -1 -1 -0.822143 0.0720797 -1 -1 -1 -1 0.0740724 -0.739376 -0.843693 -1 0.130275 -0.162081 -0.697982 -0.382394 -0.265437 -0.377138 0.981654 1 -1 -1 0.479431 -0.778044 -1 -0.421692 -0.0195752 -0.471916 -1 -0.437632 -0.734165 -0.744174 -0.0305507 -0.550615 0.315039 -0.852595 -1 0.384499 -0.300621 -1 -1 0.577065 -0.950745 -0.588822 -1 0.424961 -0.671057 -1 -1 -0.784303 -1 -0.20961 -1 -1 -0.0385929 -1 -0.727253 -1 -1 -1 -0.492177 -0.36817 0.123511 -0.0612725 -1 -0.464509 -0.949911 -0.88516 -0.963031 -1 -1 -1 -0.86345 -0.364798 0.329686 -0.260675 -1 -1 -1 -0.916169 0.271736 -1 -0.271896 -0.865532 -0.720708 -1 -0.963153 -0.837224 -1 -1 -1 0.676956 -0.503974 -1 -1 -0.406751 -0.925669 -1 -1 0.174652 1 -0.809579 -1 -1 -0.880995 0.715728 -0.0921124 -1 -1 -0.171303 0.875527 0.308768 -0.0277821 -1 1 0.569206 -0.898777 -1 -0.905144 0.36761 -0.833478 -1 -0.756057 0.0187449 0.277078 -0.713823 -1 -1 -0.52628 -0.296974 0.165082 -1 -0.695861 0.142981 
-1 1 0.415542 -0.397579 -1 -0.258008 -0.304278 1 -1 0.805834 -1 -0.679227 0.913479 -0.560832 -0.839436 -0.634865 0.130275 0.539676 -0.210476 -0.210644 0.420949 0.325854 0.844655 1 0.273763 -0.709317 0.533405 -0.946582 -0.758556 0.0192109 0.359116 0.96653 -0.422269 0.80435 -0.591354 -1 -0.0305507 -0.6919 0.315039 0.2778 -0.548338 0.69378 0.585242 -0.633936 -0.682478 0.606259 -1 -0.0908163 -0.720841 0.424961 -0.144555 0.0550704 -0.0794658 -1 -0.771643 0.0361133 -1 -0.0656697 -0.0429716 -0.45914 -1 -0.532887 0.0873836 -1 0.312289 0.549157 0.579314 0.622714 -1 0.0689049 -1 -0.835533 -1 -0.886163 -0.377812 0.491971 -0.646562 -0.308943 0.415345 0.336987 -0.683958 -1 -0.813477 -0.661651 0.0269209 0.492711 -0.271896 0.56382 -0.159993 0.011796 -0.377646 0.198724 0.16854 0.154139 -1 0.676956 -0.836656 -0.537891 0.810879 -0.189726 0.494944 -0.368581 -0.949708 0.171968 0.652147 -0.194798 -0.875031 -0.304473 -1 0.715728 0.079709 -0.460657 -0.877989 0.992279 0.981144 0.664606 -0.0277821 -1 0.883403 0.764384 -0.331766 -0.634887 -0.579302 -0.0117431 -0.833478 -1 0.89693 0.29957 0.641025 -0.108577 -1 -0.756505 -0.303558 0.614577 0.382566 0.0443822 -1 0.0461934 
-0.902195 1 0.177114 -0.386807 -1 -1 -0.304278 0.901342 -1 0.805834 -0.435557 -0.679227 -1 -0.560832 -1 -0.634865 -0.0207537 0.27372 -0.658067 -1 0.228547 0.0792245 0.844655 1 -1 -1 -0.554669 -1 -0.832004 0.364892 0.571639 0.832386 -0.422269 0.80435 -1 -0.948087 -0.500035 -0.858554 0.0434676 0.2778 -0.818061 0.417761 -1 -1 -0.688079 -1 -1 -1 -1 0.424961 -1 0.0550704 -1 -1 -1 -1 -1 -0.0497891 -0.610326 -1 -1 -0.532887 0.241936 -0.500355 -0.233173 0.94059 0.579314 0.100355 -1 -0.805656 -0.854071 -1 -1 -1 -1 0.292253 -0.685838 -0.793976 0.415345 -0.499457 -0.683958 -0.739834 -1 -1 -1 -0.539952 -0.286299 -0.130454 -0.615131 -0.293965 -0.886511 -0.958718 0.0767976 -0.769034 -0.867815 -1 -1 -0.845384 -0.305028 -1 0.514781 -1 -1 -0.236296 0.652147 -0.201656 -1 0.0641228 -1 0.715728 -1 -0.25636 -1 1 1 0.664606 -0.240259 -1 -0.393093 -0.186069 -0.346292 -1 -1 -0.74229 -1 -1 0.89693 -0.0954864 0.409985 -0.233137 -1 -1 -0.668521 0.74994 0.382566 -0.881305 -1 -1 
-1 1 -0.86494 -0.838785 -0.838689 -1 0.167387 -0.310493 -1 -0.793118 -1 -0.363734 0.913479 -1 -1 -0.0315031 -0.872474 0.87953 -1 -1 -0.433538 -1 1 -0.797977 -1 -1 -0.344057 -1 -1 -1 -1 0.854712 -1 -0.2504 -1 -1 -0.450677 -0.790786 -0.109603 -0.750644 -0.664883 -0.516019 -0.782696 -1 -1 0.0582798 -0.500887 -1 -1 -0.858611 -0.715272 0.207177 -0.0794658 -0.918774 -0.771643 -1 -1 -1 -0.296039 -1 -1 -0.654518 0.0873836 -0.95699 0.377065 0.5958 -0.188996 -0.0977458 -1 -1 -0.681725 -1 -1 -1 -1 -0.159192 -1 -1 0.503342 -1 -1 -1 -1 -0.251927 0.196306 -1 -1 -0.56312 -0.79009 -1 -0.972749 0.0628959 -0.456818 -1 -1 -0.054939 -0.379309 -0.936722 -0.314495 -0.798112 0.0136113 -0.19696 -1 -1 -0.355781 -1 -1 -1 -1 0.715728 -1 -1 -0.491351 0.289364 0.628683 -1 -1 -0.746548 0.554412 0.308428 -0.356354 -1 -1 -1 -0.699136 -0.88221 0.291471 0.584702 -1 -0.331747 -1 -1 -1 0.513931 0.0156213 -1 -1 -0.119426 
-1 0.751797 -1 -1 -1 -1 -0.0465613 -1 -0.699394 0.342637 -0.916401 -0.23926 -0.545859 -1 -0.839436 -0.685417 -1 0.35436 -0.701561 -1 -1 -1 0.844655 1 -1 -0.299398 -0.985148 -1 -1 -0.370225 -1 1 -1 0.495692 -1 -1 -0.550601 -1 -0.419672 -0.382074 -0.905635 -0.583217 1 -0.385299 -0.682478 -0.166452 -1 -1 -0.528978 0.872384 -1 0.0550704 -1 -1 -1 -0.887881 -0.992675 -1 -0.018131 -1 -0.752568 -1 0.422689 -1 0.0646505 0.520918 -0.580327 0.968327 -1 -1 -1 -0.690923 -1 -1 -1 -0.193666 -1 -0.927592 0.479338 -0.538509 -1 -1 -0.924027 -0.928146 -0.287997 -1 -1 0.119149 -0.641753 0.011796 -1 -1 -1 -1 -1 -1 -1 -1 -1 -1 -0.239219 -0.957871 -0.866561 -1 -1 -0.127264 -1 -1 -1 -0.585951 -0.698597 -1 -1 0.992279 0.902394 -1 -0.447048 -1 0.883403 0.205724 -1 -1 -0.260636 -0.998509 -1 -1 -1 0.00894183 0.641025 -0.717887 -1 -0.756505 -0.834628 -1 0.0698092 0.102312 -1 -0.295412 
-1 -0.0256713 -0.54083 -0.631409 -1 -1 -1 -1 -1 -0.909019 -1 -0.37497 0.913479 -0.839666 -1 0.0662622 -0.627097 0.240101 -1 -0.73837 -1 -0.895148 1 -0.69867 -0.735295 -1 -0.344057 -0.997038 -1 -0.810788 -1 -0.231811 -1 -0.2504 -0.796908 -1 -0.485756 -1 -0.109603 -0.750644 -1 -0.70301 -1 -1 -1 -0.482603 -1 -1 -0.728568 -0.858611 -0.927276 -0.852179 -0.700979 -0.738225 -1 -0.78352 -1 -0.818817 -1 -0.897594 -0.824493 -0.986807 0.0873836 -1 -1 -1 -0.0936669 -1 -0.768628 -0.656234 -1 -1 -1 -1 -0.763945 -0.693386 -1 -1 -1 -1 -1 -1 -1 -0.8358 0.236552 -1 -1 -1 -0.944946 -0.0384637 -1 -0.247503 -1 -1 -0.877014 -1 -1 -0.767487 -1 -0.75574 0.0262164 -0.58433 -1 -0.691116 -0.659782 -0.604928 -1 -1 -1 -1 -1 -1 -0.491351 -0.608588 0.0226894 -0.708445 -1 -1 0.64823 -1 -0.925071 -1 -1 -0.857777 -1 -0.742654 0.291471 0.80769 0.63278 -0.532253 -1 -1 -0.691389 0.0451405 0.810007 -1 -1 -0.830356 
-0.764049 1 -0.984908 -1 -0.718562 -0.670034 -0.120775 -1 -1 0.076905 -0.611962 -1 -0.165873 -0.842024 -0.255925 -1 -1 -0.75888 -0.751103 -0.94912 -0.817278 -0.720035 0.93511 0.670079 -1 -0.299398 -1 -0.957493 -1 -0.0712532 -1 1 -0.961007 -0.326305 -1 -1 -0.550601 -1 -1 -0.883324 -1 -1 -0.639901 -0.703655 -0.682478 -0.586091 -1 -1 -1 0.22201 -1 0.0550704 -1 -1 -1 -1 -0.992675 -1 -1 -1 -1 -1 -0.541284 -0.695078 -1 0.540156 -0.482728 -0.873086 -1 -0.933399 -1 -1 -1 -1 -1 -0.608151 -1 -0.927592 0.787121 -1 -1 -1 -0.387746 -0.852135 -0.817507 -1 -1 0.0932859 -0.987574 -1 -1 -1 -1 -0.939523 -1 -1 -1 -0.870925 -1 -1 -1 -1 -0.649664 -0.714695 -1 -0.807389 -1 -1 -1 -1 -0.853864 -0.836792 -0.326249 1 1 -1 -1 -1 1 -0.31438 -0.650759 -1 -0.273503 -1 -1 -1 -1 0.439501 0.913985 -1 -1 -0.751254 -0.894852 -1 -0.397922 -0.485012 -1 -0.295412 
-1 0.720169 -1 -1 -0.73773 -1 -0.85161 -0.800322 -1 -0.986114 -1 -1 -0.956383 -1 -1 -1 -1 -1 -1 -1 -0.76564 -0.883636 0.337465 0.40835 -1 -1 -0.938952 -0.957493 -1 -1 -1 0.93333 -0.961007 0.495692 -0.713434 -1 -1 -1 -0.920538 -1 -1 -1 0.209592 0.244992 -0.87355 -0.913825 -1 -1 -1 -0.0522683 -1 -1 -1 -1 -1 -1 -1 -1 -1 -1 -0.589829 -1 0.978928 -1 -1 -1 -1 -0.210218 -1 -1 -1 -1 -1 -0.391604 -1 -1 -1 -0.534058 -1 -0.373431 -1 -1 -0.739147 -1 -1 -1 -1 -0.343192 -1 -0.544784 -1 -1 -1 -1 -0.593144 -1 -1 -0.777489 -0.354177 -0.781565 -0.986113 -1 -1 -1 -1 -1 -1 -1 -1 -1 -0.725824 -1 -1 0.625542 0.902394 -1 -0.447048 -0.768527 0.645046 -1 -1 -1 -0.273503 -1 -1 -1 -1 -1 1 -1 -0.832521 -1 -1 -1 -0.871508 0.421207 -1 -0.703657 
