-0.487079 -1 -0.755112 -0.0672945 -0.518658 0.121241 -0.134495 0.424699 0.44145 0.260773 0.537767 -0.177418 -0.784748 -0.815333 -1 -0.725354 0.1011 -0.704111 0.652295 0.826196 -0.461816 -0.728439 0.249618 -0.958572 0.0370475 -0.303037 -1 -0.631847 -0.255099 0.676733 0.18705 -0.807473 0.901352 0.10698 0.380955 0.279342 -0.907379 0.10253 -0.105934 -0.998464 0.263272 0.224612 0.531284 -1 0.199354 0.515657 -1 -0.74496 -0.53866 0.393977 -1 -0.576622 0.277226 -0.0376023 -0.0711449 -1 0.891925 -0.153092 -0.293373 -0.0358067 0.86167 0.235327 0.0485176 -0.447837 0.387117 0.876418 -1 0.00811279 -0.201055 0.348124 0.532585 0.0849656 0.556426 0.301553 -0.454446 0.76614 0.032827 -0.100162 -0.141271 -0.889944 -0.865606 0.821742 -0.928341 0.707859 0.512846 0.758612 -0.33959 -0.398897 -0.337916 0.398623 -1 -0.227109 0.128387 -0.844051 -0.593593 0.259395 0.773405 0.0269438 0.675059 -0.447485 0.53443 0.647904 0.735985 -0.195913 -0.957657 -0.659822 -0.105845 0.201975 -0.670226 0.53397 -0.973817 0.869547 0.108268 0.533157 -0.107627 -0.270511 0.123393 -0.249049 -1 -0.512521 -0.763561 -0.9456 0.637967 0.108198 -0.393012 -0.362219 -0.603848 -0.65998 -0.789674 -0.00584069 -0.559617 0.315613 0.267088 -0.238004 -1 -0.019899 0.323454 -0.153343 
-0.487079 -1 -0.755112 -0.0672945 -0.518658 0.121241 -0.134495 0.424699 0.44145 0.260773 0.537767 -0.177418 -0.784748 -0.815333 -1 -0.725354 0.1011 -0.704111 0.652295 0.826196 -0.461816 -0.728439 0.249618 -0.958572 0.0370475 -0.303037 -1 -0.631847 -0.255099 0.676733 0.18705 -0.807473 0.901352 0.10698 0.380955 0.279342 -0.907379 0.10253 -0.105934 -0.998464 0.263272 0.224612 0.531284 -1 0.199354 0.515657 -1 -0.74496 -0.53866 0.393977 -1 -0.576622 0.277226 -0.0376023 -0.0711449 -1 0.891925 -0.153092 -0.293373 -0.0358067 0.86167 0.235327 0.0485176 -0.447837 0.387117 0.876418 -1 0.00811279 -0.201055 0.348124 0.532585 0.0849656 0.556426 0.301553 -0.454446 0.76614 0.032827 -0.100162 -0.141271 -0.889944 -0.865606 0.821742 -0.928341 0.707859 0.512846 0.758612 -0.33959 -0.398897 -0.337916 0.398623 -1 -0.227109 0.128387 -0.844051 -0.593593 0.259395 0.773405 0.0269438 0.675059 -0.447485 0.53443 0.647904 0.735985 -0.195913 -0.957657 -0.659822 -0.105845 0.201975 -0.670226 0.53397 -0.973817 0.869547 0.108268 0.533157 -0.107627 -0.270511 0.123393 -0.249049 -1 -0.512521 -0.763561 -0.9456 0.637967 0.108198 -0.393012 -0.362219 -0.603848 -0.65998 -0.789674 -0.00584069 -0.559617 0.315613 0.267088 -0.238004 -1 -0.019899 0.323454 -0.153343 
-0.487079 -1 -0.775089 -0.0290528 -0.730595 0.121241 -0.134495 0.424699 0.44145 0.260773 0.548054 -0.383008 -1 -0.73035 -1 -0.802813 0.0988762 -1 0.652295 0.443314 -0.467285 -0.649563 0.240452 -1 0.117944 -0.521271 -1 -0.849246 -0.255099 0.44536 0.265924 -0.747922 0.954648 -0.158746 0.20918 0.089855 -0.849517 -0.169507 -0.366062 -1 0.237968 0.119011 0.531284 -1 0.00309245 0.372507 -1 -1 -0.492537 0.393977 -1 -0.576622 0.277226 0.0452432 -0.0273367 -0.961783 0.713285 -0.153092 -0.293373 -0.00231711 0.66159 0.235327 0.0485176 -0.510268 0.157911 0.963642 -0.92027 0.00811279 -0.370991 0.309882 0.283235 0.0849656 0.581272 0.301553 -0.679984 0.76614 0.032827 -0.279343 -0.346124 -0.889944 -0.889651 0.612282 -0.928341 0.645648 0.299657 0.758612 -0.541925 -0.490466 -0.391445 0.37245 -1 -0.475724 -0.104543 -0.939275 -0.593593 -0.00201453 0.742626 0.00636778 0.485999 -0.447485 0.2881 0.647904 0.499588 -0.195913 -0.860044 -0.526812 -0.323575 0.0565888 -0.670226 0.297479 -1 0.869547 0.108268 0.529558 -0.0210894 -0.270511 -0.048402 -0.249049 -1 -0.636975 -0.763561 -1 0.633039 0.108198 -0.370019 -0.362219 -0.755977 -0.739081 -0.822956 -0.136067 -0.559617 0.376043 0.267088 -0.489703 -1 -0.019899 0.0697211 -0.249085 
-0.691443 -1 -0.835691 -0.0672945 -0.570319 0.121241 -0.305408 0.279355 0.44145 0.10565 0.367707 -0.411459 -0.784748 -1 -1 -0.725354 0.1011 -0.704111 0.652295 0.826196 -0.461816 -0.728439 0.06378 -1 0.0370475 -0.303037 -1 -0.545228 -0.448855 0.676733 0.182547 -0.81676 0.707086 0.10698 0.370489 0.22378 -0.907379 0.194641 -0.2077 -0.9267 0.273032 0.224612 0.531284 -1 0.199354 0.307022 -1 -0.74496 -0.53866 0.202227 -0.909766 -0.576622 0.0308785 -0.0376023 -0.0711449 -1 0.891925 -0.250777 -0.565482 -0.158534 0.86167 0.000814289 -0.187708 -0.618408 0.387117 0.669854 -0.930714 0.0966654 -0.201055 0.348124 0.470463 0.0990173 0.323842 0.301553 -0.415027 0.597219 -0.0444376 -0.100162 -0.310507 -0.889944 -0.865606 0.821742 -1 0.707859 0.512846 0.77197 -0.478399 -0.398897 -0.337916 0.425212 -1 -0.227109 -0.0232605 -0.844051 -0.593593 0.259395 0.773405 0.0269438 0.675059 -0.398916 0.53443 0.647904 0.544593 -0.415622 -0.957657 -0.643643 -0.186366 0.201975 -0.812454 0.372409 -1 0.696632 0.108268 0.533157 -0.107627 -0.456328 -0.173446 -0.537468 -1 -0.538837 -1 -0.9456 0.590025 0.108198 -0.492913 -0.395299 -0.603848 -0.891258 -0.735816 -0.00584069 -0.559617 0.388552 0.0767326 -0.386917 -1 -0.019899 0.323454 -0.288371 
-0.487079 -1 -1 -0.0672945 -0.518658 0.121241 -0.134495 0.424699 0.149167 0.0243199 0.537767 -0.350266 -0.784748 -0.980842 -1 -0.725354 0.178959 -0.704562 0.652295 0.826196 -0.461816 -0.877976 0.243794 -0.958572 0.0370475 -0.382294 -1 -0.904397 -0.530304 0.609951 0.0333946 -0.807473 0.901352 -0.0503648 0.380955 0.279342 -1 0.0786227 -0.37925 -1 0.263272 0.160221 0.531284 -1 0.199354 0.515657 -1 -0.74496 -0.735668 0.393977 -1 -0.576622 0.28791 -0.0376023 -0.0711449 -1 0.701943 -0.216275 -0.293373 -0.0358067 0.705097 0.166057 -0.113546 -0.447837 0.387117 0.876418 -1 -0.231745 -0.201055 0.348124 0.455164 -0.0862934 0.556426 0.185459 -0.56403 0.60502 -0.126517 -0.100162 -0.336158 -0.889944 -0.865606 0.636183 -1 0.707859 0.512846 0.758612 -0.33959 -0.398897 -0.480185 0.234499 -1 -0.227109 0.128387 -1 -0.807784 0.259395 0.696647 -0.135906 0.675059 -0.447485 0.53443 0.682178 0.735985 -0.1191 -0.957657 -0.826298 -0.105845 0.0599772 -0.597614 0.53397 -0.968617 0.669313 0.108268 0.513654 -0.0217767 -0.539982 -0.133862 -0.249049 -1 -0.512521 -0.724797 -0.9456 0.637967 0.108198 -0.559853 -0.283134 -0.603848 -0.954369 -0.800397 -0.00584069 -0.500282 0.38562 0.267088 -0.485031 -1 -0.18098 0.415578 -0.153343 
-0.41089 -1 -0.755112 -0.0672945 -0.870392 0.121241 -0.134495 0.446524 0.44145 0.220267 0.498675 -0.360426 -0.947429 -0.915025 -1 -0.882574 0.1011 -0.852027 0.699087 0.7761 -0.382808 -0.728439 -0.11805 -1 -0.0205579 -0.523586 -1 -0.631847 -0.276722 0.676733 -0.031387 -0.792041 0.901352 0.0539667 0.380955 0.356858 -0.907379 0.10253 -0.144485 -1 -0.0162973 0.2568 0.334353 -1 0.00443547 0.354542 -1 -0.74496 -0.713991 0.450883 -1 -0.706297 0.0809079 -0.0633783 -0.519178 -0.962544 0.712154 -0.120699 -0.513748 -0.381978 0.752732 0.135255 0.0485176 -0.51842 0.387117 0.725839 -1 -0.0431138 -0.200083 0.297971 0.532585 0.0873251 0.152622 0.358989 -0.849935 0.749062 0.0564035 -0.100162 -0.141271 -0.889944 -0.794986 0.639505 -1 0.578044 0.441541 0.578976 -0.63117 -0.398897 -0.337916 0.215969 -1 -0.207805 0.128387 -0.844051 -0.593593 -0.209294 0.313349 0.0217268 0.459799 -0.643745 0.53443 0.67311 0.818295 -0.162222 -1 -0.659822 -0.118075 0.243884 -0.804956 0.317424 -1 0.851112 0.0565599 0.568292 -0.212456 -0.270511 0.125757 -0.284601 -1 -0.512521 -0.782023 -0.9456 0.637967 0.0157024 -0.393012 -0.348144 -0.631065 -0.803536 -0.789674 -0.00584069 -0.559617 0.076973 0.267088 -0.314915 -0.991247 0.063301 0.20812 -0.115286 
-0.582305 -0.968713 -0.76909 -0.0320839 -0.677497 0.0532672 -0.161818 0.262267 0.44145 -0.0244519 0.331072 -0.234897 -0.784748 -0.964898 -1 -1 -0.141768 -0.867298 0.6932 0.870578 -0.719241 -1 0.249618 -1 -0.483153 -0.554339 -1 -0.851932 -0.269238 0.315091 0.160817 -0.932503 0.844182 -0.0308215 0.449272 -0.127189 -1 0.234365 -0.534153 -1 0.189785 0.111154 0.18505 -0.986772 0.267759 0.429919 -1 -0.991236 -0.53131 0.00854 -1 -0.915467 -0.297878 -0.0376023 -0.410266 -1 0.406472 -0.559107 -0.264922 -0.0353559 0.764161 0.0337033 -0.0578316 -0.625852 0.14037 0.876418 -1 -0.311708 -0.367232 0.228967 0.532585 -0.0756132 0.591061 -0.166041 -0.959785 0.45236 -0.0513932 -0.100648 -0.47503 -0.870723 -1 0.799952 -1 0.579443 0.543022 0.426961 -0.586823 -0.768813 -0.497066 0.320158 -1 -0.513106 -0.214915 -0.791762 -0.593593 -0.0109512 0.768906 -0.133208 0.675059 -0.597133 0.53443 0.404618 0.735985 -0.581651 -1 -0.688921 -0.306897 -0.128148 -0.818884 0.139702 -1 0.869547 0.108268 0.533157 -0.393318 -0.18918 -0.0103645 -0.13748 -1 -0.550089 -0.957459 -0.861485 0.688328 -0.0290101 -0.362213 -0.667828 -1 -0.652165 -0.910828 -0.0988569 -0.873858 0.14099 0.267088 -0.408257 -1 -0.0943725 0.100848 -0.153343 
0.0292746 -0.0288655 -0.944852 0.230304 0.694359 -0.792489 0.196009 -1 0.780111 -1 -0.765138 -1 0.192972 -0.0851502 0.262341 -1 -0.918558 -1 0.345105 0.718645 -0.30415 -0.117589 -0.17087 0.546931 0.549073 0.846958 -0.306152 -1 -1 -0.817302 -0.978913 -1 -0.361936 -0.373628 -1 -0.751006 0.577226 0.0550361 -1 -1 -0.129245 -0.670782 -0.548952 0.636743 -0.835016 -0.532793 0.746619 -0.572135 -0.0515991 -0.290171 -0.557745 -0.312431 -1 -0.162896 -0.596548 0.0271166 -0.788669 0.613044 -0.411607 -0.572211 0.133453 0.00294325 -0.958756 0.470951 0.385572 -0.999641 -0.479773 0.223951 0.920524 -1 -0.632243 -1 -0.332682 -1 -0.422658 -0.238055 -0.543668 -0.312548 0.149712 -1 -0.297896 -1 -0.146405 0.0890647 -0.920234 -0.0130548 0.420349 0.360743 0.0585067 -0.443682 -0.621042 0.352475 -0.953958 -0.925063 -0.455076 -0.290377 -0.789424 -0.0265457 -0.00517242 -0.505807 0.274721 -0.00160059 -0.452828 -0.698069 -0.0603169 -0.465461 -0.221235 -0.184694 -0.345516 0.127931 -0.892449 -1 0.204804 0.272807 -0.381182 0.0823877 0.38162 -0.983064 -0.490113 -1 -0.834717 0.672621 -0.364782 0.369066 -1 -1 -1 -0.264291 0.557335 -0.140591 -0.356214 0.193641 -0.216717 0.199031 -0.608444 -0.908185 -1 -0.750581 
-0.487079 -1 -0.775089 -0.0290528 -0.692167 0.0551137 -0.318799 0.424699 0.365345 0.260773 0.548054 -0.512301 -1 -0.73035 -1 -0.802813 0.0988762 -1 0.652295 0.496074 -0.467285 -0.649563 0.240452 -1 0.0730494 -0.521271 -1 -0.849246 -0.358052 0.44536 0.265924 -0.747922 0.734991 -0.158746 0.20918 0.0248246 -0.849517 -0.169507 -0.435451 -1 0.237968 0.119011 0.531284 -1 0.00309245 0.372507 -0.994317 -1 -0.430599 0.433367 -1 -0.559612 0.277226 -0.0388897 -0.0273367 -0.998355 0.761782 -0.312738 -0.293373 -0.00231711 0.66159 0.235327 0.0485176 -0.510268 0.0822131 0.994519 -0.864943 0.00811279 -0.370991 0.357108 0.283235 -0.0959573 0.581272 0.301553 -0.845295 0.716155 0.0400276 -0.279343 -0.443058 -0.985353 -0.889651 0.612282 -0.884644 0.620015 0.299657 0.758612 -0.541925 -0.490466 -0.391445 0.37245 -1 -0.475724 -0.104543 -1 -0.593593 -0.00201453 0.749004 -0.0612732 0.485999 -0.442689 0.2881 0.578585 0.499588 -0.195913 -0.946289 -0.526812 -0.323575 0.0276298 -0.670226 0.297479 -1 0.869547 -0.0333281 0.529558 -0.0210894 -0.271672 -0.048402 -0.312111 -1 -0.636975 -0.763561 -0.983463 0.633039 0.108198 -0.424683 -0.362219 -0.755977 -0.739081 -0.822956 -0.136067 -0.507548 0.376043 0.267088 -0.489703 -1 -0.019899 0.0697211 -0.362137 
-0.487079 -1 -0.755112 -0.0672945 -0.518658 0.121241 -0.134495 0.424699 0.44145 0.260773 0.537767 -0.177418 -0.784748 -0.815333 -1 -0.725354 0.1011 -0.704111 0.652295 0.826196 -0.461816 -0.728439 0.249618 -0.958572 0.0370475 -0.303037 -1 -0.631847 -0.255099 0.676733 0.18705 -0.807473 0.901352 0.10698 0.380955 0.279342 -0.907379 0.10253 -0.105934 -0.998464 0.263272 0.224612 0.531284 -1 0.199354 0.515657 -1 -0.74496 -0.53866 0.393977 -1 -0.576622 0.277226 -0.0376023 -0.0711449 -1 0.891925 -0.153092 -0.293373 -0.0358067 0.86167 0.235327 0.0485176 -0.447837 0.387117 0.876418 -1 0.00811279 -0.201055 0.348124 0.532585 0.0849656 0.556426 0.301553 -0.454446 0.76614 0.032827 -0.100162 -0.141271 -0.889944 -0.865606 0.821742 -0.928341 0.707859 0.512846 0.758612 -0.33959 -0.398897 -0.337916 0.398623 -1 -0.227109 0.128387 -0.844051 -0.593593 0.259395 0.773405 0.0269438 0.675059 -0.447485 0.53443 0.647904 0.735985 -0.195913 -0.957657 -0.659822 -0.105845 0.201975 -0.670226 0.53397 -0.973817 0.869547 0.108268 0.533157 -0.107627 -0.270511 0.123393 -0.249049 -1 -0.512521 -0.763561 -0.9456 0.637967 0.108198 -0.393012 -0.362219 -0.603848 -0.65998 -0.789674 -0.00584069 -0.559617 0.315613 0.267088 -0.238004 -1 -0.019899 0.323454 -0.153343 
0.0241863 -0.104673 -1 0.0671586 0.538198 -0.97937 0.103288 -1 0.715927 -0.988752 -0.86663 -0.957078 -0.289908 -0.275775 0.339428 -1 -0.881437 -0.983669 0.378282 0.58733 -0.527972 -0.0826256 -0.200032 0.403609 0.18226 0.599015 -0.640211 -1 -1 -0.817302 -1 -1 -0.699512 -0.426955 -0.851857 -1 0.369436 0.0797732 -1 -0.956675 -0.214447 -0.783957 -0.738999 0.579054 -1 -0.792013 0.538998 -0.89932 -0.182929 -0.385835 -1 -0.298748 -0.910331 -0.35767 -0.724085 -0.0905107 -0.94862 0.353043 -0.54952 -0.728927 -0.0674445 -0.237545 -0.909051 0.529304 0.305929 -0.994361 -0.961229 0.00868325 0.651263 -1 -0.672841 -1 -0.305066 -1 -1 -0.495099 -0.791136 -0.268663 0.0432087 -1 -0.45148 -1 -0.423418 0.161209 -0.994963 -0.278934 0.288837 0.0345751 -0.313506 -0.780835 -0.872052 0.356056 -0.933457 -1 -0.906001 -0.53148 -0.705276 -0.0265457 -0.161881 -0.649444 0.129006 -0.10767 -0.581917 -0.810129 -0.370675 -0.541614 -0.271623 -0.191521 -0.459172 0.145142 -1 -1 0.25904 0.0472829 -0.578182 0.142198 0.336517 -1 -0.503287 -1 -1 0.614351 -0.61786 0.385072 -1 -0.998972 -1 -0.235684 0.0589863 -0.257796 -0.59037 -0.0610365 -0.379254 -0.0168933 -0.798167 -1 -1 -0.735187 
0.101297 -0.178857 -0.944852 0.322143 0.259833 -0.808349 0.161628 -1 0.559116 -1 -1 -0.937835 -0.138629 -0.289339 0.207605 -1 -0.933172 -1 0.143556 0.191279 -0.811175 -0.140692 -0.231307 0.26952 0.625269 0.427216 -0.757261 -1 -1 -0.926683 -1 -1 -0.776593 -0.322028 -1 -1 0.131972 -0.0032965 -0.944963 -1 -0.139956 -1 -0.939364 0.405049 -0.835016 -0.602223 0.807218 -0.701717 -0.0110459 -0.318084 -0.940087 -0.368509 -1 -0.3022 -0.833772 0.0610703 -1 0.194839 -0.809907 -0.786263 0.0252674 0.0199906 -1 0.603316 0.087681 -1 -0.425438 0.199799 0.764175 -0.990169 -0.846809 -1 -0.373161 -1 -0.861245 -0.232082 -0.616849 -0.771507 0.169754 -1 -0.486675 -0.933167 -0.60135 -0.342537 -1 0.0436386 0.0343393 0.160899 -0.108677 -0.261497 -0.931389 0.239019 -1 -0.744386 -0.651814 -0.420887 -1 -0.285685 -0.157052 -0.940135 0.010227 -0.0793339 -1 -0.788576 -0.109786 -0.604766 -0.305367 -0.584361 -0.480203 0.141208 -1 -0.974926 0.280855 0.161982 -0.417804 -0.105802 0.314066 -0.910567 -0.773944 -1 -0.918687 0.405517 -0.771868 0.359596 -1 -0.994133 -1 -0.199796 0.607169 -0.0655725 -0.228395 0.248349 -0.0950686 0.126431 -1 -0.948148 -1 -1 
-0.107882 -0.18628 -1 0.144141 0.556953 -0.921807 0.252755 -1 0.60767 -1 -0.825877 -0.98927 0.0324975 -0.401693 0.236413 -0.947299 -0.909931 -1 0.175347 0.191268 -0.622537 -0.212516 -0.292693 0.389923 0.560537 0.677678 -0.603892 -1 -0.994247 -0.838069 -1 -0.957643 -0.346992 -0.664757 -0.957947 -0.864019 0.52177 -0.389419 -1 -1 -0.259211 -0.891681 -0.568983 0.406472 -1 -0.468917 0.660226 -0.943913 -0.245396 -0.452092 -0.6942 -0.464878 -0.986873 -0.162896 -0.564327 0.0363928 -0.788669 0.345776 -0.411607 -0.785463 0.0731161 -0.0545401 -0.958756 0.365678 0.263579 -0.999641 -0.653165 0.223951 0.957597 -1 -0.724518 -1 -0.712944 -1 -0.357889 -0.159916 -0.799103 -0.476799 -0.000466928 -1 -0.436485 -1 -0.32223 -0.219401 -1 -0.428928 0.423278 0.371294 0.0585067 -0.700239 -1 0.371894 -0.945992 -0.909333 -0.697241 -0.272872 -1 -0.244151 -0.208954 -0.608728 -0.0979645 -0.276899 -0.399151 -0.977394 -0.162285 -0.498314 -0.476602 -0.196264 -0.639409 -0.157995 -1 -0.987754 -0.235085 0.272807 -0.798996 0.0823877 0.0734526 -1 -0.581516 -1 -0.834717 0.650264 -0.373617 0.388768 -1 -0.959963 -1 -0.40349 0.501954 -0.201528 -0.551233 0.087269 -0.401647 -0.119795 -0.725058 -1 -1 -0.88413 
-0.107882 -0.178493 -1 -0.110121 0.363511 -0.921807 0.0185443 -1 0.60767 -1 -0.825877 -0.970243 -0.0619268 -0.50972 0.164095 -0.947299 -1 -1 0.175347 0.256962 -0.622537 -0.212516 -0.290247 0.389923 0.335471 0.598995 -0.578347 -1 -1 -0.838069 -1 -1 -0.542708 -0.664757 -1 -0.955763 0.520849 -0.426399 -0.965473 -1 -0.259211 -0.780772 -0.730038 0.276415 -1 -0.414926 0.660226 -0.970684 -0.392219 -0.492184 -0.855938 -0.632748 -1 -0.162896 -0.876742 -0.35721 -0.835389 0.385224 -0.387641 -0.901829 0.104816 -0.0377013 -0.958756 0.0496845 -0.061853 -1 -0.590189 0.223951 0.999625 -1 -1 -1 -0.712944 -0.951831 -0.672547 -0.105646 -1 -0.469013 -0.0248477 -1 -0.486064 -1 -0.32223 -0.519083 -1 -0.567437 0.423278 0.371294 -0.125953 -0.898356 -1 0.289546 -1 -1 -0.89832 -0.272872 -1 -0.379882 -0.208954 -0.608728 -0.0979645 -0.351504 -0.399151 -1 -0.429173 -0.498314 -0.615549 -0.228164 -0.603516 -0.157995 -1 -1 -0.235085 0.0195381 -0.834372 0.154783 0.0734526 -1 -0.663479 -0.938573 -1 0.662798 -0.407981 0.388768 -1 -0.958264 -0.983769 -0.530944 0.48048 -0.468287 -0.678374 -0.103417 -0.679193 -0.119795 -0.725058 -1 -1 -0.957585 
-0.271147 -0.22146 -1 0.468772 0.500183 -1 -0.109595 -1 0.186114 -1 -0.934751 -1 -0.148711 -0.373316 0.213288 -1 -1 -0.956351 0.110185 0.536784 -0.503484 -0.454646 -0.39226 0.10956 0.315991 0.648352 -0.347695 -1 -0.97536 -1 -0.999151 -1 -0.465422 -0.542412 -0.893495 -1 0.64845 -0.130158 -0.911865 -1 -0.664208 -1 -0.508393 0.260968 -1 -0.913467 0.420643 -0.513032 -0.318638 -0.445312 -0.997008 -0.667848 -1 -0.463736 -0.825307 -0.0825187 -0.80542 0.587651 -0.923413 -0.686541 -0.144256 -0.198886 -0.988952 0.335449 0.0876688 -1 -0.593663 0.0734605 0.64624 -1 -0.843842 -1 -0.882656 -1 -0.4549 -0.286755 -0.66278 -0.289577 -0.287178 -1 -0.234273 -1 -0.0917917 0.240804 -1 -0.0680958 -0.108518 0.10715 -0.426874 -0.657575 -0.656672 0.229838 -0.910988 -1 -0.464585 -0.506153 -0.993512 -0.73269 -0.108632 -0.595162 0.239253 -0.353197 -0.486744 -0.861472 -0.076692 -0.672343 -0.223539 -0.620103 -0.451799 -0.0704511 -0.969027 -1 0.21014 0.0826296 -0.666008 -0.0504007 0.303478 -1 -0.762888 -1 -0.744015 0.473831 -0.464213 0.386553 -1 -1 -0.914247 -0.420582 -0.0399723 -0.267128 -0.430245 0.134112 -0.712312 -0.187335 -0.925115 -1 -0.991419 -0.884741 
-0.487079 -1 -0.775089 -0.14411 -0.812966 0.121241 -0.109352 0.401061 0.44145 0.291891 0.548054 -0.537106 -1 -0.73035 -1 -0.775932 -0.0537191 -1 0.516875 0.423208 -0.467285 -0.649563 0.0321838 -1 0.163281 -0.643892 -1 -0.990531 -0.255099 0.299071 0.317374 -0.747922 0.996729 -0.250549 0.220731 0.089855 -0.849517 -0.332183 -0.468597 -1 0.237968 0.119011 0.406188 -0.981338 -0.105488 0.372507 -1 -1 -0.492537 0.270263 -1 -0.666891 0.277226 0.000765927 -0.0273367 -0.961783 0.68926 -0.153092 -0.428448 -0.10484 0.66159 0.166286 0.0485176 -0.59435 0.157911 0.835869 -0.92027 -0.0670813 -0.413531 0.145655 0.283235 0.0849656 0.429604 0.332481 -0.839549 0.76614 0.032827 -0.294574 -0.511823 -0.889944 -0.927546 0.619314 -0.928341 0.645648 0.264289 0.769559 -0.610895 -0.488405 -0.480724 0.37245 -1 -0.677245 -0.0683204 -0.937714 -0.712937 -0.00201453 0.742626 0.0251844 0.471857 -0.471743 0.2881 0.650243 0.478487 -0.227963 -1 -0.526812 -0.365378 0.0565888 -0.670226 0.16807 -0.972156 0.869547 0.108268 0.529558 -0.0210894 -0.270511 -0.153879 -0.249049 -0.943951 -0.616833 -0.763561 -1 0.633039 0.108198 -0.520456 -0.362219 -0.755977 -0.739081 -0.934368 -0.136067 -0.658812 0.408667 0.171104 -0.629238 -1 -0.00112106 0.0169887 -0.314092 
-0.585706 -0.984297 -0.731338 -0.126269 -0.518658 0.0416166 -0.134495 0.214543 0.354793 0.125043 0.235638 -0.286609 -0.969596 -0.815333 -1 -0.837806 -0.0913089 -0.831968 0.632607 0.557632 -0.463336 -0.747869 0.249618 -1 -0.0548018 -0.514433 -1 -0.754369 -0.388553 0.284787 0.18705 -0.953215 0.759406 0.04941 0.380955 0.279342 -0.907379 -0.200231 -0.309084 -1 0.044407 0.232323 0.55123 -0.950654 0.199354 0.282546 -1 -0.771071 -0.686069 0.259127 -1 -0.624536 0.359595 -0.0376023 -0.0325253 -0.8631 0.685238 -0.371306 -0.526468 -0.0701878 0.685468 0.0349202 -0.290713 -0.447837 0.330952 0.876418 -0.904778 0.00811279 -0.358117 0.274609 0.177996 0.0532113 0.278754 0.262958 -0.59509 0.579196 -0.066 -0.368261 -0.25262 -0.845052 -0.932256 0.558405 -1 0.647961 0.522086 0.758612 -0.33959 -0.47205 -0.536415 0.398623 -1 -0.249133 0.0205638 -1 -0.543933 0.314314 0.511177 0.0269438 0.562243 -0.45858 0.386729 0.575175 0.56942 -0.257085 -1 -0.659822 -0.226906 0.257163 -0.826279 0.379908 -1 0.982524 -0.216114 0.534953 -0.200101 -0.316103 0.0442101 -0.396305 -1 -0.501831 -0.799146 -0.924444 0.297964 -0.145962 -0.36158 -0.362219 -0.700414 -0.693854 -0.789674 -0.274313 -0.775129 0.297448 0.187164 -0.311951 -1 -0.260426 0.163415 -0.520479 
-0.581688 -1 -0.824131 -0.0290528 -0.730595 0.121241 -0.201626 0.424699 0.35186 0.132094 0.447994 -0.509408 -1 -0.73035 -1 -0.920301 0.0111144 -1 0.652295 0.443314 -0.435494 -0.649563 0.240452 -1 0.117944 -0.486077 -1 -0.849246 -0.255099 0.472477 0.265924 -0.812896 0.954648 -0.231904 0.20918 0.108959 -0.849517 -0.169507 -0.397027 -1 0.144827 0.119011 0.531284 -1 0.00357414 0.372507 -1 -1 -0.595893 0.392038 -1 -0.672924 0.277226 0.0452432 -0.0273367 -0.961783 0.713285 -0.153092 -0.293373 -0.00231711 0.612451 0.115704 -0.0298916 -0.510268 0.157911 0.963642 -0.92027 0.00811279 -0.370991 0.309882 0.283235 0.0849656 0.581272 0.301553 -0.694308 0.720772 -0.0417025 -0.279343 -0.346124 -0.96896 -1 0.612282 -0.974937 0.692411 0.299657 0.622863 -0.541925 -0.582553 -0.391445 0.37245 -1 -0.475724 -0.115391 -0.939275 -0.593593 -0.00201453 0.742626 0.00636778 0.485999 -0.447485 0.2881 0.647904 0.499588 -0.269919 -0.860044 -0.526812 -0.323575 -0.0830001 -0.670226 0.297479 -1 0.869547 0.108268 0.407503 -0.0210894 -0.22181 -0.102285 -0.290331 -1 -0.634289 -0.763561 -1 0.540614 0.108198 -0.370019 -0.456589 -0.792363 -0.739081 -0.822956 -0.136067 -0.559617 0.376043 0.267088 -0.474652 -1 -0.019899 0.0697211 -0.249085 
-0.501699 -1 -0.775089 -0.165458 -0.730595 0.121241 -0.255924 0.424699 0.44145 0.260773 0.535068 -0.383008 -1 -0.689453 -1 -0.802813 0.0988762 -1 0.652295 0.429265 -0.59403 -0.638416 0.240452 -1 0.0735233 -0.526637 -1 -0.954543 -0.255099 0.411556 0.265924 -0.747922 0.818264 -0.158746 0.0706137 0.113291 -0.849517 -0.169507 -0.366062 -1 0.237968 0.131369 0.531284 -1 -0.0631799 0.372507 -1 -1 -0.492537 0.393977 -1 -0.576622 0.277226 0.0452432 -0.0273367 -1 0.653846 -0.153092 -0.401718 0.017558 0.549024 0.235327 0.0485176 -0.493754 0.157911 0.963642 -0.92027 0.0194381 -0.370991 0.309882 0.283235 0.0849656 0.44742 0.301553 -0.679984 0.76614 0.032827 -0.280951 -0.408646 -0.996334 -0.872028 0.544037 -0.928341 0.645648 0.299657 0.758612 -0.541925 -0.566505 -0.391445 0.37245 -0.960951 -0.475724 -0.175885 -0.939275 -0.593593 -0.000153758 0.742626 0.00636778 0.485999 -0.447485 0.2881 0.507675 0.499588 -0.195913 -0.860044 -0.526812 -0.323575 0.0565888 -0.647706 0.297479 -1 0.869547 0.108268 0.529558 -0.0210894 -0.270511 -0.0474757 -0.249049 -1 -0.636975 -0.763561 -1 0.568531 0.108198 -0.370019 -0.362219 -0.755977 -0.739081 -0.822956 -0.136067 -0.559617 0.376043 0.267088 -0.489703 -1 -0.019899 0.0697211 -0.333835 
-0.0829305 -0.390196 -1 0.132432 0.721144 -0.748678 0.00913587 -1 0.387661 -1 -0.969346 -1 0.182418 -0.279945 0.233454 -1 -0.875852 -1 0.190569 0.791586 -0.435633 -0.0563815 -0.202228 0.419302 0.544173 0.791196 -0.486219 -0.970106 -1 -0.940219 -0.978913 -0.963267 -0.361936 -0.479847 -1 -1 0.300452 -0.19213 -1 -1 -0.824808 -1 -0.648539 0.564415 -1 -0.605771 0.834761 -0.68466 -0.299024 -0.335931 -0.669272 -0.741574 -0.948593 -0.586063 -0.513218 -0.0772666 -1 0.613044 -0.471846 -0.607327 -0.176773 -0.62003 -0.988447 0.505849 0.189702 -0.996949 -0.827991 0.156743 1 -1 -0.800481 -0.975707 -0.305582 -1 -0.422658 -0.23356 -0.825803 -0.312548 -0.134496 -1 -0.375349 -0.985832 -0.296224 0.0319755 -1 -0.0654582 0.325055 0.176048 -0.224469 -0.557212 -0.634565 0.29827 -1 -0.930696 -0.493809 -0.355661 -1 0.01531 -0.0114477 -0.680252 0.296598 -0.0751859 -0.452828 -0.713911 -0.0603169 -0.627895 -0.151164 -0.313964 -0.552341 0.0671139 -0.953819 -1 -0.0415076 0.225223 -0.524333 0.0823877 0.324428 -0.939983 -0.551423 -1 -0.928254 0.457112 -0.374603 0.369066 -1 -1 -0.956284 -0.26392 0.465151 -0.266054 -0.598287 -0.0539557 -0.379413 0.238475 -0.718438 -0.943022 -0.991058 -0.801555 
-0.00883018 -0.31348 -1 -0.30626 0.27368 -1 -0.180592 -0.970618 0.735263 -1 -1 -0.85979 -0.0119385 -0.0248119 0.144466 -1 -1 -1 -0.0602631 0.782535 -0.647382 -0.255369 -0.323077 0.458547 0.142307 0.447417 -0.315075 -0.995067 -0.916575 -1 -0.987214 -1 -0.652158 -0.334623 -0.974525 -0.97112 0.469102 -0.216633 -0.975162 -1 -0.436144 -0.63066 -0.642589 0.332802 -1 -0.700418 0.58189 -0.782305 -0.232403 -0.290171 -0.94568 -0.468577 -0.969615 -0.449729 -1 -0.399099 -0.774221 0.547604 -0.669246 -0.869674 0.100958 -0.30644 -1 0.502949 0.294817 -1 -0.763484 -0.136859 0.645163 -1 -0.612718 -1 -0.625008 -0.979425 -0.796888 -0.803419 -0.777327 -0.847339 0.00734719 -1 -0.297896 -1 -0.150204 -0.101491 -1 0.132498 0.103388 -0.178579 0.113185 -0.533863 -0.978374 0.0813573 -1 -0.981479 -0.619726 -0.440624 -0.906047 -0.675824 0.0691928 -0.511282 -0.320136 -0.0156978 -0.512487 -0.931572 -0.156218 -0.450381 -0.553409 -0.418046 -0.949282 -0.0675705 -1 -1 -0.0339304 -0.064397 -0.449948 0.0823877 -0.0467172 -1 -0.556754 -1 -1 0.605232 -0.641125 0.47657 -0.885543 -0.848725 -0.879806 -0.517868 0.478433 -0.636565 -0.859241 0.313704 -0.184692 0.199031 -0.565509 -1 -1 -0.735908 
-0.0307015 -0.156594 -1 0.163254 0.570636 -0.888099 -0.0802851 -0.972514 0.756434 -1 -0.839006 -1 -0.12945 -0.166313 0.136149 -0.930861 -1 -1 0.444091 0.72017 -0.446823 -0.231133 -0.267213 0.507918 0.494345 0.799349 -0.281137 -1 -1 -1 -1 -1 -0.382555 -0.365686 -1 -0.828799 0.478779 0.0513595 -1 -1 -0.129245 -0.810471 -0.598783 0.596998 -0.892386 -0.654264 0.630635 -0.690568 -0.164325 -0.290171 -0.663044 -0.726897 -1 -0.294223 -0.765664 0.0146217 -0.983997 0.602696 -0.532626 -0.615013 0.237648 -0.186595 -1 0.180825 0.295195 -1 -0.460862 0.132477 0.706888 -0.966929 -0.657018 -1 -0.694931 -1 -0.602228 -0.727462 -0.590031 -0.445315 0.0902122 -1 -0.394577 -1 -0.486106 0.0267781 -0.920234 0.0180001 0.355643 0.24424 0.00321034 -0.592506 -0.89569 0.352475 -1 -0.946706 -0.41017 -0.413938 -0.963862 -0.051787 -0.393307 -0.502216 0.233872 -0.0913844 -0.418759 -0.781245 -0.0799399 -0.529549 -0.355897 -0.264139 -0.392852 0.0245919 -0.892449 -1 0.0682769 0.0680367 -0.381182 -0.147441 0.166042 -1 -0.600911 -1 -0.811867 0.426173 -0.387175 0.265162 -1 -1 -0.958835 -0.294787 0.557335 -0.140591 -0.699012 0.277133 -0.245833 0.083315 -0.599514 -1 -0.972427 -0.883552 
-0.487079 -0.967561 -0.775089 -0.14411 -0.781383 0.121241 -0.109352 0.401061 0.460034 0.215235 0.548054 -0.537106 -1 -0.733973 -1 -0.775932 -0.0537191 -1 0.516875 0.423208 -0.467285 -0.649563 0.0321838 -1 0.163281 -0.721186 -1 -0.976252 -0.255099 0.245159 0.317374 -0.747922 0.996729 -0.250549 0.220731 0.0294159 -0.849517 -0.332183 -0.468597 -1 0.237968 0.119011 0.406188 -1 -0.105488 0.372507 -1 -1 -0.492537 0.270263 -1 -0.666891 0.277226 0.000765927 -0.0273367 -0.961783 0.68926 -0.153092 -0.400938 -0.18547 0.66159 0.136745 0.0485176 -0.59435 0.0577647 0.835869 -0.92027 -0.0670813 -0.413531 0.145655 0.283235 0.0747468 0.360127 0.332481 -0.88658 0.76614 0.032827 -0.294574 -0.511823 -0.976431 -0.927546 0.528833 -0.928341 0.645648 0.264289 0.769559 -0.610895 -0.488405 -0.480724 0.297885 -1 -0.677245 -0.0683204 -0.929943 -0.712937 -0.0712831 0.742626 0.0251844 0.435609 -0.471743 0.2881 0.629785 0.501877 -0.227963 -1 -0.526812 -0.365378 0.0565888 -0.670226 0.16807 -0.972156 0.869547 0.0670537 0.529558 0.00392795 -0.270511 -0.153879 -0.249049 -0.943951 -0.616833 -0.763561 -1 0.608398 0.0515281 -0.520456 -0.362219 -0.755977 -0.739081 -0.934368 -0.136067 -0.658812 0.408667 0.171104 -0.629238 -1 -0.00112106 0.0169887 -0.314092 
-0.537805 -1 -1 -0.131513 -0.646108 0.122439 -0.375507 0.377627 0.247315 0.17009 0.477664 -0.196038 -0.909025 -0.867895 -0.986967 -0.858349 -0.112968 -0.704111 0.709634 0.808021 -0.466471 -0.728439 0.179361 -0.932987 0.0370475 -0.361598 -1 -0.64592 -0.255099 0.598162 0.18705 -0.923451 0.886783 0.10698 0.344974 0.221022 -0.904077 0.10253 -0.20926 -1 0.261287 0.0564649 0.446957 -1 0.199354 0.511694 -0.969711 -0.808015 -0.625808 0.283474 -0.976183 -0.546682 0.216278 -0.101028 -0.143203 -1 0.912123 -0.242768 -0.548799 -0.0870058 0.672399 0.221718 -0.0895792 -0.441418 0.00979244 0.787706 -1 0.0275422 -0.260843 0.348124 0.517438 -0.040106 0.556426 0.25874 -0.449558 0.76614 -0.179589 -0.250157 -0.217081 -0.912044 -0.865606 0.826016 -0.976508 0.707859 0.474649 0.575054 -0.33959 -0.476021 -0.332256 0.398623 -1 -0.255423 0.0290013 -0.826258 -0.586683 0.251382 0.719758 0.0462995 0.622638 -0.652073 0.56036 0.601565 0.73736 -0.199365 -1 -0.776855 -0.186888 0.136099 -0.666055 0.53397 -0.98458 0.755475 0.019486 0.561329 -0.0830412 -0.274167 0.0407233 -0.22293 -1 -0.593442 -0.83538 -1 0.47474 -0.0116504 -0.380367 -0.376467 -0.62805 -0.652728 -0.789674 -0.00071691 -0.587779 0.249728 0.199779 -0.327897 -1 -0.019899 0.269613 -0.204956 
-0.462592 -1 -0.80797 -0.0672945 -0.594569 0.0396643 -0.134495 0.455132 0.44145 0.250305 0.537767 -0.178881 -0.784748 -0.815333 -1 -0.899093 0.1011 -0.704111 0.736402 0.471325 -0.395712 -0.966652 0.184625 -0.864841 -0.0795937 -0.567519 -1 -0.677904 -0.600664 0.671342 0.14385 -0.807473 0.747068 0.0907684 0.380955 0.0384894 -0.907379 0.0344017 -0.121725 -1 0.165489 0.224612 0.498376 -1 0.199354 0.515657 -1 -0.715351 -0.55879 0.116223 -1 -0.576622 0.256873 -0.110334 -0.081823 -1 0.967807 -0.153092 -0.331445 -0.281894 0.874178 -0.0646569 -0.0363193 -0.641105 0.250087 0.800771 -1 0.00811279 -0.27021 0.348124 0.527634 0.0436346 0.549478 0.301553 -0.451718 0.76614 0.00258747 -0.100162 -0.360596 -1 -0.793985 0.844068 -0.912049 0.707859 0.512846 0.758612 -0.33959 -0.398897 -0.341467 0.240289 -0.996051 -0.472464 -0.15074 -0.844051 -0.593593 0.259395 0.467007 0.00479504 0.516098 -0.447485 0.53443 0.641765 0.735985 -0.139597 -0.944587 -0.659822 -0.133056 -0.0976949 -0.65157 0.493095 -1 0.962187 0.0366352 0.425004 -0.107627 -0.25901 0.0867381 -0.174795 -1 -0.498038 -0.763561 -0.9456 0.637967 -0.0359407 -0.429561 -0.425415 -0.736439 -0.65998 -0.865533 -0.281738 -0.602735 0.264645 0.127673 -0.563805 -1 -0.019899 0.212847 -0.431248 
-0.546267 -1 -0.755112 -0.169604 -0.494911 0.121093 -0.275976 0.353793 0.271798 0.176319 0.521462 -0.239772 -0.861712 -0.844041 -1 -0.841289 0.101252 -0.704111 0.56127 0.823141 -0.500881 -0.728439 0.211952 -0.964579 -0.00432135 -0.312285 -0.976304 -0.65846 -0.317574 0.594094 0.153605 -0.897053 0.863612 0.10698 0.372275 0.221744 -0.940077 0.109705 -0.154671 -0.976631 0.263272 0.154747 0.449539 -0.972898 0.21336 0.426888 -1 -0.74496 -0.679338 0.204748 -1 -0.629253 0.226387 -0.109572 -0.0983282 -0.977879 0.843219 -0.153092 -0.293373 -0.138845 0.79185 0.169893 -0.0372384 -0.467697 0.352977 0.821848 -1 -0.0747372 -0.18267 0.348124 0.484686 0.0849656 0.54272 0.245256 -0.419648 0.723677 0.0472808 -0.139188 -0.17993 -0.992773 -0.87089 0.798383 -0.917472 0.625594 0.475013 0.772941 -0.349359 -0.431502 -0.344381 0.389503 -1 -0.227109 0.128387 -0.888424 -0.593593 0.178331 0.78538 0.0526393 0.675059 -0.567503 0.53443 0.569729 0.725166 -0.195913 -1 -0.712985 -0.194348 0.24632 -0.748299 0.380889 -1 0.85243 0.108268 0.553859 -0.140674 -0.270511 0.09461 -0.249049 -1 -0.559185 -0.763561 -0.93465 0.564684 0.0669613 -0.393012 -0.371603 -0.582582 -0.745558 -0.789674 -0.085773 -0.559617 0.24726 0.226935 -0.275243 -1 -0.00691626 0.323454 -0.138226 
-0.487079 -1 -0.755112 -0.0672945 -0.518658 0.121241 -0.134495 0.424699 0.44145 0.260773 0.537767 -0.177418 -0.784748 -0.815333 -1 -0.725354 0.1011 -0.704111 0.652295 0.826196 -0.461816 -0.728439 0.249618 -0.958572 0.0370475 -0.303037 -1 -0.631847 -0.255099 0.676733 0.18705 -0.807473 0.901352 0.10698 0.380955 0.279342 -0.907379 0.10253 -0.105934 -0.998464 0.263272 0.224612 0.531284 -1 0.199354 0.515657 -1 -0.74496 -0.53866 0.393977 -1 -0.576622 0.277226 -0.0376023 -0.0711449 -1 0.891925 -0.153092 -0.293373 -0.0358067 0.86167 0.235327 0.0485176 -0.447837 0.387117 0.876418 -1 0.00811279 -0.201055 0.348124 0.532585 0.0849656 0.556426 0.301553 -0.454446 0.76614 0.032827 -0.100162 -0.141271 -0.889944 -0.865606 0.821742 -0.928341 0.707859 0.512846 0.758612 -0.33959 -0.398897 -0.337916 0.398623 -1 -0.227109 0.128387 -0.844051 -0.593593 0.259395 0.773405 0.0269438 0.675059 -0.447485 0.53443 0.647904 0.735985 -0.195913 -0.957657 -0.659822 -0.105845 0.201975 -0.670226 0.53397 -0.973817 0.869547 0.108268 0.533157 -0.107627 -0.270511 0.123393 -0.249049 -1 -0.512521 -0.763561 -0.9456 0.637967 0.108198 -0.393012 -0.362219 -0.603848 -0.65998 -0.789674 -0.00584069 -0.559617 0.315613 0.267088 -0.238004 -1 -0.019899 0.323454 -0.153343 
-0.436157 -1 -1 -0.0697578 -0.700013 -0.22543 -0.0944511 0.443509 0.474829 0.260773 0.42718 -0.425352 -0.856062 -0.826324 -1 -0.952989 0.20058 -0.837731 0.625491 0.665298 -0.542905 -0.962224 -0.253508 -1 0.0963564 -0.345049 -0.989118 -0.67004 -0.37901 0.681027 0.0670077 -1 0.714965 0.0593658 0.238926 0.0222924 -1 -0.241927 -0.069444 -1 0.263272 0.145143 0.576029 -1 -0.0946231 0.290117 -0.885908 -0.74496 -0.726334 0.393977 -1 -0.801088 0.255782 -0.0472021 -0.328496 -0.978158 0.579022 -0.54285 -0.293373 -0.230635 0.85939 0.177684 -0.11635 -0.515659 0.386533 0.90791 -1 0.00676794 -0.0276492 0.209974 0.514597 0.0797868 0.566296 0.15663 -0.3711 0.740346 -0.0785841 -0.236639 -0.381117 -1 -1 0.567393 -0.928341 0.694265 0.512846 0.639451 -0.456401 -0.398897 -0.471242 0.243468 -0.860884 -0.486059 0.102677 -1 -0.577523 0.270488 0.702345 -0.241637 0.666227 -0.511698 0.524377 0.371494 0.630338 -0.267952 -1 -0.646363 -0.420887 -0.159607 -0.772001 0.532228 -0.933881 0.7034 -0.205834 0.620862 -0.116973 -0.235088 -0.0719002 -0.249049 -1 -0.528882 -0.910504 -0.973165 0.644259 0.112925 -0.405828 -0.373869 -0.612952 -0.732922 -0.981019 0.00935058 -0.559617 0.31884 0.24868 -0.281223 -1 -0.16028 -0.334251 -0.485309 
0.0322006 -0.170735 -1 0.213916 0.418882 -0.80066 0.0784768 -1 0.21847 -1 -0.959999 -1 0.171791 -0.383889 0.161656 -1 -1 -1 0.266969 0.697334 -0.328193 -0.0247635 -0.733698 0.611818 0.307735 0.738498 -0.26625 -1 -1 -0.990021 -0.979685 -1 -0.601594 -0.44971 -1 -0.964344 0.6467 0.0449957 -0.956882 -1 -0.131083 -0.91645 -0.555759 0.465673 -1 -0.674118 0.590972 -0.598262 -0.229638 -0.547659 -0.817714 -0.581235 -1 -0.345961 -0.596548 -0.256887 -0.938346 0.309185 -0.923407 -0.566068 -0.00261787 0.00139068 -1 -0.101332 0.141665 -1 -0.787714 0.160044 0.663322 -0.994998 -0.627426 -0.986879 -0.562733 -1 -0.422658 -0.235116 -0.805584 -0.310352 -0.0273159 -1 -0.300855 -1 -0.485832 0.0160062 -0.994655 -0.28871 0.281456 0.315819 -0.175251 -0.443682 -0.646048 0.123685 -0.903348 -1 -0.440663 -0.36546 -1 -0.448436 -0.271329 -0.512199 0.253172 -0.0770524 -0.542417 -0.845169 -0.299954 -0.465461 -0.209603 -0.186963 -0.680605 0.137384 -1 -1 0.272356 0.103354 -0.427527 0.120982 0.204436 -1 -0.76703 -1 -0.992872 0.545652 -0.514596 0.326694 -0.994673 -0.995358 -1 -0.298599 0.497229 -0.197155 -0.319497 0.170765 -0.1863 -0.0969396 -0.589411 -0.924651 -1 -0.774382 
0.0292746 -0.23247 -1 0.165334 0.415051 -0.774711 0.0824005 -0.996518 0.483093 -1 -1 -1 0.162988 -0.12632 0.147608 -1 -0.933016 -0.970952 0.279774 0.703614 -0.361479 -0.109423 -0.404707 0.571453 0.437532 0.744738 -0.37557 -1 -1 -0.900499 -1 -0.98726 -0.462088 -0.522988 -0.947355 -0.975764 0.653678 0.0300898 -1 -0.996619 -0.131083 -0.962055 -0.555759 0.483612 -1 -0.761784 0.536247 -0.656145 -0.234574 -0.538331 -0.816361 -0.370048 -1 -0.338492 -0.596548 -0.0209717 -1 0.260226 -0.743203 -0.667516 0.043779 -0.0197804 -1 0.187576 0.179125 -0.990306 -0.678009 0.11217 0.867543 -1 -0.689733 -1 -0.515532 -1 -0.41625 -0.237123 -0.836804 -0.366066 0.0333349 -1 -0.244213 -1 -0.316188 -0.022542 -0.985269 -0.332877 0.319982 0.291098 -0.259953 -0.520633 -0.676827 0.124249 -0.959272 -1 -0.475746 -0.313972 -0.977344 -0.114771 -0.248603 -0.480839 0.192846 -0.0733402 -0.545711 -0.670631 -0.118891 -0.488874 -0.195925 -0.186963 -0.613133 0.0697064 -1 -1 0.324665 0.0911077 -0.501279 0.0272008 0.284935 -1 -0.471604 -0.906397 -1 0.503168 -0.523773 0.31673 -0.990467 -0.986411 -1 -0.272117 0.391669 -0.21813 -0.358002 0.176354 -0.180289 0.199031 -0.634688 -0.938391 -1 -0.842241 
-0.0944187 -0.322839 -1 0.144195 0.380107 -0.807695 0.146669 -0.995753 0.494508 -1 -1 -0.988256 0.110342 -0.156505 0.138831 -0.985236 -0.846699 -0.928934 0.173895 0.650464 -0.298445 -0.0217302 -0.41656 0.55769 0.487877 0.666955 -0.29909 -1 -1 -0.803128 -0.980205 -1 -0.453073 -0.439329 -0.940454 -0.882765 0.567539 0.0154919 -0.984167 -1 -0.187163 -0.943821 -0.656932 0.54192 -1 -0.769005 0.465621 -0.753993 -0.40216 -0.50839 -0.904777 -0.378109 -0.978331 -0.306452 -0.604307 0.0114582 -1 0.242985 -0.737754 -0.646304 0.0545285 0.0108171 -1 0.15217 0.165027 -1 -0.683434 0.127317 0.896911 -0.99815 -0.691704 -1 -0.449883 -1 -0.477416 -0.237128 -0.817971 -0.306005 0.0991639 -0.993498 -0.314013 -1 -0.20041 0.0153181 -0.989896 -0.328967 0.319982 0.30496 -0.165732 -0.527606 -0.711159 0.0701246 -0.904993 -1 -0.441205 -0.359405 -1 -0.153092 -0.371008 -0.43023 0.165316 -0.0576086 -0.573839 -0.72958 -0.103478 -0.546312 -0.217686 -0.1833 -0.641773 0.138264 -1 -1 0.314982 0.0922436 -0.499757 0.0927589 0.304743 -1 -0.508595 -0.974151 -0.989569 0.567716 -0.50774 0.31284 -1 -1 -0.986098 -0.362411 0.442072 -0.197732 -0.364025 0.161631 -0.202359 0.141871 -0.65953 -0.973343 -0.993421 -0.788224 
-0.550678 -0.150939 -0.900995 0.0405365 0.349745 -0.853087 -0.0825377 -1 0.204888 -0.988773 -0.902966 -1 -0.161266 -0.172484 -0.0533827 -1 -1 -0.984888 0.113157 0.58811 -0.351912 -0.442867 -0.36781 0.190262 0.331526 0.697061 -0.52953 -1 -0.995665 -1 -1 -1 -0.655698 -0.586664 -0.995906 -0.910709 0.45099 -0.160168 -0.998009 -1 -0.483062 -0.999028 -0.593963 0.308557 -0.919655 -0.764193 0.49887 -1 -0.207903 -0.380475 -1 -0.452581 -0.976116 -0.542418 -0.607389 -0.00918077 -0.850147 0.554932 -0.804402 -0.634583 -0.0294691 -0.208985 -1 0.232383 0.404293 -1 -0.600039 0.192744 0.759368 -1 -0.642846 -1 -0.543861 -0.994532 -0.437559 -0.392553 -0.791421 -0.673137 0.0562437 -0.987459 -0.361426 -1 -0.472888 0.0733368 -0.983685 -0.102335 0.42839 0.0341516 -0.210175 -0.731422 -0.656437 0.275174 -1 -0.997758 -0.512885 -0.279258 -1 0.0155447 -0.182977 -0.478751 0.226373 -0.196355 -0.665015 -0.970593 -0.17044 -0.543374 -0.170917 -0.46848 -0.47644 0.0823056 -1 -0.988232 0.153883 -0.144363 -0.44038 0.0227282 0.443193 -0.980634 -0.856796 -1 -0.992165 0.62995 -0.624564 0.216324 -1 -0.972494 -1 -0.251353 0.406728 -0.258742 -0.494281 0.0966231 -0.261067 0.0214985 -0.874009 -1 -0.982506 -1 
0.0116901 -0.143966 -0.963601 0.201672 0.767314 -1 0.137492 -0.99482 0.593086 -0.997677 -0.773578 -1 0.148915 -0.147604 0.0724966 -1 -1 -0.972881 0.306282 0.700218 -0.357397 -0.140873 -0.163212 0.551335 0.251605 0.864395 -0.314349 -1 -1 -0.83309 -1 -1 -0.405799 -0.410059 -0.999948 -0.751006 0.555963 0.0186997 -1 -1 -0.129245 -0.692399 -0.754748 0.63164 -0.849424 -0.499375 0.710591 -0.590114 -0.0467857 -0.296783 -0.609389 -0.262578 -1 -0.302885 -0.596548 -0.119554 -1 0.576596 -0.354942 -0.602347 -0.06748 -0.100315 -0.97765 0.475713 0.372874 -1 -0.514446 0.193512 0.904157 -1 -0.632243 -1 -0.396198 -0.992186 -0.425445 -0.245447 -0.639196 -0.255435 -0.054746 -0.995649 -0.538626 -1 -0.140323 0.128096 -1 -0.0581214 0.210989 0.329474 -0.167805 -0.761307 -0.611064 0.354103 -0.971722 -1 -0.469526 -0.399676 -0.820803 -0.192168 -0.00517242 -0.474992 0.00948322 -0.0357671 -0.479575 -0.913357 -0.0111449 -0.587957 -0.478291 -0.0938689 -0.411401 0.118039 -0.825867 -1 0.178754 -0.0109764 -0.35206 -0.152054 0.185101 -1 -0.491097 -1 -0.879433 0.634694 -0.388179 0.347286 -0.997847 -0.997188 -1 -0.288081 0.532156 -0.267146 -0.296589 0.185068 -0.216717 0.25862 -0.60293 -0.941142 -1 -1 
0.020193 -0.131259 -0.969376 0.219711 0.758005 -1 0.137492 -0.99482 0.587521 -1 -0.790843 -1 0.139256 -0.147604 0.109028 -1 -1 -0.992584 0.325768 0.700218 -0.355657 -0.141038 -0.163212 0.54876 0.234304 0.846016 -0.314349 -1 -1 -0.841466 -0.995757 -1 -0.405799 -0.410059 -1 -0.751006 0.546772 0.0318287 -0.996545 -1 -0.147083 -0.68627 -0.768677 0.628524 -0.85922 -0.502075 0.710591 -0.590114 -0.0328807 -0.296783 -0.612171 -0.257956 -1 -0.320294 -0.618487 -0.125872 -1 0.562958 -0.354942 -0.590227 -0.059761 -0.0944914 -0.968067 0.437301 0.375064 -1 -0.49823 0.226426 0.896431 -1 -0.650692 -1 -0.410123 -1 -0.425445 -0.245447 -0.622681 -0.272766 -0.0485363 -1 -0.53705 -1 -0.15159 0.110899 -1 -0.0632691 0.210989 0.329474 -0.167805 -0.757376 -0.611064 0.31754 -0.979568 -0.999471 -0.465557 -0.403201 -0.825238 -0.195198 -0.00517242 -0.470606 -0.00352287 -0.0357671 -0.475841 -0.913357 0.0122421 -0.587957 -0.478291 -0.0986813 -0.411401 0.118039 -0.843987 -0.998499 0.178754 0.0124519 -0.353128 -0.152054 0.203997 -1 -0.491692 -1 -0.897209 0.614634 -0.380633 0.341859 -1 -1 -1 -0.271347 0.529279 -0.274584 -0.299665 0.17357 -0.248687 0.285476 -0.606945 -0.947552 -1 -1 
0.0903692 -0.313174 -0.996606 0.213916 0.418882 -0.995713 0.0795133 -0.962327 0.236977 -1 -0.956249 -1 0.115908 -0.39388 0.153074 -0.990762 -1 -0.997228 0.239602 0.687744 -0.264462 -0.270779 -1 0.615897 0.307735 0.600413 -0.379424 -1 -1 -0.969892 -0.987686 -0.997252 -0.615984 -0.657518 -1 -1 0.620447 -0.277234 -1 -0.999565 -0.131083 -0.940982 -0.724976 0.466702 -1 -0.593824 0.302621 -0.517195 -0.355681 -0.738562 -1 -0.542226 -1 -0.299775 -0.596548 -0.465264 -0.92774 0.309018 -0.937879 -0.815746 -0.106074 -0.0346616 -1 -0.374062 0.128894 -1 -0.755491 0.160044 0.643919 -0.996799 -0.639768 -0.997866 -0.573495 -0.999963 -0.389458 -0.235116 -0.950345 -0.314666 -0.051226 -1 -0.355421 -1 -0.506251 -0.191669 -1 -0.355578 0.261696 0.305613 -0.286585 -0.73298 -0.620574 0.117413 -0.906801 -1 -0.509426 -0.370465 -1 -0.60216 -0.281481 -0.521033 0.0582369 -0.0869983 -0.555263 -0.872463 -0.534049 -0.596075 -0.228968 -0.11571 -0.702448 -0.0329918 -1 -0.999145 0.267686 0.103354 -0.67377 0.141031 0.183554 -1 -0.801829 -1 -0.99278 0.544255 -0.533282 0.324859 -1 -1 -1 -0.212883 0.497229 -0.192372 -0.334454 0.170765 -0.217023 -0.0969396 -0.854436 -0.996975 -1 -0.777003 
0.0255078 -0.181231 -1 0.213916 0.413055 -0.807215 -0.167743 -1 0.19264 -0.994068 -0.999384 -1 0.155351 -0.620799 0.161656 -1 -0.993926 -0.981963 0.262497 0.698534 -0.323608 -0.0252567 -0.962324 0.319614 0.0557675 0.738498 -0.454402 -1 -1 -1 -1 -1 -0.614941 -0.466761 -1 -0.964344 0.637876 0.0481112 -0.971442 -0.995183 -0.146374 -0.923221 -0.782715 0.478994 -0.987071 -0.674118 0.347908 -0.514123 -0.238209 -0.736473 -0.879426 -0.591266 -0.906229 -0.40165 -0.860772 -0.310061 -0.961232 0.306243 -0.91923 -0.648488 -0.0964541 -0.00954521 -1 -0.0978782 0.128903 -1 -0.742509 0.203654 0.737243 -1 -0.562542 -0.998404 -0.632905 -1 -0.422658 -0.243534 -0.784383 -0.356335 -0.0388907 -1 -0.490921 -1 -0.485832 -0.10851 -1 -0.28871 0.334116 0.304209 -0.355904 -0.464649 -0.646048 0.126887 -0.914532 -1 -0.414755 -0.518911 -1 -0.518659 -0.267591 -0.516432 0.171733 -0.0448929 -0.548663 -0.845169 -0.242926 -0.577681 -0.219119 -0.196376 -0.701612 0.124926 -0.981762 -0.996977 0.171853 0.0921879 -0.437105 0.0115424 0.270434 -1 -1 -1 -0.967459 0.596725 -0.537498 0.208829 -1 -1 -1 -0.347667 0.339894 -0.145328 -0.340795 0.208563 -0.234728 -0.401889 -0.617619 -0.949134 -1 -0.952545 
-0.403765 -0.135036 -1 0.178488 0.341515 -0.884238 -0.0982645 -0.965684 0.752501 -1 -0.738869 -1 0.0154558 -0.29258 0.174479 -0.997241 -0.926133 -1 0.344184 0.725288 -0.26057 -0.153066 -0.673367 0.60159 0.194792 0.531212 -0.507268 -0.951193 -0.965483 -0.815816 -0.999979 -1 -0.404654 -0.478617 -1 -0.951288 0.576678 -0.0378553 -0.991941 -1 -0.521528 -0.878829 -0.814462 0.409008 -0.889832 -0.642362 0.527356 -0.997623 -0.0930717 -0.483778 -0.593513 -0.703286 -1 -0.157339 -1 0.00200578 -0.909887 0.203857 -0.598948 -0.654411 0.0876426 -0.0929973 -0.960934 0.454369 0.34027 -0.950743 -0.533723 0.193322 0.738068 -0.978232 -0.8688 -0.916114 -0.384187 -1 -0.394302 -0.35489 -1 -0.371875 0.0897926 -1 -0.514609 -1 -0.301307 0.123238 -0.935838 -0.103792 0.39147 0.269044 0.124708 -0.400084 -0.716769 -0.0898909 -0.982282 -0.937097 -0.695924 -0.212132 -0.811516 -0.298506 -0.0151703 -0.687529 0.189287 -0.00135755 -0.718299 -0.982172 -0.131224 -0.453916 -0.259944 -0.212986 -0.277147 -0.152876 -0.973119 -1 -0.0620037 0.189171 -0.545914 0.0877671 -0.04781 -1 -0.76084 -1 -0.995034 0.664937 -0.568161 0.156417 -1 -1 -1 -0.3238 0.0669335 -0.390795 -0.440548 0.149119 -0.45477 0.163245 -0.779074 -1 -0.921624 -1 
0.0856314 -0.323974 -0.998677 0.188708 0.39934 -1 0.0699694 -0.978148 0.23849 -1 -0.965119 -1 0.0878753 -0.388093 0.0732066 -0.996544 -1 -1 0.22613 0.65952 -0.254167 -0.27101 -1 0.598232 0.26965 0.511518 -0.376161 -1 -1 -1 -0.99683 -0.922722 -0.643374 -0.669704 -1 -1 0.661362 -0.256644 -1 -1 -0.131083 -0.881242 -0.749852 0.469694 -1 -0.580135 0.0314271 -0.800631 -0.366967 -1 -1 -0.562489 -1 -0.318422 -0.886538 -0.41599 -1 0.109012 -0.949809 -1 -0.385898 -0.221725 -1 -0.35999 0.139631 -1 -0.750306 0.152653 0.626676 -1 -0.684524 -1 -0.597755 -0.997652 -0.390586 -0.238233 -1 -0.326787 -0.32896 -0.995018 -0.354514 -0.999925 -0.512947 -0.181645 -0.99881 -0.350244 0.272803 0.155192 -0.291004 -0.961511 -0.844721 0.111929 -0.923726 -1 -0.522056 -0.38554 -1 -0.565302 -0.480902 -0.520525 0.124995 -0.0957972 -0.61479 -0.884252 -0.449989 -0.599873 -0.241116 -0.139086 -0.823718 0.0218838 -1 -0.997925 0.248474 -0.169676 -0.928497 0.144234 0.203197 -0.999936 -0.81198 -1 -1 0.587122 -0.525125 0.315061 -1 -1 -1 -0.223257 0.40791 -0.173497 -0.345911 0.151219 -0.213077 -0.0951351 -1 -0.992795 -0.916786 -1 
0.04466 -0.28642 -0.909958 0.231573 0.25994 -1 0.0301268 -0.995424 0.223879 -1 -1 -1 0.088408 -0.417525 0.0943177 -1 -0.997444 -1 0.250543 0.648192 -0.260153 -0.283966 -1 0.567122 0.283305 0.590049 -0.449385 -1 -0.995516 -1 -1 -1 -0.658819 -0.680273 -1 -1 0.445883 -0.174849 -1 -0.948338 -0.146692 -0.964002 -0.676438 0.454776 -1 -0.52251 0.0340641 -0.804174 -0.457039 -0.766292 -1 -0.535377 -1 -0.252847 -0.601473 -0.667793 -0.92774 0.296935 -1 -0.975799 -0.226004 -0.0182264 -1 -0.387922 -0.153303 -1 -0.770463 0.140999 0.455394 -1 -0.638919 -0.998341 -0.577467 -1 -0.399725 -0.27143 -0.969667 -0.284075 -0.107004 -0.923447 -0.347675 -1 -0.540649 -0.187923 -1 -0.391047 0.157383 0.217574 -0.357592 -0.929216 -0.843543 0.160163 -1 -0.998442 -0.654939 -0.371156 -0.99308 -0.596917 -0.295097 -0.568814 0.0520347 -0.0937871 -0.570696 -1 -0.566279 -0.75025 -0.416135 -0.181286 -0.789905 -0.0573393 -1 -1 0.149354 -0.0567204 -0.688692 0.184317 0.158159 -1 -1 -1 -0.992872 0.622526 -0.732511 0.280191 -1 -1 -0.956972 -0.212937 0.370159 -0.316755 -0.523319 -0.0378785 -0.15607 -0.303297 -0.855643 -0.972961 -0.992342 -0.794018 
