0.237971 0.127891 -0.06368 0.488358 -0.295062 -0.789441 -0.903978 -0.0388663 -0.621937 -0.190773 0.102195 0.204183 0.404502 -0.591567 -0.918735 0.297 0.930083 -0.329759 -0.968271 -0.597215 -0.321549 -0.542621 0.124791 -0.204743 -0.739294 0.107464 -0.771331 -0.0693012 -0.56497 -0.0623367 0.418433 0.382718 -0.302451 0.769596 -0.973379 -0.0707705 0.836858 0.565684 -0.439998 -0.772052 -1 -0.737221 0.0261962 0.47015 0.172062 0.102373 0.0331821 0.0323756 -0.239281 -0.011044 0.619434 -0.27513 -0.0196216 -1 0.832928 0.243866 0.265434 -0.553028 -0.515132 0.383054 -0.798475 0.658572 0.389908 -0.344991 -0.531984 -0.439339 0.211272 0.107189 -0.408636 0.433265 0.278211 -0.233947 -0.3147 0.874078 0.672277 -1 -0.959754 0.51149 -0.922456 -0.723837 -0.607985 -1 -0.0270078 -0.766408 0.185527 0.560512 -0.900712 -0.584834 0.503351 0.578719 0.626774 0.291441 -0.549383 -0.193467 -0.0456825 -0.397784 -0.999006 -0.0460768 -0.597719 -0.300787 -0.677174 0.686351 -0.418261 -0.111322 -0.00477558 -0.579969 -0.850524 0.642922 -0.0775251 0.240162 0.0391782 -0.0583856 0.0891223 -0.257712 0.587242 0.499628 -0.8447 -0.791029 0.0640198 -0.15082 0.418294 0.0516182 0.0297859 0.600102 0.58865 -0.000911415 -0.852498 -1 0.722359 -0.661328 -0.851763 0.642243 0.379248 -0.168299 0.202977 0.017834 0.276947 -0.305975 
-0.0850429 -1 -1 0.572239 0.184069 -0.0239383 -0.228777 0.811777 0.338945 0.434244 -0.534806 -1 0.400229 0.391837 -0.408453 -1 -0.376036 -1 0.167885 0.190943 -0.425435 -0.805699 0.607889 -0.299222 0.747627 -0.913672 0.00485126 0.843575 0.385286 -1 0.0159662 0.273148 -0.267551 -0.337547 0.589637 -0.367717 -1 -0.904578 -0.560324 1 0.0151802 0.567222 -0.218067 -0.399035 0.383351 -0.419515 0.688004 -0.924867 -0.579387 -0.720949 0.0796432 -1 -0.3573 0.296819 -0.914423 0.20646 0.166633 -1 -0.99632 -1 -0.48914 -0.919037 -0.841166 -0.682604 0.627289 -0.63223 0.0763108 -0.339617 0.404892 -0.218002 -0.790898 0.525289 -0.465331 -0.877012 0.234653 -0.0628529 -0.673147 -1 -0.966683 0.296221 -0.858125 -0.288981 0.0259943 -0.752387 -0.493753 -0.553334 -0.994451 -0.685508 -0.32001 0.392638 -0.355625 -0.00513243 -1 0.588857 -0.915332 -0.99146 -1 -1 0.348887 -0.00936618 -1 -0.153876 -0.317798 -0.60419 0.31448 -0.334907 0.735874 -0.683399 0.349834 0.370178 -0.401206 -1 0.520345 -0.899016 -1 0.362334 0.73493 -1 -1 0.592032 -0.517151 -0.518377 -0.523088 -0.95248 -0.0159067 -0.292028 -0.447133 -0.64585 -0.253599 -0.612937 0.379498 0.310781 -0.546595 -0.611483 0.202347 -1 -0.884596 0.528514 
-0.257894 -1 -1 0.572239 -0.0296035 -0.0239383 -0.597684 0.811777 0.271707 0.241697 -0.542866 -1 0.284725 0.23847 -0.408453 -1 -0.376036 -1 0.111396 -0.0688397 -0.425435 -0.805699 0.607889 -0.818284 0.695757 -0.913672 -0.106988 0.820414 0.385286 -1 -0.0539144 0.223096 -0.359242 -0.583684 0.445617 -0.367717 -1 -0.904578 -0.560324 0.64743 -0.106947 0.567222 -0.354486 -0.885887 0.133776 -0.419515 0.623679 -0.924867 -0.579387 -0.720949 0.0796432 -1 -0.729627 0.252823 -0.914423 0.169843 0.0220525 -0.913639 -1 -1 -0.43123 -1 -0.841166 -0.794018 0.350586 -0.876772 -0.157451 -0.308346 0.404892 -0.218002 -0.701148 0.275072 -0.465331 -1 0.109576 -0.432837 -0.746448 -1 -0.91387 0.0803407 -0.985024 -0.323117 0.0777925 -1 -0.493753 -0.553334 -0.994451 -0.911201 -0.339962 0.392638 -0.513426 0.080218 -1 0.625411 -1 -1 -1 -1 0.122936 -0.00936618 -1 -0.208754 -0.563414 -0.663907 0.140841 -0.5596 0.735874 -0.817122 0.270306 0.322805 -0.696831 -1 0.520345 -1 -1 0.1522 0.474617 -1 -1 0.512512 -0.709451 -0.686158 -0.689238 -0.884877 -0.310745 -0.348477 -0.447133 -0.784869 -0.266015 -0.717831 0.470919 0.310781 -0.546595 -0.611483 0.199142 -1 -0.803836 0.654421 
0.374457 0.429626 -0.984622 0.142778 0.151803 -0.57953 0.454977 -0.00991082 -0.671729 -0.74932 0.425987 -0.404445 0.826807 0.136828 0.663014 0.368162 0.758113 0.980946 -0.450529 -0.913154 -0.79092 0.383275 0.693469 0.625173 -0.0919547 -1 0.106001 0.338595 0.787386 -0.833759 -0.764818 0.603621 0.282112 0.63764 0.018054 -0.743639 -0.799926 -0.675938 0.461021 0.156181 0.636154 0.578159 -0.563468 -0.0458659 0.461085 -0.107739 0.654797 -0.802643 0.594943 -0.818952 0.652586 -0.0871994 -0.391023 -0.517994 -0.486732 -0.179171 -0.222595 -0.634168 0.737337 -0.519807 -0.513307 0.495696 0.891169 -0.991095 0.239499 0.287739 -0.740481 -0.869374 0.293688 -0.567115 -0.614879 0.705117 0.329977 -0.651396 -0.418367 -1 0.0879591 -0.378508 0.600143 -0.467898 -0.577947 0.447738 -0.873668 -0.233156 -0.724051 -0.225799 0.133002 0.093843 0.376292 0.620495 0.356035 0.179762 0.408492 -0.402176 -0.212557 0.68028 -0.868449 0.494001 -0.246142 -0.161495 -0.545015 -0.762156 -0.434845 -0.689672 0.703447 -0.639709 -0.823045 -0.849462 -0.130136 -0.478751 -0.341451 -0.511841 0.152563 0.587554 0.239538 -0.663827 -0.334285 0.604091 0.383463 -0.687754 -0.610594 0.134266 0.435728 -0.647507 -0.558421 -0.00563914 -0.150152 -0.472068 0.52105 -0.823335 -0.604546 -0.517589 -0.896077 0.65129 -0.187576 -0.466897 0.93681 -0.414347 
0.374457 0.429626 -0.984622 0.142778 0.151803 -0.57953 0.454977 -0.00991082 -0.671729 -0.74932 0.425987 -0.404445 0.826807 0.136828 0.663014 0.368162 0.758113 0.980946 -0.450529 -0.913154 -0.79092 0.383275 0.693469 0.625173 -0.0919547 -1 0.106001 0.338595 0.787386 -0.833759 -0.764818 0.603621 0.282112 0.63764 0.018054 -0.743639 -0.799926 -0.675938 0.461021 0.156181 0.636154 0.578159 -0.563468 -0.0458659 0.461085 -0.107739 0.654797 -0.802643 0.594943 -0.818952 0.652586 -0.0871994 -0.391023 -0.517994 -0.486732 -0.179171 -0.222595 -0.634168 0.737337 -0.519807 -0.513307 0.495696 0.891169 -0.991095 0.239499 0.287739 -0.740481 -0.869374 0.293688 -0.567115 -0.614879 0.705117 0.329977 -0.651396 -0.418367 -1 0.0879591 -0.378508 0.600143 -0.467898 -0.577947 0.447738 -0.873668 -0.233156 -0.724051 -0.225799 0.133002 0.093843 0.376292 0.620495 0.356035 0.179762 0.408492 -0.402176 -0.212557 0.68028 -0.868449 0.494001 -0.246142 -0.161495 -0.545015 -0.762156 -0.434845 -0.689672 0.703447 -0.639709 -0.823045 -0.849462 -0.130136 -0.478751 -0.341451 -0.511841 0.152563 0.587554 0.239538 -0.663827 -0.334285 0.604091 0.383463 -0.687754 -0.610594 0.134266 0.435728 -0.647507 -0.558421 -0.00563914 -0.150152 -0.472068 0.52105 -0.823335 -0.604546 -0.517589 -0.896077 0.65129 -0.187576 -0.466897 0.93681 -0.414347 
0.374353 0.37733 -0.984622 0.122787 -0.309989 -0.755883 -0.0641192 -0.00991082 -0.88891 -0.985008 0.217458 -0.53287 0.580602 0.138354 0.587923 -0.057605 0.532245 0.728783 -0.718946 -0.90744 -0.816841 0.347903 0.566373 0.500755 -0.183836 -0.945267 -0.0640393 0.0503468 0.663348 -1 -1 0.209603 0.229118 0.219171 -0.0812742 -1 -1 -0.915953 0.42259 0.156181 0.450955 0.578159 -0.820052 -0.42069 0.269401 -0.107739 0.414693 -0.983713 0.60922 -0.837282 0.325039 -0.598577 -0.320017 -0.517994 -0.486732 -0.426456 -0.332899 -0.928499 0.443026 -0.519807 -0.845716 0.581198 0.623466 -1 -0.0117253 0.266962 -0.996318 -0.906606 0.320328 -0.529741 -0.761625 0.705117 0.329977 -0.939945 -0.698994 -0.920357 -0.00271104 -0.790582 0.537165 -0.46774 -0.465676 0.450618 -1 -0.343809 -0.773907 -0.270467 0.124288 -0.0763292 0.0609938 0.603356 0.194043 0.179762 0.249815 -0.402375 -0.392438 0.71238 -0.783738 0.290766 -0.36018 -0.345111 -0.545015 -0.762156 -0.83377 -0.856252 0.703447 -0.900911 -0.888138 -0.849462 -0.432582 -0.922382 -0.599808 -0.741526 -0.0904328 0.28432 -0.0428164 -0.805718 -0.502294 0.617475 0.379338 -0.71195 -0.867791 0.134266 0.52262 -0.625983 -0.955988 -0.206248 -0.587098 -0.775633 0.494599 -0.729697 -0.82918 -0.693626 -0.938821 0.308214 -0.390495 -0.545957 0.684269 -0.59901 
0.374457 0.429626 -1 0.21162 0.151803 -0.855946 0.262522 -0.00991082 -0.671729 -0.718311 0.289747 -0.404445 0.826807 0.136828 0.449945 0.368162 0.758113 0.864354 -0.450529 -1 -0.90916 0.448058 0.55703 0.668723 -0.0105265 -1 -0.036964 0.338595 0.765798 -0.833759 -0.932677 0.33356 0.282112 0.63764 0.0563291 -0.96765 -0.799926 -0.675938 0.306206 0.156181 0.614616 0.473348 -0.563468 -0.224655 0.461085 -0.107739 0.654797 -0.947681 0.471775 -0.818952 0.652586 -0.0871994 -0.431461 -0.517994 -0.412652 -0.179171 -0.167589 -0.634168 0.631719 -0.603104 -0.513307 0.495696 0.891169 -0.991095 0.239499 0.287739 -0.740481 -0.869374 0.293688 -0.526447 -0.614879 0.705117 0.329977 -0.644346 -0.418367 -1 0.0879591 -0.378508 0.600143 -0.541028 -0.577947 0.300253 -1 -0.224852 -0.920728 -0.390164 0.133002 -0.204257 0.376292 0.357578 0.374803 0.179762 0.470499 -0.402176 -0.37699 0.399832 -1 0.494001 -0.362983 -0.127051 -0.545015 -0.903816 -0.434845 -0.657295 0.703447 -0.771345 -0.872457 -0.849462 -0.130136 -0.62281 -0.341451 -0.511841 0.152563 0.345482 0.239538 -0.576915 -0.334285 0.604091 0.477372 -0.794698 -0.576014 0.134266 0.435728 -0.647507 -0.558421 -0.199959 -0.354251 -0.497663 0.302866 -0.823335 -0.604546 -0.538661 -1 0.65129 -0.187576 -0.59021 0.93681 -0.555195 
0.374457 0.429626 -0.984622 0.142778 0.151803 -0.57953 0.454977 -0.00991082 -0.671729 -0.74932 0.425987 -0.404445 0.826807 0.136828 0.663014 0.368162 0.758113 0.980946 -0.450529 -0.913154 -0.79092 0.383275 0.693469 0.625173 -0.0919547 -1 0.106001 0.338595 0.787386 -0.833759 -0.764818 0.603621 0.282112 0.63764 0.018054 -0.743639 -0.799926 -0.675938 0.461021 0.156181 0.636154 0.578159 -0.563468 -0.0458659 0.461085 -0.107739 0.654797 -0.802643 0.594943 -0.818952 0.652586 -0.0871994 -0.391023 -0.517994 -0.486732 -0.179171 -0.222595 -0.634168 0.737337 -0.519807 -0.513307 0.495696 0.891169 -0.991095 0.239499 0.287739 -0.740481 -0.869374 0.293688 -0.567115 -0.614879 0.705117 0.329977 -0.651396 -0.418367 -1 0.0879591 -0.378508 0.600143 -0.467898 -0.577947 0.447738 -0.873668 -0.233156 -0.724051 -0.225799 0.133002 0.093843 0.376292 0.620495 0.356035 0.179762 0.408492 -0.402176 -0.212557 0.68028 -0.868449 0.494001 -0.246142 -0.161495 -0.545015 -0.762156 -0.434845 -0.689672 0.703447 -0.639709 -0.823045 -0.849462 -0.130136 -0.478751 -0.341451 -0.511841 0.152563 0.587554 0.239538 -0.663827 -0.334285 0.604091 0.383463 -0.687754 -0.610594 0.134266 0.435728 -0.647507 -0.558421 -0.00563914 -0.150152 -0.472068 0.52105 -0.823335 -0.604546 -0.517589 -0.896077 0.65129 -0.187576 -0.466897 0.93681 -0.414347 
-0.731632 -0.0545112 -0.952045 -1 0.151859 -1 -0.986585 -0.474791 -0.391476 0.187763 0.0806516 -0.868939 0.132846 -0.115597 -0.0165918 0.207557 -1 0.929567 -0.152349 -0.0125488 -1 -0.737411 -0.523799 -0.62876 -0.961095 -0.0472441 -0.936231 -0.253037 0.00537328 -0.929043 -0.000180736 0.0392955 -0.515733 -1 -0.201836 -0.384626 -0.32239 -1 0.173221 -1 -0.140305 0.21611 -0.805678 -0.669834 0.123741 0.0268887 -0.287771 -1 0.380978 -1 -0.612311 -1 -0.900794 -0.118323 0.805762 -0.559621 -0.309231 -1 0.0522825 0.126623 -0.687997 0.292247 0.31179 -1 -0.147275 -1 -0.501314 -0.770435 -0.0090545 -0.632867 -0.305099 0.373443 -0.843378 0.643466 -0.787515 0.0387227 -0.772457 -0.973984 -1 0.275882 -0.000187732 0.311688 -1 -0.395555 0.108152 -0.137516 0.251161 -0.219935 0.0310611 0.449935 -0.28978 0.245259 0.524925 0.120406 0.374563 -0.824008 -0.984174 -1 -0.943147 -0.604108 -0.0876088 -0.0459094 -0.709647 -0.698172 -1 -1 -0.485184 -0.340689 -0.854304 0.136707 0.764124 -0.959676 0.0712858 -1 -0.686337 -0.403093 -0.430687 -0.384117 0.109495 0.390166 -0.107579 0.318212 0.081822 0.130781 -0.250511 -0.341434 -0.411184 0.400483 -1 -1 -0.278749 -0.800536 -0.4179 -0.0856436 0.300916 -0.885913 -0.493597 0.669648 
0.0746794 0.0573736 -0.903731 0.122787 -0.260987 -0.755883 -0.0641192 0.0424514 -1 -1 0.217458 -0.687763 0.466607 -0.349845 0.525777 -0.313635 0.453632 0.641589 -0.846801 -1 -0.964643 -0.127298 0.566373 0.471646 -0.146207 -0.945267 -0.349443 0.0503468 0.269779 -0.944263 -1 0.00606149 0.0734157 0.245714 -0.0426459 -1 -1 -0.915953 0.377798 0.0990506 0.528191 0.407421 -0.820052 -0.42069 0.348507 -0.265783 0.154381 -0.926965 0.425488 -0.803195 0.120984 -0.588913 -0.320017 -0.698786 -0.721889 -0.795446 -0.640376 -0.928499 0.443026 -0.519807 -0.87638 0.577586 0.578493 -1 -0.181465 0.339939 -0.996318 -0.998753 0.320328 -0.529741 -1 0.705117 0.329977 -0.939945 -0.919392 -1 -0.205141 -0.807497 0.4281 -0.700006 -0.465676 0.20117 -0.972007 -0.343809 -0.977332 -0.24172 0.124288 -0.0213141 -0.026884 0.488104 0.0436494 0.263177 0.0725472 -0.4213 -0.481065 0.71238 -1 0.290766 -0.428362 -0.345111 -0.78147 -0.762156 -0.910947 -0.856252 0.703447 -0.826558 -0.888138 -0.849462 -0.483292 -1 -0.599808 -1 -0.178306 0.349889 -0.384661 -1 -0.648914 0.617475 0.331785 -1 -0.867791 0.229925 0.335715 -0.625983 -0.981533 -0.283747 -0.716219 -0.903936 0.220716 -1 -0.833292 -0.952581 -1 0.143092 -0.605505 -0.817264 0.503537 -0.756802 
