-1 0.0183327 -0.523002 -1 0.0742911 -0.14356 -0.521587 -0.539881 -0.823734 0.0864753 0.66213 0.0497224 0.0259818 0.829357 0.427893 -0.643352 -0.549922 0.28656 -1 -0.53265 -0.0727563 -0.621725 0.275686 0.93496 -0.16587 0.718381 -0.169555 -0.38014 -0.127515 -0.272628 -0.300892 -0.287626 -0.0771245 -0.97416 -1 -0.758621 0.135954 -0.398181 0.452119 -0.105168 0.890156 1 0.587844 0.873983 0.538187 -0.854944 0.744057 0.104053 0.542701 -1 -0.727311 -0.242505 0.486426 -0.442296 0.452942 -0.460022 -0.724833 0.41657 -0.169583 -0.890405 -0.306987 0.230262 -0.67603 0.914374 -0.447586 -1 -1 -0.277663 -0.309748 -0.984165 0.738736 -0.0978916 0.1628 0.0256224 0.457009 -0.420788 -1 0.718064 0.675181 -1 0.816036 0.0629692 -0.397729 -0.914399 -0.951425 -0.0857699 0.39627 -0.843276 -1 -0.0744179 0.0699631 -0.340576 0.22068 -0.668762 0.61675 -0.365538 0.288015 -1 0.104328 0.267461 -1 -0.510229 -1 0.361501 0.274744 -0.308379 0.576796 -1 -0.461676 -1 -0.370664 0.659672 0.141981 0.073133 -0.39524 0.157723 -0.326358 1 -0.75844 -0.450439 0.825948 0.261572 -0.943548 -0.155143 -0.102675 0.652388 0.779172 -1 -0.799679 -0.105589 -0.474007 -0.0426164 -0.502311 0.234638 -0.657628 -0.798506 0.130533 -0.273575 
-0.771674 -1 -0.254445 0.561494 -1 0.568178 -0.349738 0.504521 -0.0674438 -1 -1 -1 -0.880416 -1 0.585524 -0.417127 0.81865 -0.287291 -0.771023 -1 -0.655939 -0.872401 -0.762149 -1 -1 -1 -1 -0.809609 -0.26129 0.0206522 -0.347099 -1 -1 -0.807993 -1 0.0801329 -1 -0.9867 -0.727993 -1 -1 -0.977079 -0.115822 0.184876 -0.408155 -1 -1 -1 -1 -0.365779 -0.277244 -0.681278 -1 -1 -0.0693448 -1 -1 0.035354 -1 -0.36193 -0.950209 -0.646722 -1 -0.948513 -1 -1 0.705688 -0.100413 -0.632527 -1 -1 0.508736 -1 -0.486366 -0.753176 -0.810338 -0.489566 -0.484179 -1 -1 -0.853233 -1 -0.944698 -1 -0.147465 -0.17294 -1 0.0446546 -0.370535 -0.473909 -0.701522 0.644683 -0.803921 -1 -1 -1 -1 0.374409 -0.620375 0.575917 -1 -1 -0.408993 -0.372626 -1 -1 -0.779668 -1 -1 -1 -1 -1 -1 -0.959687 -0.570709 -1 -0.827759 -1 0.643679 -1 0.09149 -1 -0.210865 -0.824749 -0.678489 -0.597526 -0.295854 -1 0.474362 -0.219353 -1 -1 -1 -0.936527 -1 -1 -1 -1 
-1 -0.38882 -1 -1 -0.999342 -0.878671 -1 -0.539881 -0.633946 0.0864753 -1 -1 -1 0.117883 -0.166114 -1 -0.549922 -1 -1 -0.269949 -0.0727563 -1 -0.526321 0.93496 0.513301 0.667628 -0.730509 -1 -1 -1 -0.300892 -0.864136 0.271918 -0.653568 -1 -1 -0.325318 -0.398181 -0.394145 -0.645282 -0.135065 1 0.0216697 -1 0.866087 -0.620668 0.631797 0.104053 0.199711 -1 -0.727311 -1 -0.825291 -1 0.640742 -0.771039 -1 -0.62311 0.20367 -0.934141 -0.306987 -0.662896 -0.67603 0.639498 -1 -1 -1 -0.163971 -0.309748 -1 1 -0.980177 -0.362875 -0.292503 0.457009 -0.522681 -1 0.955027 -0.192645 -0.737621 0.816036 -1 -0.397729 -1 -1 -0.0857699 0.39627 -0.658069 -1 -1 0.0699631 -0.340576 0.377728 -0.777215 -0.574505 -1 0.288015 -1 -0.196434 -1 -0.818068 -1 -0.783914 -1 0.274744 -1 -0.11841 -1 -1 -1 -0.687502 -0.057508 0.141981 0.073133 -1 0.0134482 -0.594395 1 -1 -0.331825 0.21142 -0.725032 -0.618108 -0.155143 -0.913875 0.652388 1 -0.861723 -1 -1 -0.653161 -0.766571 -0.318961 0.610168 -0.579654 -1 -0.556376 -0.825501 
-1 -0.627091 -0.518326 -1 -1 -1 -1 -1 -1 -1 -0.584909 0.00509924 -1 0.829357 0.0173399 -0.917787 -1 -0.818617 -1 -1 0.474182 -0.644744 -0.822796 -1 -1 -0.211898 -1 -0.431977 -1 -1 -0.55077 -1 -1 -1 -1 -0.790468 -1 -1 -1 -1 -1 0.272604 -0.901283 0.277323 0.861828 -1 -0.877579 0.654411 -1 -1 -1 -0.986839 -0.809215 -1 -1 -1 -1 -1 -1 -1 -0.985981 -0.591263 -1 -0.223474 -1 -1 -1 -1 -1 -0.815951 0.633305 -0.728998 -1 -0.961966 -0.954134 -1 -1 -1 -1 -1 -1 -0.719586 -1 -1 -1 -1 0.0580999 -1 -0.673795 -1 -0.00710113 -0.718622 -0.120526 -1 -1 -1 -1 -1 -0.715957 -1 -1 -0.399672 -0.787339 -1 -0.611067 -1 -1 -0.999865 -1 -1 -0.622684 -1 -0.422263 0.122668 -1 0.0351979 -1 1 -0.521716 -0.0665406 1 -1 -0.986813 -0.158208 -0.863731 -0.221183 -0.291905 -0.495986 -0.853492 -1 -0.961178 -1 -0.754828 -1 -0.830151 0.243576 -0.468164 -0.810059 
-1 -0.38882 -1 -1 -0.999342 -1 -0.887532 -0.539881 -0.633946 0.0864753 -1 -1 -1 -1 -0.166114 -1 -1 -1 -1 -0.269949 0.077124 -1 -0.468242 0.93496 0.513301 0.667628 -0.730509 -1 -1 -1 -0.300892 -0.864136 -0.140575 -0.795044 -1 -1 -0.325427 -0.398181 -0.394145 -1 -0.698739 1 0.0216697 -1 0.866087 -0.760161 0.631797 0.222941 0.199711 -1 -0.474327 -1 -0.825291 -1 0.640742 -0.771039 -1 -0.62311 0.197257 -0.934141 -0.306987 -0.662896 -0.67603 0.639498 -1 -1 -1 -0.20892 -0.309748 -1 0.0473248 -0.788526 -0.787507 -0.292503 0.457009 -0.86904 -1 0.00550127 -0.192645 -0.737621 0.816036 -1 -1 -1 -0.738969 -0.673192 0.39627 -1 -1 -1 -0.0899109 -0.340576 0.377728 -1 -1 -1 -0.375835 -0.861036 -0.196434 -1 -0.818068 -1 -0.783914 -1 0.274744 -1 -1 -1 -1 -1 -1 -0.057508 -1 -0.637412 -1 -0.410221 -0.594395 1 -0.941852 -0.22954 0.0958281 -1 -0.597495 -0.155143 -0.913875 0.652388 0.985924 -1 -1 -1 -0.630526 -1 -1 0.610168 -0.579654 -1 -0.556376 -0.825501 
-1 -1 -0.794614 -1 0.463402 -1 -0.637272 -1 -0.50373 -0.98371 -1 -1 -1 -0.869958 -0.679324 -1 -1 -1 -0.68478 -1 -1 -0.166539 -1 -0.81369 -1 -1 -0.805308 0.74275 -0.85805 -1 -0.51643 0.132533 -1 -1 -0.609202 -1 -0.143652 -0.807416 -1 -0.82584 -1 -1 -1 -1 -1 -1 -1 -0.854544 -1 -1 -1 -0.672877 -1 -1 -1 -0.73331 -1 -0.856669 -1 -1 -1 -1 -0.651795 -1 -1 -0.623233 -1 -1 -1 -1 -0.3315 -1 -0.345158 -1 -0.302792 -1 -0.192689 1 -1 -0.637799 -1 -1 -1 -1 -1 -0.0675441 -1 -1 -0.669486 -0.800268 -0.295109 -1 -1 -0.696122 -1 -1 -0.998902 -0.534127 -1 -1 -0.833278 -0.802023 -1 -0.98397 -0.807512 -0.121085 -1 -0.878207 -1 1 -1 -0.918129 -1 -1 0.369744 -0.905138 -0.379272 -1 -0.0829225 -0.958503 -0.103925 -1 -1 -1 0.222456 -0.910668 -1 -0.742795 -1 -0.730767 -0.759437 -1 -1 1 -1 -1 -0.829366 -1 
-1 -1 -0.79645 -1 0.497352 -0.612272 -1 -1 -0.481102 -0.98371 -1 -1 -1 -1 -0.679324 -0.876891 -0.796592 -1 -1 -1 -0.982526 -1 -1 -1 -1 -1 -1 -1 -1 -0.972901 -0.575604 0.132533 -1 -0.570485 -1 -1 -0.475187 -1 -1 -0.909226 -1 -1 -1 -1 -1 -1 -1 -1 -1 -0.840422 -0.573933 -0.53476 -1 -0.983043 -1 -0.570773 -1 -1 -1 -1 -1 -1 -1 -1 -1 -0.915806 -1 -1 -1 -1 -0.3315 -1 -1 -1 -0.698045 -1 -1 0.852328 -0.832901 -0.637799 -1 -1 -1 -0.988359 -1 -0.0675441 -1 -1 -1 -1 -1 -1 -1 -1 -1 -0.603504 -1 -1 -0.824519 -0.694252 -0.959021 -0.448291 -1 -0.974973 -0.819253 -0.227111 -1 -1 -0.727527 1 -1 -0.970447 -0.953324 -1 0.755281 -0.905138 -0.50407 -1 -0.506158 -1 0.255849 -0.637372 -1 -1 0.222456 -1 -1 -1 -1 -1 -0.619019 -1 -1 1 -1 -1 -1 -0.75487 
-1 -0.38882 -1 -1 -0.999342 -0.878671 -1 -0.437309 -0.633946 0.0864753 -1 -1 -1 0.117883 -0.166114 -1 -0.549922 -1 -1 -0.269949 -0.0727563 -1 -0.526321 0.93496 0.513301 0.667628 -0.730509 -1 -1 -1 -0.300892 -0.864136 0.271918 -0.653568 -1 -1 -0.325318 -0.398181 -0.394145 -0.645282 -0.135065 1 0.0216697 -1 0.866087 -0.620668 0.631797 0.104053 0.199711 -1 -0.727311 -1 -0.825291 -1 0.640742 -0.771039 -1 -0.62311 0.20367 -0.934141 -0.64815 -0.662896 -0.67603 0.639498 -1 -1 -1 -0.163971 -0.309748 -1 1 -0.980177 -0.362875 -0.292503 0.457009 -0.522681 -1 0.955027 -0.313407 -0.737621 0.816036 -1 -0.397729 -1 -1 -0.0857699 0.39627 -0.658069 -1 -1 0.0699631 -0.340576 0.377728 -0.777215 -0.574505 -1 0.288015 -1 -0.236378 -1 -0.818068 -0.921515 -0.783914 -1 0.274744 -1 -0.11841 -1 -1 -1 -0.687502 -0.057508 0.141981 0.073133 -1 0.0134482 -0.594395 0.746983 -1 -0.331825 0.21142 -0.725032 -0.618108 -0.155143 -0.913875 0.652388 0.657476 -0.861723 -1 -1 -0.653161 -0.766571 -0.318961 0.610168 -0.579654 -1 -0.556376 -0.825501 
-1 -1 -0.771784 -0.25492 -1 -1 -1 -1 -1 -1 -1 -1 -0.946681 0.138807 -0.82607 -0.736843 -0.483162 -1 -1 -1 -1 -1 -1 -1 -0.554469 0.785028 -0.934694 -1 -0.917422 -0.899384 -1 -1 -1 -1 -1 -0.877999 -0.824631 -1 -1 -1 -0.713847 0.977704 -1 -1 0.384879 -1 0.220835 0.539256 -1 -1 -1 -1 -1 -1 -0.220242 -1 0.288181 -1 -1 -1 -1 -0.943873 -1 0.592128 -1 -0.220437 -1 -0.775159 -1 -1 -1 -1 -0.883032 -1 0.661512 -1 -1 0.737815 -1 -0.737621 -0.692284 -0.663616 -0.32459 -0.356122 -0.995194 -0.373188 0.15681 -1 -1 -1 -0.544123 -0.783585 -1 -0.681359 -1 -0.604446 -0.552696 -1 -1 -1 -1 -1 -1 -1 -0.464323 -1 -1 -1 -1 -0.994689 -1 0.0852015 -1 -0.190207 -1 -0.0985134 -0.928389 0.157096 -0.993663 0.0620538 -1 -1 -0.731078 -1 -1 -0.926011 0.386713 -0.997612 -1 -1 -1 -0.583084 -0.599082 -1 -1 -0.626832 -1 -1 
-1 -1 -0.79645 -1 0.497352 -0.612272 -1 -1 -0.481102 -0.98371 -1 -1 -1 -1 -0.679324 -0.876891 -0.796592 -1 -1 -1 -0.982526 -1 -1 -1 -1 -1 -1 -1 -1 -0.972901 -0.575604 0.132533 -1 -0.570485 -1 -1 -0.475187 -1 -1 -0.909226 -1 -1 -1 -1 -1 -1 -1 -1 -1 -0.840422 -0.573933 -0.53476 -1 -0.983043 -1 -0.570773 -1 -1 -1 -1 -1 -1 -1 -1 -1 -0.915806 -1 -1 -1 -1 -0.3315 -1 -1 -1 -0.698045 -1 -1 0.852328 -0.832901 -0.637799 -1 -1 -1 -0.988359 -1 -0.0675441 -1 -1 -1 -1 -1 -1 -1 -1 -1 -0.603504 -1 -1 -0.824519 -0.694252 -0.959021 -0.448291 -1 -0.974973 -0.819253 -0.227111 -1 -1 -0.727527 1 -1 -0.970447 -0.953324 -1 0.755281 -0.905138 -0.50407 -1 -0.506158 -1 0.255849 -0.637372 -1 -1 0.222456 -1 -1 -1 -1 -1 -0.619019 -1 -1 1 -1 -1 -1 -0.75487 
0.56256 -0.828702 -0.40808 -0.950894 -1 -1 0.309208 -1 -0.590768 -0.143543 0.659101 -1 -1 -0.695509 -0.33891 -0.605906 0.512043 0.303026 -0.604562 -0.194673 -1 -0.618765 0.110829 -1 -0.803419 -0.747366 0.741457 0.152302 0.204258 0.215749 -0.436008 -0.881636 -0.0791598 0.389948 0.53472 -0.648146 -0.947537 -0.0468761 1 0.671595 -0.944897 -0.111727 -1 -0.352764 -0.451749 -0.698146 -0.144938 -0.0348569 -0.423626 0.93687 -0.785758 -0.120332 -1 -0.161298 0.319016 -1 -0.0308838 0.222874 -1 -0.891331 -0.690196 0.483259 -0.181472 0.785802 0.44151 -1 -0.131112 -1 -0.81598 -0.352363 -1 -0.400601 -0.303054 -0.785778 -0.191963 0.202074 -0.769448 -0.203112 -0.568942 -1 -0.528986 1 0.188724 -0.311837 -1 -1 -1 -0.224054 -0.857528 0.115516 -0.0880912 -0.460173 -0.574485 -1 -1 -0.563478 0.927287 -1 -0.215981 -0.862697 -0.154842 -1 -0.656751 -1 -1 -1 -0.118921 -1 -1 -1 0.0543375 -0.752748 -0.00141588 -0.313526 -0.857508 0.297486 0.242688 -0.976249 -0.814153 0.691999 -0.870256 -0.420603 -0.0976849 0.160568 -0.965599 -0.685756 0.0151302 -1 -1 -1 -0.553435 -0.108543 -0.0108998 -1 0.311432 -0.441592 -1 0.149149 
-1 -0.135162 -1 -1 -1 -0.878671 -1 -0.539881 -0.633946 0.0864753 -1 -1 -1 0.0431438 -0.166114 -1 -0.531791 -1 -1 -0.269949 -1 -1 -1 0.93496 0.513301 0.667628 -1 -1 -1 -1 -0.300892 -1 0.271918 -0.653568 -1 -0.908529 -1 -0.7802 -0.298254 -0.542675 -0.517746 -1 0.0216697 -0.883906 0.866087 -0.620668 0.187239 -0.279088 -0.676329 -1 -1 -1 -0.825291 -1 0.0953919 -0.999331 -1 -0.792857 -0.255465 -0.934141 -1 -0.363427 -0.67603 0.639498 -1 -1 -1 -0.163971 -0.309748 -1 -0.172739 -0.980177 -0.362875 -0.292503 -0.020108 -0.522681 -1 0.660249 -0.192645 -0.737621 -0.277096 -1 -0.397729 -1 -1 0.140055 -0.846224 -0.270925 -1 -1 0.0699631 -1 0.743611 -1 -0.574505 -1 -0.207881 -1 -0.196434 -1 -1 -1 -0.783914 -0.781305 -0.160776 -1 -0.79357 -1 -1 -1 -0.687502 0.0900221 0.141981 0.073133 -1 0.0134482 -1 1 -1 0.0654792 0.21142 -0.902685 -0.683175 -1 -1 0.894284 1 -1 -1 -1 -0.653161 -0.766571 -0.43767 0.610168 -0.579654 -1 -0.740115 -1 
