-0.57353 -0.486832 0.00138044 0.818479 0.659903 0.501068 -0.881172 -0.682231 0.368309 -0.107492 0.355832 0.981101 0.824633 0.201203 -0.0703987 0.676004 -0.15504 -0.261693 0.259654 -0.900519 -0.00767058 0.298507 0.175561 -0.453935 -0.0713005 0.549597 -1 0.537538 0.533787 -1 -0.830362 -0.625389 0.698092 0.160153 -0.96158 0.0911834 0.504114 0.100154 -1 0.0851646 0.928918 0.450617 0.497911 -0.901709 -0.82576 -0.0825126 0.459773 -0.0420812 0.197672 -0.0260618 0.388495 0.45944 -0.714747 0.514951 -0.835277 0.153864 0.258032 -0.869736 -0.827854 -1 -0.455346 -1 0.230371 0.00873248 -0.276286 0.608504 -0.226918 -0.848197 0.434276 -0.780028 0.75529 0.977634 -0.0296616 -0.205855 -0.729514 -0.967651 -0.317781 -0.384098 0.0208078 0.891946 -0.900954 -0.181312 -0.0285006 -0.900041 -0.52544 -0.769397 0.562846 -0.473751 -0.830108 -0.329565 -0.0437082 -0.417684 0.741432 0.677996 -0.478917 0.61046 -1 0.155708 -0.816782 0.159019 -0.623821 -0.178268 -0.384327 -0.229349 0.486605 0.207108 0.590146 -0.248204 1 -0.85383 0.152756 0.554027 -0.40106 -0.960373 -0.273495 -0.138493 0.625839 -0.961395 -0.64711 -0.989685 -0.954913 -0.844762 -0.943414 0.620467 0.33188 -0.137919 0.588435 0.929947 0.00301754 -1 -0.162215 -0.722269 0.695166 -0.929639 0.190065 0.0327356 0.498065 -0.194334 
-1 -0.585322 -0.263204 0.415497 0.508999 0.475204 -0.906365 -0.690262 0.135285 0.077109 -0.216698 0.820797 0.834382 0.694701 -0.194816 0.0443342 -0.000449896 -0.662624 0.460312 -1 -0.0515884 -0.0143426 0.302156 -1 0.0813878 0.530538 -1 0.477013 0.33717 -0.927671 -0.910867 -0.399489 0.502785 -0.0905307 -0.761164 -0.376253 0.661475 -0.142532 -0.980339 -0.059172 0.478223 0.347896 0.52623 -0.966119 -0.825923 -0.337026 0.342744 0.090532 -0.260626 -0.425371 0.467716 0.741846 -0.323283 0.771645 -1 0.0612788 0.344621 -1 -1 -0.759835 -0.409279 -1 0.385354 -0.213332 -0.782206 0.118252 -0.251526 -0.70885 0.301081 -1 0.558931 0.796372 -0.0699243 -0.459136 -0.718931 -0.909237 -0.254789 -0.135873 -0.0229678 1 -0.602069 -0.139889 0.027374 -0.94226 -0.143771 -0.723295 0.425819 -0.437355 -0.885981 -0.00436624 0.0561453 -0.112054 0.679937 0.71154 -0.248124 0.8051 -0.866373 0.29854 -1 0.104543 -0.927713 0.183043 -0.637973 -0.243799 0.462563 -0.0957981 0.453423 -0.309385 0.881828 -0.572927 -0.0764834 0.688859 -0.772284 -0.856933 -0.414335 0.202707 0.45582 -1 -0.996871 -0.862624 -0.92166 -1 -1 0.482463 0.330282 0.328677 0.672419 0.831776 -0.112288 -0.953352 -0.627224 -0.801566 0.6491 -0.855322 0.286573 0.0229841 0.426908 -0.630993 
-0.57353 -0.486832 0.00138044 0.818479 0.659903 0.501068 -0.881172 -0.682231 0.368309 -0.107492 0.355832 0.981101 0.824633 0.201203 -0.0703987 0.676004 -0.15504 -0.261693 0.259654 -0.900519 -0.00767058 0.298507 0.175561 -0.453935 -0.0713005 0.549597 -1 0.537538 0.533787 -1 -0.830362 -0.625389 0.698092 0.160153 -0.96158 0.0911834 0.504114 0.100154 -1 0.0851646 0.928918 0.450617 0.497911 -0.901709 -0.82576 -0.0825126 0.459773 -0.0420812 0.197672 -0.0260618 0.388495 0.45944 -0.714747 0.514951 -0.835277 0.153864 0.258032 -0.869736 -0.827854 -1 -0.455346 -1 0.230371 0.00873248 -0.276286 0.608504 -0.226918 -0.848197 0.434276 -0.780028 0.75529 0.977634 -0.0296616 -0.205855 -0.729514 -0.967651 -0.317781 -0.384098 0.0208078 0.891946 -0.900954 -0.181312 -0.0285006 -0.900041 -0.52544 -0.769397 0.562846 -0.473751 -0.830108 -0.329565 -0.0437082 -0.417684 0.741432 0.677996 -0.478917 0.61046 -1 0.155708 -0.816782 0.159019 -0.623821 -0.178268 -0.384327 -0.229349 0.486605 0.207108 0.590146 -0.248204 1 -0.85383 0.152756 0.554027 -0.40106 -0.960373 -0.273495 -0.138493 0.625839 -0.961395 -0.64711 -0.989685 -0.954913 -0.844762 -0.943414 0.620467 0.33188 -0.137919 0.588435 0.929947 0.00301754 -1 -0.162215 -0.722269 0.695166 -0.929639 0.190065 0.0327356 0.498065 -0.194334 
-0.524124 -0.412707 -0.122198 0.559207 0.345704 0.434295 -0.947962 -1 0.250194 -0.188571 0.355832 0.872537 0.455517 0.201203 -0.102017 0.376313 -0.17596 -0.261693 0.191361 -1 -0.106747 0.298507 0.184034 -0.453935 -0.33904 0.465064 -1 0.172873 0.332811 -1 -0.907651 -0.834817 0.384241 -0.346256 -0.904259 -0.0708967 0.522149 -0.350864 -0.968931 -0.123521 0.894853 0.279838 0.574402 -1 -0.693553 -0.109647 0.46602 -0.0420812 0.0878765 -0.366589 0.203778 0.204583 -0.691217 0.33153 -0.835277 0.00591306 0.133107 -0.869736 -0.801128 -0.941594 -0.565561 -1 0.311988 -0.0787898 -0.434805 0.710628 -0.263095 -0.812283 0.190068 -0.886852 0.505932 0.823357 -0.232161 -0.399091 -0.777426 -0.893291 -0.506102 -0.632966 -0.216693 0.860456 -1 -0.485944 -0.0285006 -0.98741 -0.848894 -0.769397 0.46667 -0.819096 -0.764343 -0.221555 -0.0148511 -0.831998 0.741432 0.295927 -0.478917 0.38926 -1 0.0599189 -1 0.200251 -0.785127 -0.137533 -0.804017 -0.475016 0.00592595 0.123643 0.646364 -0.162938 1 -0.967286 0.0555256 0.56186 -0.433975 -0.960373 -0.254276 -0.233163 0.661466 -0.883814 -0.649612 -1 -0.899222 -1 -1 0.593023 0.174066 -0.278781 0.457756 0.929947 -0.0357588 -1 -0.343477 -0.722269 0.695166 -0.932669 0.0687583 -0.154842 0.531918 -0.423434 
-0.747442 -0.486832 -0.244135 0.763254 0.294251 0.501068 -0.881172 -0.638817 0.368309 -0.42949 0.355832 1 0.581759 0.201203 -0.259802 0.443912 -0.27144 -0.261693 0.259654 -0.842846 -0.214009 0.298507 0.134409 -0.453935 -0.114564 0.550344 -1 0.575448 0.603374 -1 -0.987681 -0.599071 0.698092 0.160153 -0.842104 -0.192054 0.430504 0.163278 -1 0.0232363 0.959544 0.497798 0.355132 -0.901709 -0.82576 -0.520181 0.459773 -0.0420812 0.197672 -0.0260618 0.388495 0.182183 -0.714747 0.424798 -0.835277 0.0347888 0.267914 -1 -0.872593 -1 -0.597935 -1 0.263508 0.00873248 -0.251883 0.533774 -0.343623 -0.996436 0.434276 -0.780028 0.711882 0.977634 -0.158982 -0.405688 -0.942221 -1 -0.407834 -0.391562 0.0208078 0.891946 -0.900954 -0.343063 -0.0285006 -0.900041 -0.52544 -0.843555 0.406117 -0.586761 -0.830108 -0.256738 0.00112285 -0.546799 0.698119 0.594551 -0.574197 0.518172 -1 0.155708 -1 -0.0265822 -0.661775 -0.363492 -0.574632 -0.159065 0.292613 -0.036864 0.471386 -0.250356 1 -1 0.0709948 0.2881 -0.612589 -0.960373 -0.448749 -0.0566457 0.682207 -0.951132 -0.890418 -1 -0.954913 -1 -1 0.621446 0.33188 -0.333366 0.588435 0.987188 -0.0927089 -1 -0.162215 -0.722269 0.457213 -0.989452 -0.0363586 -0.132976 0.496207 -0.350212 
-0.747442 -0.570669 -0.436069 0.763254 0.095918 0.529538 -0.935449 -0.638817 0.40518 -0.642007 0.218779 0.852051 0.411399 0.201203 -0.420106 0.443912 -0.381133 -0.261693 0.292479 -0.842846 -0.373666 0.35084 0.134409 -0.453935 -0.275935 0.317431 -1 0.575448 0.603374 -1 -0.966508 -0.530228 0.478682 0.240565 -0.893545 -0.192054 0.319698 0.0138177 -1 -0.304696 1 0.497798 0.355132 -1 -0.82576 -0.496682 0.497723 -0.266731 0.0387528 -0.190162 0.388495 0.249909 -0.943761 0.392672 -1 -0.0812545 0.0424261 -1 -0.872593 -1 -0.791466 -0.956083 0.192298 -0.0478236 -0.397041 0.533774 -0.343623 -0.996436 0.470523 -0.964649 0.784024 0.810558 -0.437054 -0.538675 -1 -0.986709 -0.407834 -0.391562 -0.143768 0.641859 -0.992064 -0.547271 -0.0456569 -1 -0.74897 -0.863025 0.331866 -0.56937 -1 -0.350138 -0.108084 -0.675314 0.570035 0.302991 -0.739002 0.518172 -1 -0.00739716 -1 0.0182998 -0.661775 -0.363492 -0.568144 -0.08116 0.198095 -0.0316088 0.471386 -0.379704 0.892979 -1 0.124663 0.192404 -0.711997 -0.925306 -0.610956 -0.0623041 0.489566 -1 -1 -1 -0.877104 -1 -1 0.621446 0.33188 -0.449538 0.540994 0.788598 -0.0504315 -0.957835 -0.213192 -0.722269 0.496791 -1 -0.296117 -0.201482 0.345761 -0.350212 
-0.530175 0.0583925 0.371853 -0.18617 -0.953586 -0.152398 0.113752 -1 0.18883 0.107637 -0.860838 -0.606498 0.371768 0.00498405 -0.176666 -0.953487 -0.537646 -0.803626 -0.0158602 -1 0.261615 0.266424 0.67373 -0.912005 0.354151 -0.33176 -0.926089 0.335425 -0.198045 0.324988 -0.374849 -0.375111 0.599504 -0.786215 0.179406 -0.122704 -0.923313 0.613389 0.266452 -0.0763996 -0.46397 0.652003 -0.818699 -1 -0.669879 -0.699932 1 -0.757553 0.547681 0.0595771 0.584949 0.474839 0.114654 -0.939735 -0.297995 -0.292149 -0.717271 -0.221211 0.394706 -0.113416 0.402597 -0.913935 0.174564 -0.33345 -0.0528175 -0.555402 0.8454 0.255536 -0.0247243 0.159287 0.157056 0.405828 -0.239852 -0.662426 -0.840335 -0.875468 0.78611 0.843141 0.397524 0.473398 -0.843236 0.192332 -0.457835 0.938567 0.206704 -0.973033 -0.840415 -0.214914 0.534328 0.534459 -0.158904 0.161733 -0.977975 -0.954911 -0.198202 0.0124809 0.354388 -1 0.500239 0.505282 -0.404093 0.517174 -0.625694 -0.346667 0.904826 0.386404 0.382044 0.121471 -0.654927 -0.253367 0.412701 0.332674 -0.443809 0.657852 -0.0668987 -1 -1 -1 0.411457 0.297417 -0.522336 0.500247 -0.950278 0.510139 0.57785 0.851851 -0.690059 -0.755439 -1 -0.452742 -0.554022 -0.987475 -0.118211 -0.328247 0.105277 -0.787128 0.33334 0.0437399 
-0.780672 -0.791413 -0.140428 0.689662 0.525265 0.412678 -0.802243 -0.706861 0.368309 -0.127254 -0.0725522 0.754685 0.612149 -0.178489 -0.276734 0.319088 -0.361689 -0.375995 0.259654 -0.834179 -0.108581 -0.0216374 -0.0182399 -0.435805 -0.362588 0.0440245 -1 0.610345 0.226114 -1 -1 -0.625389 0.441476 -0.0405887 -1 -0.277869 0.412532 0.104302 -1 -0.0869715 1 0.240448 0.480185 -1 -0.987043 -0.100561 0.0705793 -0.333967 0.0665383 -0.0507269 0.319634 0.13295 -0.956738 0.39963 -1 0.0541528 0.218603 -0.868796 -0.944341 -1 -0.47464 -1 0.0396363 0.0363784 -0.488252 0.22996 -0.386743 -0.825704 0.370658 -1 0.51127 0.663359 -0.0987184 -0.569627 -0.805105 -1 -0.755076 -0.357116 -0.445418 0.937699 -1 -0.291389 -0.314821 -0.967991 -0.567784 -0.981595 0.487494 -0.597223 -1 -0.753004 -0.056013 -0.80823 0.396633 0.33872 -0.838491 0.413515 -1 -0.135734 -1 0.0199577 -0.95908 -0.0999494 -0.778524 -0.334068 0.282659 0.0204011 0.391553 -0.842177 0.715211 -0.85272 0.0937116 0.576183 -0.403014 -1 -0.828934 -0.0954004 0.540246 -1 -0.943668 -1 -0.952834 -0.925344 -1 0.463116 0.281955 -0.0612746 0.066868 0.918142 -0.0683162 -1 -0.286791 -1 0.512771 -1 -0.1414 -0.0409757 0.275226 -0.385276 
-0.753776 0.0583925 0.461509 -0.256025 -1 -0.152398 0.0388248 -1 0.0581604 -0.0265558 -0.943984 -0.886177 0.345124 0.00498405 -0.293388 -1 -0.472966 -1 0.0429919 -1 0.313229 0.127482 0.486291 -0.912005 0.4421 -0.33176 -0.926089 0.147817 -0.155781 0.292502 -0.342878 -0.356805 0.599504 -0.791246 0.191264 -0.122704 -1 0.613389 0.273871 -0.00293256 -0.419268 0.709338 -0.759126 -1 -0.669879 -0.699932 0.92522 -0.714585 0.564399 0.0595771 0.434455 0.474839 0.114654 -0.939735 -0.563011 -0.419601 -0.974154 -0.221211 0.325764 -0.113416 0.130392 -0.913935 -0.155017 -0.33345 -0.0528175 -0.555402 0.748487 0.255536 -0.0247243 0.159287 0.15115 0.333856 -0.239852 -0.762058 -0.988101 -0.875468 0.815357 0.843141 0.177134 0.381136 -0.843236 0.0433086 -0.776581 0.725048 0.220257 -1 -0.840415 -0.214914 0.413467 0.534459 -0.118317 0.148768 -0.977975 -0.954911 -0.345008 -0.105036 0.308755 -1 0.503733 0.422421 -0.580369 0.517174 -0.625694 -0.48985 0.904826 0.229701 0.432374 -0.0656084 -0.722731 -0.253367 0.412701 0.332674 -0.565715 0.517312 -0.0668987 -1 -0.971954 -0.958105 0.332356 0.297417 -0.522336 0.532671 -0.94229 0.493273 0.544756 0.707633 -0.765739 -0.755439 -1 -0.463103 -0.554022 -0.986298 -0.272259 -0.285505 0.105277 -0.861843 0.151534 -0.00509204 
-0.753776 0.0583925 0.461509 -0.256025 -1 -0.152398 0.0388248 -1 0.0581604 -0.0265558 -0.943984 -0.886177 0.345124 0.00498405 -0.293388 -1 -0.472966 -1 0.0429919 -1 0.313229 0.127482 0.486291 -0.912005 0.4421 -0.33176 -0.926089 0.147817 -0.155781 0.292502 -0.342878 -0.356805 0.599504 -0.791246 0.191264 -0.122704 -1 0.613389 0.273871 -0.00293256 -0.419268 0.709338 -0.759126 -1 -0.669879 -0.699932 0.92522 -0.714585 0.564399 0.0595771 0.434455 0.474839 0.114654 -0.939735 -0.563011 -0.419601 -0.974154 -0.221211 0.325764 -0.113416 0.130392 -0.913935 -0.155017 -0.33345 -0.0528175 -0.555402 0.748487 0.255536 -0.0247243 0.159287 0.15115 0.333856 -0.239852 -0.762058 -0.988101 -0.875468 0.815357 0.843141 0.177134 0.381136 -0.843236 0.0433086 -0.776581 0.725048 0.220257 -1 -0.840415 -0.214914 0.413467 0.534459 -0.118317 0.148768 -0.977975 -0.954911 -0.345008 -0.105036 0.308755 -1 0.503733 0.422421 -0.580369 0.517174 -0.625694 -0.48985 0.904826 0.229701 0.432374 -0.0656084 -0.722731 -0.253367 0.412701 0.332674 -0.565715 0.517312 -0.0668987 -1 -0.971954 -0.958105 0.332356 0.297417 -0.522336 0.532671 -0.94229 0.493273 0.544756 0.707633 -0.765739 -0.755439 -1 -0.463103 -0.554022 -0.986298 -0.272259 -0.285505 0.105277 -0.861843 0.151534 -0.00509204 
-0.678262 -0.621364 -0.17815 0.602099 0.417714 0.0566236 -1 -0.945674 0.0350247 -0.611867 0.0764566 0.277678 0.64786 0.201203 0.0029705 0.402733 -0.32777 -0.256474 0.00834274 -1 -0.0371882 -0.122793 -0.178111 -0.867679 -0.225103 0.549597 -1 0.456392 0.533787 -1 -1 -0.704268 0.648243 -0.326581 -0.978658 -0.14581 -0.0847688 -0.395276 -1 -0.090876 0.786568 0.172514 0.497911 -0.980105 -1 -0.545744 0.380603 -0.051698 0.178553 -0.482903 0.434544 -0.179371 -0.882256 0.129757 -1 -0.158674 -0.00982928 -0.826048 -1 -1 -0.879217 -0.991426 -0.0730427 0.0416944 -0.292196 0.307797 -0.616769 -1 -0.0707295 -1 0.664655 0.922611 -0.399805 -0.819862 -0.773718 -1 -0.589067 -0.777111 -0.167994 0.766093 -0.976522 -0.516097 0.059922 -0.971369 -0.64743 -0.979161 0.217176 -0.539459 -1 -0.412641 -0.219362 -0.754584 0.558292 0.704936 -0.541041 0.533488 -1 -0.240991 -1 -0.221791 -1 -0.165067 -0.999582 -0.174794 0.446342 -0.229463 0.668071 -0.392768 0.609653 -1 0.00898077 0.190556 -0.461922 -0.988918 -0.737779 -0.129867 0.183712 -1 -0.828347 -1 -0.932507 -1 -0.970406 0.436258 0.398668 -0.20185 -0.222744 0.928279 0.146941 -0.913631 -0.335447 -1 0.0131064 -1 0.056775 -0.0411917 0.415628 -0.607014 
