-0.476879 -1 0.969218 0.240243 -0.0554373 -1 -1 0.287348 0.242129 -1 -0.113155 0.671906 -0.403231 -0.895591 0.177842 0.461481 0.0992893 -0.700533 -0.311256 -0.678736 0.85526 0.287217 -0.0273566 -0.124689 -1 -0.545706 -0.254354 -1 0.207972 0.125911 0.518677 -1 0.660474 -0.771461 0.985674 0.63415 -1 -1 -0.546745 0.0928506 0.376622 0.0049893 0.255031 0.446526 -0.25682 -0.889203 -1 -0.496153 -1 0.270982 -0.0717827 0.0242248 -0.322377 -0.886643 -0.634258 0.0653562 0.037932 -0.594701 0.386832 0.452449 -0.00694335 -1 -1 -1 0.107483 -0.722524 -1 -1 -0.913062 -0.473506 -0.00412714 0.91584 -0.569778 -0.101782 -1 -1 0.400594 -0.8449 -0.0564924 -0.898916 -0.912235 -0.234864 -1 -0.548838 -1 -0.156316 -0.16237 -0.736645 -0.531638 -0.732845 -0.115076 0.00413981 -0.140089 -1 -0.525923 -0.619487 -0.617997 -0.578134 0.8231 -0.738392 -1 -1 -1 -0.753774 -0.0176864 -0.242948 0.255522 -0.852457 -0.685215 0.915598 -0.429473 -0.139046 -0.671525 -0.599249 -0.892792 -0.167175 -0.83947 -0.677423 -0.231817 0.928556 0.0502251 -0.0856114 0.905674 -0.232753 -0.862008 -0.767224 0.381796 -0.470894 -0.0642726 -1 -0.406692 -1 -0.0822475 -0.0772833 -0.610391 -0.327074 0.414489 -0.967381 
-0.436275 -1 -0.261863 0.0787121 0.904506 0.711087 -0.695976 -1 0.658375 -0.974297 -1 -0.494832 -0.742307 0.388978 0.873056 -0.608994 -0.822031 -0.371293 -1 0.448169 -1 -1 0.208345 -1 -1 1 0.151335 0.416219 -0.414786 -0.968938 -1 -0.208884 -0.598848 0.200242 -0.403338 -1 -0.105689 -0.448625 0.32358 -1 0.344858 -0.600014 -1 0.777044 -1 -0.780886 0.130075 -1 -0.335194 -0.926342 -1 0.061312 -0.241971 -0.578562 -0.955359 0.520971 -0.0861846 -0.511622 -0.877293 -1 -0.787277 -0.350741 -1 0.0390707 0.892976 -1 -0.0403649 -0.651372 0.470525 1 0.802116 -1 -0.718431 -0.906312 -1 0.0803897 -0.205428 -0.263521 -0.155757 -1 -1 -0.753628 -0.272884 -0.524437 -0.427353 -1 0.136275 0.52624 0.501172 -0.585487 -0.223125 -1 0.0795504 -0.142486 -0.761136 -0.216939 -0.809918 -0.700841 -1 -0.031951 -1 0.2199 0.00566755 -0.318131 -0.217452 0.1578 -1 0.210192 -0.711855 -0.0350807 -0.704512 0.499894 0.0366837 -0.303337 -0.167234 -1 -0.255521 -0.485098 -0.906453 -1 0.660897 -1 0.103391 -0.325385 0.937892 -0.547032 -0.054544 -1 -0.345266 -1 -0.569122 -1 -0.354919 0.392745 -0.587729 -1 -0.766348 -0.185653 
-0.476879 -1 0.969218 0.240243 -0.0554373 -1 -1 0.287348 0.242129 -1 -0.113155 0.671906 -0.403231 -0.895591 0.177842 0.461481 0.0992893 -0.700533 -0.311256 -0.678736 0.85526 0.287217 -0.0273566 -0.124689 -1 -0.545706 -0.254354 -1 0.207972 0.125911 0.518677 -1 0.660474 -0.771461 0.985674 0.63415 -1 -1 -0.546745 0.0928506 0.376622 0.0049893 0.255031 0.446526 -0.25682 -0.889203 -1 -0.496153 -1 0.270982 -0.0717827 0.0242248 -0.322377 -0.886643 -0.634258 0.0653562 0.037932 -0.594701 0.386832 0.452449 -0.00694335 -1 -1 -1 0.107483 -0.722524 -1 -1 -0.913062 -0.473506 -0.00412714 0.91584 -0.569778 -0.101782 -1 -1 0.400594 -0.8449 -0.0564924 -0.898916 -0.912235 -0.234864 -1 -0.548838 -1 -0.156316 -0.16237 -0.736645 -0.531638 -0.732845 -0.115076 0.00413981 -0.140089 -1 -0.525923 -0.619487 -0.617997 -0.578134 0.8231 -0.738392 -1 -1 -1 -0.753774 -0.0176864 -0.242948 0.255522 -0.852457 -0.685215 0.915598 -0.429473 -0.139046 -0.671525 -0.599249 -0.892792 -0.167175 -0.83947 -0.677423 -0.231817 0.928556 0.0502251 -0.0856114 0.905674 -0.232753 -0.862008 -0.767224 0.381796 -0.470894 -0.0642726 -1 -0.406692 -1 -0.0822475 -0.0772833 -0.610391 -0.327074 0.414489 -0.967381 
-0.436275 -1 -0.261863 0.0787121 0.904506 0.711087 -0.695976 -1 0.658375 -0.974297 -1 -0.494832 -0.742307 0.388978 0.873056 -0.608994 -0.822031 -0.371293 -1 0.448169 -1 -1 0.208345 -1 -1 1 0.151335 0.416219 -0.414786 -0.968938 -1 -0.208884 -0.598848 0.200242 -0.403338 -1 -0.105689 -0.448625 0.32358 -1 0.344858 -0.600014 -1 0.777044 -1 -0.780886 0.130075 -1 -0.335194 -0.926342 -1 0.061312 -0.241971 -0.578562 -0.955359 0.520971 -0.0861846 -0.511622 -0.877293 -1 -0.787277 -0.350741 -1 0.0390707 0.892976 -1 -0.0403649 -0.651372 0.470525 1 0.802116 -1 -0.718431 -0.906312 -1 0.0803897 -0.205428 -0.263521 -0.155757 -1 -1 -0.753628 -0.272884 -0.524437 -0.427353 -1 0.136275 0.52624 0.501172 -0.585487 -0.223125 -1 0.0795504 -0.142486 -0.761136 -0.216939 -0.809918 -0.700841 -1 -0.031951 -1 0.2199 0.00566755 -0.318131 -0.217452 0.1578 -1 0.210192 -0.711855 -0.0350807 -0.704512 0.499894 0.0366837 -0.303337 -0.167234 -1 -0.255521 -0.485098 -0.906453 -1 0.660897 -1 0.103391 -0.325385 0.937892 -0.547032 -0.054544 -1 -0.345266 -1 -0.569122 -1 -0.354919 0.392745 -0.587729 -1 -0.766348 -0.185653 
-0.436275 -1 -0.261863 0.0787121 0.904506 0.711087 -0.695976 -1 0.658375 -0.974297 -1 -0.494832 -0.742307 0.388978 0.873056 -0.608994 -0.822031 -0.371293 -1 0.448169 -1 -1 0.208345 -1 -1 1 0.151335 0.416219 -0.414786 -0.968938 -1 -0.208884 -0.598848 0.200242 -0.403338 -1 -0.105689 -0.448625 0.32358 -1 0.344858 -0.600014 -1 0.777044 -1 -0.780886 0.130075 -1 -0.335194 -0.926342 -1 0.061312 -0.241971 -0.578562 -0.955359 0.520971 -0.0861846 -0.511622 -0.877293 -1 -0.787277 -0.350741 -1 0.0390707 0.892976 -1 -0.0403649 -0.651372 0.470525 1 0.802116 -1 -0.718431 -0.906312 -1 0.0803897 -0.205428 -0.263521 -0.155757 -1 -1 -0.753628 -0.272884 -0.524437 -0.427353 -1 0.136275 0.52624 0.501172 -0.585487 -0.223125 -1 0.0795504 -0.142486 -0.761136 -0.216939 -0.809918 -0.700841 -1 -0.031951 -1 0.2199 0.00566755 -0.318131 -0.217452 0.1578 -1 0.210192 -0.711855 -0.0350807 -0.704512 0.499894 0.0366837 -0.303337 -0.167234 -1 -0.255521 -0.485098 -0.906453 -1 0.660897 -1 0.103391 -0.325385 0.937892 -0.547032 -0.054544 -1 -0.345266 -1 -0.569122 -1 -0.354919 0.392745 -0.587729 -1 -0.766348 -0.185653 
-0.436275 -1 -0.261863 0.0787121 0.904506 0.766907 -0.695976 -1 0.658375 -0.974297 -1 -0.494832 -0.742307 0.388978 0.873056 -0.608994 -0.822031 -0.371293 -1 0.448169 -1 -1 0.208345 -1 -1 0.836972 0.151335 0.416219 -0.414786 -0.968938 -1 -0.4924 -0.598848 0.200242 -0.403338 -1 -0.105689 -0.448625 0.32358 -1 0.344858 -0.600014 -1 0.777044 -1 -0.780886 0.130075 -1 -0.335194 -0.926342 -1 0.061312 -0.241971 -0.578562 -1 0.520971 -0.0861846 -0.511622 -0.877293 -1 -0.787277 -0.350741 -1 0.0390707 0.892976 -1 -0.0403649 -0.651372 0.470525 1 0.802116 -1 -0.543942 -0.906312 -1 0.0803897 -0.205428 -0.263521 -0.155757 -1 -0.859755 -1 -0.272884 -0.902827 -0.427353 -1 0.136275 0.52624 0.501172 -0.585487 -0.223125 -1 0.0795504 -0.142486 -0.761136 -0.216939 -0.809918 -0.700841 -1 -0.031951 -1 0.2199 -0.168997 -0.318131 -0.217452 0.1578 -1 0.210192 -0.711855 -0.0350807 -0.704512 0.499894 0.0366837 -0.303337 -0.167234 -1 -0.255521 -0.485098 -0.906453 -1 0.660897 -1 0.103391 -0.325385 0.937892 -0.547032 -0.054544 -1 -0.345266 -1 -0.710979 -1 -0.354919 0.392745 -0.587729 -1 -0.766348 -0.185653 
-0.436275 -1 -0.261863 0.0978016 0.757573 0.619906 -1 -1 0.658375 -1 -1 -0.494832 -1 0.388978 -0.269121 -1 -1 -0.371293 -1 0.795729 -1 -1 -1 -1 -1 1 -0.13631 0.416219 -0.414786 -0.968938 -1 -0.208884 -1 0.200242 -0.964128 -1 -0.105689 -0.448625 0.32358 -1 -0.260344 -0.55206 -1 -0.337213 -0.671051 -1 0.275449 -1 -0.335194 -0.926342 -1 0.061312 -0.721963 -0.578562 -0.955359 0.601878 -0.0861846 -1 -1 -1 -0.787277 -0.350741 -1 -0.222896 0.612588 -0.647538 -0.260176 -0.651372 0.470525 0.874653 0.802116 -1 -0.718431 -0.906312 -1 0.527706 -0.205428 -0.25655 -0.155757 -1 -1 -0.753628 -0.589811 -0.330477 -0.427353 -1 0.136275 0.52624 -0.201545 -0.319236 -0.223125 -1 0.0795504 -0.200772 -0.712262 -0.216939 -0.809918 -0.662922 -1 -0.912789 -1 -0.0172736 0.00566755 -0.318131 -0.680995 0.1578 -1 0.210192 -0.711855 -0.0350807 -0.580612 0.156956 -0.379529 -0.303337 -0.833392 -1 -0.552421 -0.965402 -0.906453 -1 0.660897 -1 0.103391 -0.325385 0.937892 -0.547032 -0.054544 -1 0.0676857 -1 -0.189539 -1 -0.354919 -0.108764 -0.587729 -1 -0.766348 -0.185653 
-0.595158 -1 -0.746877 0.0787121 0.208684 0.766907 -0.695976 -1 0.658375 -1 -1 -0.494832 -0.742307 -0.746861 0.873056 -0.608994 -0.822031 -0.371293 -1 0.448169 -1 -1 0.20556 -1 -1 0.836972 0.151335 0.416219 -1 -0.78457 -1 -0.4924 -0.598848 0.200242 -0.403338 -1 -0.105689 -0.448625 0.32358 -0.834006 -0.804353 -0.600014 -0.899383 0.777044 -1 -0.780886 0.130075 -1 -0.335194 -1 -0.966958 -1 -0.241971 -0.681359 -1 0.520971 -0.0861846 -1 -0.877293 -1 -0.787277 -0.456257 -1 0.00684255 1 -1 -0.0403649 -0.651372 0.470525 1 0.802116 -1 -0.543942 -0.906312 -0.780589 0.0803897 -0.205428 -0.263521 -0.155757 -1 -0.859755 -1 -0.272884 -0.72036 -0.427353 -1 0.136275 0.484399 0.501172 -0.585487 -0.223125 -1 0.0795504 -0.142486 -0.761136 0.0754009 -0.809918 -1 -1 -0.031951 -1 0.2199 -0.168997 -0.318131 -0.217452 0.1578 -1 0.210192 -0.711855 -0.0350807 -1 0.499894 0.0366837 -0.0739866 -0.167234 -1 -0.565347 -0.485098 -0.906453 -1 0.435512 -1 0.103391 -1 0.937892 -1 -0.054544 -1 -0.345266 -1 -0.710979 -1 -1 0.300253 -1 -1 -0.766348 -0.185653 
-0.476879 -0.949213 0.969218 0.0740546 -0.0554373 -1 -1 0.287348 0.242129 -1 -0.113155 0.681704 -0.403231 -0.895591 0.177842 0.461481 0.0992893 -0.700533 -0.627245 -0.780698 0.491998 0.287217 -0.119235 -0.124689 -1 -0.545706 -0.254354 -1 0.207972 0.212022 0.518677 -1 0.783614 -0.771461 0.985674 0.390031 -1 -0.897403 -0.4661 0.0928506 0.314248 0.0049893 0.255031 0.446526 -0.25682 -0.918519 -1 -0.496153 -0.910987 0.270982 -0.0717827 0.0242248 -0.322377 -0.886643 -0.634258 0.0653562 0.037932 -0.594701 0.386832 0.452449 -0.00694335 -1 -1 -1 -0.274218 -0.722524 -1 -1 -0.913062 -0.473506 -0.347305 0.91584 -0.569778 -0.101782 -1 -1 0.340136 -0.8449 -0.651903 -0.898916 -0.912235 -0.4654 -1 -0.601261 -1 -0.156316 -0.16237 -0.822261 -0.713173 -0.732845 -0.115076 0.00413981 -0.140089 -1 -0.525923 -0.619487 -0.836139 -0.578134 0.8231 -0.738392 -1 -1 -1 -0.753774 0.0798193 -0.676772 0.255522 -0.852457 -0.700604 0.915598 -0.369655 -0.139046 -0.874506 -0.599249 -0.892792 -0.167175 -0.83947 -0.677423 -0.231817 0.928556 -0.306838 -0.0856114 0.905674 -0.706407 -0.862008 -0.767224 0.0990524 -0.470894 -0.0642726 -1 -0.406692 -1 -0.0822475 -0.0772833 -0.722103 -0.327074 0.414489 -0.967381 
-0.476879 -0.949213 0.969218 0.277276 -0.0554373 -1 -0.737375 0.287348 0.242129 -1 -0.113155 0.681704 -0.403231 -1 0.177842 0.461481 0.0992893 -1 -0.627245 -0.780698 -0.366323 0.287217 -0.119235 0.0694021 -1 -0.348556 -1 -1 0.207972 0.212022 0.518677 -1 0.407697 -0.771461 0.682937 0.390031 -1 -1 -0.4661 0.0928506 0.314248 0.0049893 0.0251117 0.446526 -0.25682 -0.918519 -1 -0.496153 -1 0.270982 -0.0717827 0.0242248 -0.988918 -0.886643 -1 -1 0.037932 -0.594701 0.386832 0.569403 -0.00694335 -1 -1 -1 -0.274218 -0.722524 -0.989936 -1 -0.913062 -0.473506 -1 0.91584 -0.569778 -0.101782 -1 -1 0.340136 -0.8449 -0.651903 -0.898916 -0.912235 -1 -1 -0.601261 -1 -0.156316 -0.16237 -1 -0.713173 -0.732845 -0.115076 0.00413981 -0.140089 -1 -0.525923 -0.897211 -0.836139 -0.578134 0.557868 -0.738392 -1 -1 -1 -0.753774 0.0798193 -0.676772 0.255522 -0.852457 -0.941768 0.915598 -0.369655 -0.713772 -0.874506 -0.599249 -1 -0.167175 -0.83947 -0.677423 -0.231817 0.928556 -0.306838 -0.0856114 0.905674 -0.706407 -0.862008 -0.767224 -0.973274 -0.470894 -0.0642726 -1 -0.406692 -1 -0.0822475 -1 -0.722103 -0.826445 0.414489 -0.967381 
