0.137376 -0.0636194 -0.99585 -0.201408 -0.809977 -0.27785 0.428665 -0.437095 -0.769986 -0.916461 -1 -0.691086 0.379713 0.486335 -0.109907 0.303403 0.473534 -0.118626 -0.407946 0.932896 -0.612992 -1 0.85518 0.718776 -0.759767 -0.934433 -1 -0.365202 -0.392832 0.0625519 -0.597641 -0.8089 -0.668282 -0.505325 -1 0.0826489 -1 0.993849 -0.660927 -0.0739594 -0.403238 -0.169502 -0.58939 -0.643624 -1 0.742324 0.706338 -0.609331 -0.214377 -0.640452 -1 0.360976 0.372391 -0.525768 0.441921 -0.0429106 0.581239 -0.995024 -0.83905 1 -0.158013 -0.134391 -0.29221 -0.458087 -0.365621 0.667137 0.101678 -0.0139936 -0.913671 -1 -0.940593 -0.00391221 0.312599 -0.242699 0.31852 -0.241463 -0.761766 -1 -0.762414 0.420358 -1 -1 0.809437 -0.834551 -1 -0.00502929 -0.124745 -0.674156 0.0298584 -0.306101 0.36523 0.686945 -0.70416 0.259787 0.42684 -0.466101 -1 -0.923477 -0.557048 0.373746 0.504903 0.311228 -0.943318 0.118701 -0.31223 1 -0.168871 0.147195 -0.712933 -0.754316 -0.383223 0.521422 0.121997 -1 -1 0.0764751 0.0353774 -0.818674 -0.273704 -0.0914668 -1 -0.16628 -1 0.959348 0.517347 -0.398224 -0.976335 -1 0.909501 -0.884698 -0.29814 -0.541305 -0.681253 0.211989 -1 -0.21205 -0.680933 -0.800399 
0.137376 -0.0636194 -0.99585 -0.946616 -1 -0.489389 0.428665 -0.437095 -0.769986 -1 -1 -0.691086 0.379713 0.486335 0.138189 0.303403 0.0679017 -1 -0.407946 -0.14889 -0.612992 -1 0.85518 0.718776 -1 -0.934433 -1 -0.966896 -1 0.0625519 -1 -0.8089 -1 -0.505325 -1 0.0826489 -1 0.993849 -0.389114 -1 -0.00616655 -1 -1 -0.643624 -1 0.742324 0.706338 -0.609331 -0.262412 -0.640452 -1 -0.393457 0.372391 -1 0.197497 -0.0429106 0.581239 -0.995024 -0.83905 1 -0.158013 -0.134391 -0.29221 -0.458087 -0.365621 0.667137 -0.133684 -0.0139936 -0.913671 -1 -1 -0.930678 -0.716729 -0.750873 0.31852 -0.359479 -0.761766 -1 -1 0.420358 -1 -0.974006 0.809437 -1 -1 -0.00502929 -0.746 -0.638978 0.0298584 0.0113841 0.249678 0.686945 -0.70416 0.259787 0.42684 -0.466101 -1 -1 -0.557048 0.373746 0.00986302 -0.493975 -0.943318 0.290652 -0.31223 1 -0.168871 -0.848232 -1 -0.754316 -0.383223 0.521422 0.121997 -1 -1 0.0764751 0.0353774 -0.818674 -0.46994 -0.0914668 -1 -0.00375482 -1 -0.129126 -0.547589 -0.398224 -1 -1 0.909501 -0.884698 -0.29814 -0.876124 -0.954088 0.211989 -1 -0.0930585 -0.680933 -1 
0.137376 -0.524483 -0.99585 -0.201408 -0.795366 -0.27785 0.428665 -0.437095 -1 -1 -0.770347 -0.691086 -0.8811 0.486335 -0.109907 -0.208244 0.473534 -0.108896 -0.201924 0.932896 -0.612992 -1 0.376688 -0.171742 -0.759767 -0.934433 -1 -0.365202 -1 -0.771386 -0.524223 -0.8089 -0.668282 -0.596097 -0.998741 -0.430779 -1 0.0530207 -0.965158 -0.480057 -0.403238 -0.169502 -0.440022 -0.691832 -1 -0.195799 0.706338 -0.609331 -0.214377 -1 -1 0.615155 0.299739 -0.525768 0.441921 -0.922909 0.581239 -0.995024 -1 0.0952679 -0.454875 -0.134391 -0.530067 -0.454239 -0.365621 0.667137 0.101678 -0.0139936 -0.913671 -1 -0.957431 -0.00391221 -0.688221 -0.242699 -0.369774 -0.993465 -0.497371 -1 -1 0.420358 -1 -1 0.194021 -1 -1 0.0907001 -0.0111877 -0.674156 0.0298584 -0.306101 0.36523 -0.194965 -0.70416 0.427782 -0.450068 -0.466101 -1 -1 -1 0.373746 0.57476 -0.585364 -0.791293 0.118701 -0.31223 1 -0.168871 0.147195 -1 -1 -1 0.521422 0.11538 -1 -0.915944 0.0764751 0.199672 -0.818674 -0.891351 -0.640964 -1 -0.16628 -1 0.959348 0.427927 -0.398224 -1 -0.767938 0.305124 -1 -0.29814 -1 -0.97591 0.211989 -1 -0.21205 -1 -1 
-0.105063 -0.458564 -1 0.085356 -1 -0.27785 0.097236 -0.437095 -0.714331 -1 -1 -1 -1 -0.520438 -1 -1 0.473534 -0.5113 -1 0.530618 -1 -1 -0.179432 -0.766801 -0.706736 -1 -1 -0.840936 -0.398728 -0.303059 -0.835743 -1 -1 -1 -1 -1 -1 -0.546766 -0.721599 -0.833316 -1 -0.954222 -0.58939 -0.682813 -1 -0.439943 -0.133059 -1 -1 -0.848732 -1 0.277055 0.372391 -1 -0.914134 -0.460723 0.365871 -0.995024 -1 0.0313213 -0.769765 -0.134391 -1 -0.511341 -1 -0.178731 0.347417 -1 -1 -0.953117 -0.93176 -1 -1 -0.242699 -0.643178 -0.00572273 -1 -1 -1 0.0182356 -1 -1 -0.142398 -1 -1 0.240992 -0.124745 -1 -0.290727 -0.362915 0.578357 -0.0325511 -1 0.242054 0.282635 -0.350091 -0.75419 -1 -1 -0.0332901 0.511863 -0.174314 -1 -0.366278 -0.929297 0.143303 -0.943276 0.176377 -0.652289 -1 -0.995943 -0.0528866 -0.877508 -1 -1 -0.797477 -0.881116 -1 -1 -0.0914668 -1 -0.16894 -0.649436 1 0.517347 -0.398224 -0.976335 -1 0.909501 -0.884698 -1 -0.924303 -0.983585 -1 -1 -0.21205 -1 -1 
-1 -0.0636194 -1 -0.889376 -0.809977 -1 0.526492 -0.568144 -1 -0.916461 -1 -1 0.004058 0.181392 -0.17559 -0.254968 -0.14377 -0.868443 -0.53246 -0.775309 -0.762857 -1 0.681205 0.657383 -0.881325 -0.934433 -0.664243 -0.474227 -0.568083 0.378552 -0.902444 -0.756431 -0.824329 -0.393974 -1 -0.240384 -1 1 -1 -1 0.089891 -0.169502 -0.850452 -0.535773 -1 0.673295 0.549246 -0.371768 -0.214377 -0.833963 -1 -0.0497673 -0.543618 -1 -1 -1 -0.637851 -1 -1 0.355098 -0.158013 -0.134391 -0.831872 -0.220824 -0.00808808 0.636448 0.101678 -0.233567 -0.766246 -1 -0.940593 0.0822882 0.312599 -1 -1 -1 -1 -1 -0.897456 0.021209 -1 -1 0.479823 -1 -1 -1 -0.478386 -0.674156 -1 0.084801 0.311278 0.18158 -1 -0.963537 0.42684 -0.329822 -0.794012 -0.807483 -0.768471 -0.453237 0.504903 -0.982248 -1 0.0879212 -0.31223 0.154799 -0.168871 -1 -1 -0.754316 -1 0.663224 -0.0531506 -1 -1 -0.0634163 -0.37226 -1 -0.23712 -0.360185 -1 -1 -1 0.175116 0.235626 -1 -1 -0.84127 1 -0.939994 -1 -1 -0.946698 -1 -0.885032 -0.21205 -1 -1 
0.137376 -0.0636194 -0.835159 -0.201408 -0.809977 -0.66238 0.070398 -1 -0.769986 -0.776929 -1 -0.931817 -0.21783 0.344547 -0.109907 -0.175054 0.0952999 -0.118626 -0.944736 0.932896 -0.403677 -1 0.834564 0.648325 -0.759767 -0.934433 -1 -0.365202 -0.919755 -0.563606 -0.992509 -0.8089 -1 -0.505325 -1 -0.710296 -1 0.367943 -0.660927 -0.119986 -0.403238 -0.169502 -0.58939 -1 -0.909586 0.680924 0.70668 -0.931349 -0.44467 -0.571355 -1 0.360976 0.372391 -0.525768 -0.122767 -0.459648 0.581239 -1 -0.676894 1 -0.158013 -0.134391 -0.29221 -0.458087 -0.478898 0.667137 0.101678 -0.274889 -1 -1 -0.744432 -0.794113 0.114089 -0.0560708 -0.0511828 -0.600608 -1 -1 -0.762414 0.270328 -1 -1 0.57693 -0.834551 -0.729441 0.122832 -0.723272 -0.674156 0.0298584 -0.306101 0.36523 0.254169 -0.70416 0.259787 0.0516334 -0.705791 -1 -0.923477 -0.444628 -0.197443 0.708228 0.35989 -0.943318 0.118701 -0.31223 0.472217 -0.168871 -0.231287 -1 -1 -1 -0.304641 0.121997 -1 -1 0.0764751 0.0353774 -0.818674 -0.273704 -0.645112 -1 -0.16628 -1 0.959348 0.517347 -0.398224 -0.87248 -0.827441 0.909501 -1 -0.29814 -1 -0.681253 0.211989 -1 -0.21205 -1 -1 
0.137376 -0.0636194 -0.99585 -0.201408 -0.809977 -0.27785 0.428665 -0.437095 -0.769986 -0.916461 -1 -0.691086 0.379713 0.486335 -0.109907 0.303403 0.473534 -0.118626 -0.407946 0.932896 -0.612992 -1 0.85518 0.718776 -0.759767 -0.934433 -1 -0.365202 -0.392832 0.0625519 -0.597641 -0.8089 -0.668282 -0.505325 -1 0.0826489 -1 0.993849 -0.660927 -0.0739594 -0.403238 -0.169502 -0.58939 -0.643624 -1 0.742324 0.706338 -0.609331 -0.214377 -0.640452 -1 0.360976 0.372391 -0.525768 0.441921 -0.0429106 0.581239 -0.995024 -0.83905 1 -0.158013 -0.134391 -0.29221 -0.458087 -0.365621 0.667137 0.101678 -0.0139936 -0.913671 -1 -0.940593 -0.00391221 0.312599 -0.242699 0.31852 -0.241463 -0.761766 -1 -0.762414 0.420358 -1 -1 0.809437 -0.834551 -1 -0.00502929 -0.124745 -0.674156 0.0298584 -0.306101 0.36523 0.686945 -0.70416 0.259787 0.42684 -0.466101 -1 -0.923477 -0.557048 0.373746 0.504903 0.311228 -0.943318 0.118701 -0.31223 1 -0.168871 0.147195 -0.712933 -0.754316 -0.383223 0.521422 0.121997 -1 -1 0.0764751 0.0353774 -0.818674 -0.273704 -0.0914668 -1 -0.16628 -1 0.959348 0.517347 -0.398224 -0.976335 -1 0.909501 -0.884698 -0.29814 -0.541305 -0.681253 0.211989 -1 -0.21205 -0.680933 -0.800399 
0.137376 -0.642759 -1 -0.115311 -0.951769 -0.81989 0.243147 -0.204923 -1 -0.799371 -1 -1 0.186779 0.247694 0.028768 0.158333 0.473534 -0.118626 -0.725762 0.932896 -0.612992 -1 0.40343 -0.0860617 -0.789978 -0.840175 -1 -1 -0.231743 -0.488135 -0.597641 -0.606696 -1 -1 -0.893407 -0.774002 -1 0.993849 -1 -0.0739594 -0.403238 -0.169502 -0.886138 -1 -1 0.742324 0.102234 -0.609331 -0.214377 -0.935313 -1 0.360976 0.330245 -0.822125 -1 0.0971954 0.695748 -1 -1 1 -0.190903 -0.670254 -1 -0.458087 -0.211675 -0.864252 0.419272 -0.400031 -0.887515 -1 -0.943566 0.0486795 -1 -0.0924282 0.31852 -0.949502 -1 -1 -1 -0.0328517 -1 -1 0.809437 -1 -0.8241 -0.326553 -0.124745 -0.49179 0.0298584 -0.689047 0.0593697 0.479716 -1 0.259787 0.449353 -0.466101 -0.931811 -1 -1 -0.695349 -0.669753 0.311228 -0.943318 0.118701 -0.0173422 0.8907 -0.168871 0.147195 -0.712933 -0.86569 -0.37917 0.521422 0.121997 -0.889761 -1 0.165937 -0.244066 -1 -0.273704 -0.0914668 -1 -1 -1 1 0.517347 -1 -1 -1 0.909501 -0.884698 -0.418742 -0.541305 -0.653613 -0.942294 -0.721185 0.0159404 -1 -0.800399 
0.137376 -0.524483 -0.99585 -0.201408 -0.795366 -0.27785 0.428665 -0.437095 -1 -1 -0.770347 -0.691086 -0.8811 0.486335 -0.109907 -0.208244 0.473534 -0.108896 -0.201924 0.932896 -0.612992 -1 0.376688 -0.171742 -0.759767 -0.934433 -1 -0.365202 -1 -0.771386 -0.524223 -0.8089 -0.668282 -0.596097 -0.998741 -0.430779 -1 0.0530207 -0.965158 -0.480057 -0.403238 -0.169502 -0.440022 -0.691832 -1 -0.195799 0.706338 -0.609331 -0.214377 -1 -1 0.615155 0.299739 -0.525768 0.441921 -0.922909 0.581239 -0.995024 -1 0.0952679 -0.454875 -0.134391 -0.530067 -0.454239 -0.365621 0.667137 0.101678 -0.0139936 -0.913671 -1 -0.957431 -0.00391221 -0.688221 -0.242699 -0.369774 -0.993465 -0.497371 -1 -1 0.420358 -1 -1 0.194021 -1 -1 0.0907001 -0.0111877 -0.674156 0.0298584 -0.306101 0.36523 -0.194965 -0.70416 0.427782 -0.450068 -0.466101 -1 -1 -1 0.373746 0.57476 -0.585364 -0.791293 0.118701 -0.31223 1 -0.168871 0.147195 -1 -1 -1 0.521422 0.11538 -1 -0.915944 0.0764751 0.199672 -0.818674 -0.891351 -0.640964 -1 -0.16628 -1 0.959348 0.427927 -0.398224 -1 -0.767938 0.305124 -1 -0.29814 -1 -0.97591 0.211989 -1 -0.21205 -1 -1 
-0.170384 -0.952808 -0.946877 -1 -1 -0.788391 0.5449 -0.553688 -1 -1 -0.946293 -1 0.0910077 -0.350608 -0.374374 0.230593 0.473534 -0.658496 -1 1 -1 -0.877359 1 0.486162 -1 -1 -0.721002 -1 -1 -0.213097 -0.798202 -0.8089 -0.587869 -0.505325 -1 -0.0757451 -1 1 -0.660927 -0.997585 -1 -0.83232 -0.808305 -1 -1 0.876887 0.738625 -0.724597 -0.1785 -1 -1 -0.551103 0.294489 -0.525768 -1 -1 0.433179 -0.75136 -1 -0.123803 -0.372641 -1 -1 -1 -0.411224 0.451059 -0.143262 -1 -1 -1 -1 -0.12722 0.00504862 -0.214759 -1 -1 -1 -0.723143 -1 0.564469 -1 -1 0.809437 -1 -1 -0.00502929 -0.124745 -0.446831 -0.273043 -0.625484 -0.276654 0.546287 -0.960373 -1 -0.572827 -0.466101 -0.937024 -0.988945 -1 -0.254216 -0.30658 -0.0689032 -0.881156 0.2628 -0.953799 1 -1 -1 -0.974814 -1 -0.538994 0.521422 -0.198092 -1 -1 0.0764751 0.120923 -1 -0.458 -0.40148 -1 -0.592856 -1 0.329416 0.517347 -0.892254 -1 -1 0.897205 -0.920234 -0.914 -0.366518 -0.947017 0.00900447 -1 -0.0839234 -0.6905 -0.992442 
0.137376 -1 -1 -0.0033575 -0.809977 -0.301948 0.40702 -0.81002 -0.769986 -1 -1 -0.691086 0.379713 0.486335 -0.109907 0.20344 0.473534 -0.971326 -1 0.932896 -0.791377 -0.941214 0.85518 0.609542 -0.74507 -0.725715 -1 -0.941799 -0.337519 0.0625519 -0.99678 -0.825172 -1 -0.361763 -1 0.0657572 -1 0.759721 -0.941021 -0.0739594 -0.74686 -1 -1 -0.890816 -1 0.0243495 0.905342 -0.647662 -0.996211 -0.65737 -1 -0.668993 -0.0280674 -0.766431 -1 -0.0429106 0.335526 -1 -0.761705 0.835608 -0.755572 -0.686797 -0.848732 -0.380531 -0.473577 0.503645 -0.747956 -0.421647 -0.974002 -0.667075 -0.686724 -0.0997084 0.312599 -0.242699 -0.584675 -0.241463 -0.709428 -0.837872 -1 0.420358 -0.996567 -1 0.79342 -1 -1 -0.363392 -0.421072 -0.674156 -0.676557 -0.306101 0.36523 0.425558 -1 0.436078 0.34295 -1 -1 -1 -1 0.172639 0.166464 -0.0534637 -1 -1 -0.932246 0.680081 -0.623265 -0.212771 -1 -0.90185 -0.426071 0.35023 0.121997 -1 -1 -0.296292 -0.486239 -1 -0.273704 -0.00514956 -1 -0.350935 -1 1 -0.786363 -1 -1 -1 0.928663 -1 -0.29814 -1 -0.855991 -0.314602 -0.81536 0.0159538 -0.944857 -0.800399 
-0.42047 -0.378568 -0.909044 -0.201408 -0.85347 -0.208565 0.466442 -0.61175 -0.801063 -1 -1 -0.820717 0.49069 0.281549 -0.153905 0.303403 0.304686 -0.443937 -0.627936 0.892451 -0.614676 -1 0.85518 0.718776 -1 -1 -1 -0.299015 -0.82143 0.0625519 -0.597641 -0.828602 -1 -0.858812 -1 0.0270222 -0.888453 0.998132 -1 -0.209358 -0.587201 -0.0408068 -0.58939 -0.998287 -1 0.322345 0.761725 -0.609331 -0.295085 -0.640452 -1 0.360976 0.352383 -0.525768 -0.267993 -0.0429106 0.0462366 -1 -0.988898 1 -0.2132 -0.134391 -0.836465 -0.458087 -1 0.667137 0.101678 -0.190417 -0.913671 -1 -1 -0.247961 0.285469 -0.41125 0.31852 -0.397547 -0.761766 -1 -0.762414 0.420358 -1 -0.886695 0.809437 -0.700459 -0.904544 -0.00502929 0.226696 -0.707161 -0.0573742 -0.306101 0.36523 0.0593738 -0.879633 0.218897 -0.0136592 -0.568698 -1 -1 -0.557048 0.312472 0.504903 0.341331 -1 0.234362 -0.31223 0.869601 -0.340823 -0.217393 -0.727329 -0.950394 -0.324751 0.521422 -0.584426 -0.943495 -1 0.0458312 0.0353774 -1 -0.787343 -0.0916044 -0.756061 -0.021826 -0.980739 0.722065 0.11346 -0.917049 -0.979811 -1 0.909501 -1 -0.29814 -0.643465 -0.617147 0.211989 -1 -0.339909 -1 -1 
0.137376 -0.0636194 -0.99585 -0.201086 -0.940873 -0.130521 0.428665 -0.4953 -0.769986 -0.747802 -1 -0.691086 -0.423426 0.486335 -0.109907 0.303403 0.473534 -0.31326 -0.407946 0.937385 -0.612992 -1 0.935793 1 -0.759767 -1 -1 -0.304062 -0.38018 -0.819398 -0.597641 -1 -1 -0.505325 -1 -0.284555 -1 0.993849 -0.664156 -0.0739594 -0.561292 -0.169502 -0.773777 -0.643624 -0.994289 -0.29503 -0.534507 -0.479181 -0.173325 -0.637356 -1 0.360976 0.00777276 -0.525768 -0.091373 -0.211612 0.291825 -0.995024 -0.795548 1 -0.158013 -0.435349 -0.131414 -0.724317 -0.163257 0.48007 0.101678 -0.0139936 -1 -1 -1 -0.00391221 0.312599 -0.469603 -0.117861 -0.241463 -0.937688 -1 -1 0.420358 -1 -1 0.665131 -1 -0.975651 0.0517417 -0.124745 -0.723504 -0.519399 -0.484219 0.474018 0.686945 -0.70416 -0.197809 0.42684 -0.466101 -1 -0.923477 -0.523969 0.3363 0.338522 0.131086 -0.990224 0.244304 -0.232959 1 -0.231472 -0.27372 -1 -0.754316 -0.383223 0.658969 0.121997 -1 -1 0.0764751 0.0353774 -0.818674 -0.597909 -0.245604 -0.832441 -0.481959 -1 1 0.517347 -0.496912 -0.976335 -1 0.849232 -0.847007 -0.291876 -0.805074 -0.725517 -0.0154549 -1 -0.21205 -0.680933 -0.748654 
0.137376 -0.0636194 -0.99585 -0.201408 -1 -0.408573 0.428665 -0.437095 -0.769986 -0.916461 -1 -0.691086 -0.695487 0.280013 -0.109907 0.303403 0.473534 -0.118626 -0.407946 0.932896 -0.689617 -1 0.85518 0.718776 -0.802067 -0.934433 -1 -0.365202 -0.392832 -0.383436 -0.597641 -0.8089 -0.668282 -0.462186 -1 0.0826489 -1 0.993849 -1 -0.0739594 -1 -0.169502 -0.58939 -0.643624 -1 0.742324 0.817978 -0.609331 -0.214377 -0.640452 -1 0.360976 -0.666452 -0.525768 0.441921 -0.0429106 0.581239 -0.995024 -0.83905 1 -0.158013 -0.134391 -1 -0.458087 -0.365621 0.667137 0.101678 -0.0139936 -0.913671 -1 -0.655614 -0.0979498 0.312599 -0.242699 -0.64024 -0.241463 -1 -1 -0.762414 0.420358 -1 -1 0.809437 -0.834551 -1 -0.00502929 -0.64485 -0.674156 0.0298584 -0.306101 0.36523 0.686945 -0.70416 0.259787 0.42684 -0.466101 -1 -0.86008 -0.557048 0.330151 0.504903 0.311228 -0.943318 0.118701 -0.31223 1 -0.168871 0.147195 -0.712933 -1 -0.383223 0.521422 0.0356005 -1 -1 0.0764751 -0.102813 -0.818674 -0.387659 -0.0914668 -1 -0.16628 -1 0.959348 0.517347 -0.398224 -0.976335 -1 0.797706 -0.952011 -0.296086 -0.541305 -0.75904 0.211989 -1 -0.21205 -0.680933 -0.800399 
0.137376 -0.816198 -1 -0.870645 -1 -0.650872 0.428665 -1 -1 -1 -0.957965 -0.691086 0.328945 0.132272 -0.188163 0.140395 0.438386 -0.17965 -0.794381 0.936776 -0.612992 -1 0.541123 0.217321 -0.759767 -0.934433 -1 -1 -0.392832 0.0432009 -0.551065 -1 -1 -0.505325 -1 -0.11591 -1 0.987409 -1 -0.532367 -0.826547 -0.5602 -1 -1 -1 -0.117168 0.652362 -0.670869 -1 -0.65737 -1 -0.291029 0.139391 -1 -0.538342 -0.5769 -0.00377902 -0.596256 -0.648195 0.741899 -0.528729 -0.134391 -0.829022 -0.453185 -0.403613 0.619611 -0.815259 -0.37216 -1 -1 -0.88186 -0.561069 0.312599 -0.32789 -0.437932 -0.397959 -1 -1 -1 0.420358 -1 -1 0.121135 -0.914099 -1 -0.00502929 -0.28593 -0.674156 0.0298584 -0.406399 0.36523 0.821164 -0.960262 0.230008 -0.220576 -1 -1 -1 -1 0.346538 -0.569534 -0.210799 -1 -0.909953 -1 -0.297465 -1 -0.113263 -0.961734 -0.506209 -0.458723 0.41737 0.371875 -1 -1 -0.095359 -0.486239 -0.973912 -0.802179 -0.00514956 -0.931301 -0.382856 -0.841456 0.927351 -0.538743 -1 -1 -1 0.974197 -1 -0.52331 -1 -0.951646 -0.0542034 -0.876937 -0.21205 -1 -1 
0.137376 -0.0636194 -0.99585 -0.201408 -1 -0.408573 0.428665 -0.437095 -0.769986 -0.916461 -1 -0.691086 -0.695487 0.280013 -0.109907 0.303403 0.473534 -0.118626 -0.407946 0.932896 -0.689617 -1 0.85518 0.718776 -0.802067 -0.934433 -1 -0.365202 -0.392832 -0.383436 -0.597641 -0.8089 -0.668282 -0.462186 -1 0.0826489 -1 0.993849 -1 -0.0739594 -1 -0.169502 -0.58939 -0.643624 -1 0.742324 0.817978 -0.609331 -0.214377 -0.640452 -1 0.360976 -0.66139 -0.525768 0.441921 -0.0429106 0.581239 -0.995024 -0.83905 1 -0.158013 -0.134391 -1 -0.458087 -0.365621 0.667137 0.101678 -0.0139936 -0.913671 -1 -0.655614 -0.0979498 0.312599 -0.242699 -0.64024 -0.241463 -1 -1 -0.762414 0.30338 -1 -1 0.809437 -0.834551 -1 -0.00502929 -0.64485 -0.674156 0.0298584 -0.264269 0.36523 0.686945 -0.70416 0.2805 0.42684 -0.466101 -1 -0.86008 -0.557048 0.330151 0.504903 0.311228 -0.943318 0.118701 -0.31223 1 -0.168871 0.147195 -0.850028 -0.984533 -0.383223 0.521422 0.0442773 -1 -1 0.0764751 -0.191601 -0.818674 -0.387659 -0.0914668 -1 -0.16628 -1 0.959348 0.517347 -0.474874 -1 -1 0.797706 -0.952011 -0.296086 -0.541305 -0.75904 0.211989 -1 -0.21205 -0.680933 -0.800399 
0.137376 -0.0636194 -0.99585 -0.201086 -0.940873 -0.130521 0.239239 -0.4953 -0.893901 -0.747802 -1 -0.691086 -0.423426 0.486335 -0.109907 0.303403 0.32658 -0.31326 -0.407946 0.937385 -0.612992 -0.979008 0.935793 1 -0.759767 -1 -1 -0.304062 -0.38018 -0.819398 -0.597641 -1 -1 -0.505325 -1 -0.284555 -1 0.909531 -0.664156 -0.0739594 -0.561292 -0.169502 -0.773777 -0.643624 -0.994289 -0.29503 -0.534507 -0.517498 -0.173325 -0.637356 -1 0.360976 0.00777276 -0.645512 -0.091373 -0.211612 0.291825 -0.995024 -0.795548 1 -0.158013 -0.487435 -0.131414 -0.724317 -0.163257 0.48007 0.101678 -0.0139936 -1 -1 -1 -0.00391221 0.194498 -0.469603 -0.117861 -0.241463 -0.937688 -1 -1 0.420358 -1 -1 0.665131 -1 -0.975651 0.0517417 -0.124745 -0.723504 -0.519399 -0.484219 0.474018 0.686945 -0.802359 -0.197809 0.42684 -0.466101 -1 -0.923477 -0.523969 0.251854 0.283886 0.131086 -0.990224 0.244304 -0.232959 0.902257 -0.231472 -0.27372 -1 -0.754316 -0.383223 0.658969 0.121997 -1 -1 0.0764751 0.0353774 -0.818674 -0.597909 -0.245604 -0.832441 -0.481959 -1 1 0.517347 -0.496912 -0.976335 -1 0.849232 -0.847007 -0.291876 -0.933393 -0.725517 -0.0154549 -1 -0.210725 -0.680933 -0.748654 
