-0.476879 -1 0.969218 0.240243 -0.0554373 -1 -1 0.287348 0.242129 -1 -0.113155 0.671906 -0.403231 -0.895591 0.177842 0.461481 0.0992893 -0.700533 -0.311256 -0.678736 0.85526 0.287217 -0.0273566 -0.124689 -1 -0.545706 -0.254354 -1 0.207972 0.125911 0.518677 -1 0.660474 -0.771461 0.985674 0.63415 -1 -1 -0.546745 0.0928506 0.376622 0.0049893 0.255031 0.446526 -0.25682 -0.889203 -1 -0.496153 -1 0.270982 -0.0717827 0.0242248 -0.322377 -0.886643 -0.634258 0.0653562 0.037932 -0.594701 0.386832 0.452449 -0.00694335 -1 -1 -1 0.107483 -0.722524 -1 -1 -0.913062 -0.473506 -0.00412714 0.91584 -0.569778 -0.101782 -1 -1 0.400594 -0.8449 -0.0564924 -0.898916 -0.912235 -0.234864 -1 -0.548838 -1 -0.156316 -0.16237 -0.736645 -0.531638 -0.732845 -0.115076 0.00413981 -0.140089 -1 -0.525923 -0.619487 -0.617997 -0.578134 0.8231 -0.738392 -1 -1 -1 -0.753774 -0.0176864 -0.242948 0.255522 -0.852457 -0.685215 0.915598 -0.429473 -0.139046 -0.671525 -0.599249 -0.892792 -0.167175 -0.83947 -0.677423 -0.231817 0.928556 0.0502251 -0.0856114 0.905674 -0.232753 -0.862008 -0.767224 0.381796 -0.470894 -0.0642726 -1 -0.406692 -1 -0.0822475 -0.0772833 -0.610391 -0.327074 0.414489 -0.967381 
-0.436275 -1 -0.261863 0.0787121 0.904506 0.711087 -0.695976 -1 0.658375 -0.974297 -1 -0.494832 -0.742307 0.388978 0.873056 -0.608994 -0.822031 -0.371293 -1 0.448169 -1 -1 0.208345 -1 -1 1 0.151335 0.416219 -0.414786 -0.968938 -1 -0.208884 -0.598848 0.200242 -0.403338 -1 -0.105689 -0.448625 0.32358 -1 0.344858 -0.600014 -1 0.777044 -1 -0.780886 0.130075 -1 -0.335194 -0.926342 -1 0.061312 -0.241971 -0.578562 -0.955359 0.520971 -0.0861846 -0.511622 -0.877293 -1 -0.787277 -0.350741 -1 0.0390707 0.892976 -1 -0.0403649 -0.651372 0.470525 1 0.802116 -1 -0.718431 -0.906312 -1 0.0803897 -0.205428 -0.263521 -0.155757 -1 -1 -0.753628 -0.272884 -0.524437 -0.427353 -1 0.136275 0.52624 0.501172 -0.585487 -0.223125 -1 0.0795504 -0.142486 -0.761136 -0.216939 -0.809918 -0.700841 -1 -0.031951 -1 0.2199 0.00566755 -0.318131 -0.217452 0.1578 -1 0.210192 -0.711855 -0.0350807 -0.704512 0.499894 0.0366837 -0.303337 -0.167234 -1 -0.255521 -0.485098 -0.906453 -1 0.660897 -1 0.103391 -0.325385 0.937892 -0.547032 -0.054544 -1 -0.345266 -1 -0.569122 -1 -0.354919 0.392745 -0.587729 -1 -0.766348 -0.185653 
-0.476879 -1 0.969218 0.240243 -0.0554373 -1 -1 0.287348 0.242129 -1 -0.113155 0.671906 -0.403231 -0.895591 0.177842 0.461481 0.0992893 -0.700533 -0.311256 -0.678736 0.85526 0.287217 -0.0273566 -0.124689 -1 -0.545706 -0.254354 -1 0.207972 0.125911 0.518677 -1 0.660474 -0.771461 0.985674 0.63415 -1 -1 -0.546745 0.0928506 0.376622 0.0049893 0.255031 0.446526 -0.25682 -0.889203 -1 -0.496153 -1 0.270982 -0.0717827 0.0242248 -0.322377 -0.886643 -0.634258 0.0653562 0.037932 -0.594701 0.386832 0.452449 -0.00694335 -1 -1 -1 0.107483 -0.722524 -1 -1 -0.913062 -0.473506 -0.00412714 0.91584 -0.569778 -0.101782 -1 -1 0.400594 -0.8449 -0.0564924 -0.898916 -0.912235 -0.234864 -1 -0.548838 -1 -0.156316 -0.16237 -0.736645 -0.531638 -0.732845 -0.115076 0.00413981 -0.140089 -1 -0.525923 -0.619487 -0.617997 -0.578134 0.8231 -0.738392 -1 -1 -1 -0.753774 -0.0176864 -0.242948 0.255522 -0.852457 -0.685215 0.915598 -0.429473 -0.139046 -0.671525 -0.599249 -0.892792 -0.167175 -0.83947 -0.677423 -0.231817 0.928556 0.0502251 -0.0856114 0.905674 -0.232753 -0.862008 -0.767224 0.381796 -0.470894 -0.0642726 -1 -0.406692 -1 -0.0822475 -0.0772833 -0.610391 -0.327074 0.414489 -0.967381 
-0.436275 -1 -0.261863 0.0787121 0.904506 0.711087 -0.695976 -1 0.658375 -0.974297 -1 -0.494832 -0.742307 0.388978 0.873056 -0.608994 -0.822031 -0.371293 -1 0.448169 -1 -1 0.208345 -1 -1 1 0.151335 0.416219 -0.414786 -0.968938 -1 -0.208884 -0.598848 0.200242 -0.403338 -1 -0.105689 -0.448625 0.32358 -1 0.344858 -0.600014 -1 0.777044 -1 -0.780886 0.130075 -1 -0.335194 -0.926342 -1 0.061312 -0.241971 -0.578562 -0.955359 0.520971 -0.0861846 -0.511622 -0.877293 -1 -0.787277 -0.350741 -1 0.0390707 0.892976 -1 -0.0403649 -0.651372 0.470525 1 0.802116 -1 -0.718431 -0.906312 -1 0.0803897 -0.205428 -0.263521 -0.155757 -1 -1 -0.753628 -0.272884 -0.524437 -0.427353 -1 0.136275 0.52624 0.501172 -0.585487 -0.223125 -1 0.0795504 -0.142486 -0.761136 -0.216939 -0.809918 -0.700841 -1 -0.031951 -1 0.2199 0.00566755 -0.318131 -0.217452 0.1578 -1 0.210192 -0.711855 -0.0350807 -0.704512 0.499894 0.0366837 -0.303337 -0.167234 -1 -0.255521 -0.485098 -0.906453 -1 0.660897 -1 0.103391 -0.325385 0.937892 -0.547032 -0.054544 -1 -0.345266 -1 -0.569122 -1 -0.354919 0.392745 -0.587729 -1 -0.766348 -0.185653 
-0.436275 -1 -0.261863 0.0787121 0.904506 0.711087 -0.695976 -1 0.658375 -0.974297 -1 -0.494832 -0.742307 0.388978 0.873056 -0.608994 -0.822031 -0.371293 -1 0.448169 -1 -1 0.208345 -1 -1 1 0.151335 0.416219 -0.414786 -0.968938 -1 -0.208884 -0.598848 0.200242 -0.403338 -1 -0.105689 -0.448625 0.32358 -1 0.344858 -0.600014 -1 0.777044 -1 -0.780886 0.130075 -1 -0.335194 -0.926342 -1 0.061312 -0.241971 -0.578562 -0.955359 0.520971 -0.0861846 -0.511622 -0.877293 -1 -0.787277 -0.350741 -1 0.0390707 0.892976 -1 -0.0403649 -0.651372 0.470525 1 0.802116 -1 -0.718431 -0.906312 -1 0.0803897 -0.205428 -0.263521 -0.155757 -1 -1 -0.753628 -0.272884 -0.524437 -0.427353 -1 0.136275 0.52624 0.501172 -0.585487 -0.223125 -1 0.0795504 -0.142486 -0.761136 -0.216939 -0.809918 -0.700841 -1 -0.031951 -1 0.2199 0.00566755 -0.318131 -0.217452 0.1578 -1 0.210192 -0.711855 -0.0350807 -0.704512 0.499894 0.0366837 -0.303337 -0.167234 -1 -0.255521 -0.485098 -0.906453 -1 0.660897 -1 0.103391 -0.325385 0.937892 -0.547032 -0.054544 -1 -0.345266 -1 -0.569122 -1 -0.354919 0.392745 -0.587729 -1 -0.766348 -0.185653 
-0.436275 -1 -0.261863 0.0787121 0.904506 0.766907 -0.695976 -1 0.658375 -0.974297 -1 -0.494832 -0.742307 0.388978 0.873056 -0.608994 -0.822031 -0.371293 -1 0.448169 -1 -1 0.208345 -1 -1 0.836972 0.151335 0.416219 -0.414786 -0.968938 -1 -0.4924 -0.598848 0.200242 -0.403338 -1 -0.105689 -0.448625 0.32358 -1 0.344858 -0.600014 -1 0.777044 -1 -0.780886 0.130075 -1 -0.335194 -0.926342 -1 0.061312 -0.241971 -0.578562 -1 0.520971 -0.0861846 -0.511622 -0.877293 -1 -0.787277 -0.350741 -1 0.0390707 0.892976 -1 -0.0403649 -0.651372 0.470525 1 0.802116 -1 -0.543942 -0.906312 -1 0.0803897 -0.205428 -0.263521 -0.155757 -1 -0.859755 -1 -0.272884 -0.902827 -0.427353 -1 0.136275 0.52624 0.501172 -0.585487 -0.223125 -1 0.0795504 -0.142486 -0.761136 -0.216939 -0.809918 -0.700841 -1 -0.031951 -1 0.2199 -0.168997 -0.318131 -0.217452 0.1578 -1 0.210192 -0.711855 -0.0350807 -0.704512 0.499894 0.0366837 -0.303337 -0.167234 -1 -0.255521 -0.485098 -0.906453 -1 0.660897 -1 0.103391 -0.325385 0.937892 -0.547032 -0.054544 -1 -0.345266 -1 -0.710979 -1 -0.354919 0.392745 -0.587729 -1 -0.766348 -0.185653 
-0.436275 -1 -0.261863 0.0978016 0.757573 0.619906 -1 -1 0.658375 -1 -1 -0.494832 -1 0.388978 -0.269121 -1 -1 -0.371293 -1 0.795729 -1 -1 -1 -1 -1 1 -0.13631 0.416219 -0.414786 -0.968938 -1 -0.208884 -1 0.200242 -0.964128 -1 -0.105689 -0.448625 0.32358 -1 -0.260344 -0.55206 -1 -0.337213 -0.671051 -1 0.275449 -1 -0.335194 -0.926342 -1 0.061312 -0.721963 -0.578562 -0.955359 0.601878 -0.0861846 -1 -1 -1 -0.787277 -0.350741 -1 -0.222896 0.612588 -0.647538 -0.260176 -0.651372 0.470525 0.874653 0.802116 -1 -0.718431 -0.906312 -1 0.527706 -0.205428 -0.25655 -0.155757 -1 -1 -0.753628 -0.589811 -0.330477 -0.427353 -1 0.136275 0.52624 -0.201545 -0.319236 -0.223125 -1 0.0795504 -0.200772 -0.712262 -0.216939 -0.809918 -0.662922 -1 -0.912789 -1 -0.0172736 0.00566755 -0.318131 -0.680995 0.1578 -1 0.210192 -0.711855 -0.0350807 -0.580612 0.156956 -0.379529 -0.303337 -0.833392 -1 -0.552421 -0.965402 -0.906453 -1 0.660897 -1 0.103391 -0.325385 0.937892 -0.547032 -0.054544 -1 0.0676857 -1 -0.189539 -1 -0.354919 -0.108764 -0.587729 -1 -0.766348 -0.185653 
-0.595158 -1 -0.746877 0.0787121 0.208684 0.766907 -0.695976 -1 0.658375 -1 -1 -0.494832 -0.742307 -0.746861 0.873056 -0.608994 -0.822031 -0.371293 -1 0.448169 -1 -1 0.20556 -1 -1 0.836972 0.151335 0.416219 -1 -0.78457 -1 -0.4924 -0.598848 0.200242 -0.403338 -1 -0.105689 -0.448625 0.32358 -0.834006 -0.804353 -0.600014 -0.899383 0.777044 -1 -0.780886 0.130075 -1 -0.335194 -1 -0.966958 -1 -0.241971 -0.681359 -1 0.520971 -0.0861846 -1 -0.877293 -1 -0.787277 -0.456257 -1 0.00684255 1 -1 -0.0403649 -0.651372 0.470525 1 0.802116 -1 -0.543942 -0.906312 -0.780589 0.0803897 -0.205428 -0.263521 -0.155757 -1 -0.859755 -1 -0.272884 -0.72036 -0.427353 -1 0.136275 0.484399 0.501172 -0.585487 -0.223125 -1 0.0795504 -0.142486 -0.761136 0.0754009 -0.809918 -1 -1 -0.031951 -1 0.2199 -0.168997 -0.318131 -0.217452 0.1578 -1 0.210192 -0.711855 -0.0350807 -1 0.499894 0.0366837 -0.0739866 -0.167234 -1 -0.565347 -0.485098 -0.906453 -1 0.435512 -1 0.103391 -1 0.937892 -1 -0.054544 -1 -0.345266 -1 -0.710979 -1 -1 0.300253 -1 -1 -0.766348 -0.185653 
-0.476879 -0.949213 0.969218 0.0740546 -0.0554373 -1 -1 0.287348 0.242129 -1 -0.113155 0.681704 -0.403231 -0.895591 0.177842 0.461481 0.0992893 -0.700533 -0.627245 -0.780698 0.491998 0.287217 -0.119235 -0.124689 -1 -0.545706 -0.254354 -1 0.207972 0.212022 0.518677 -1 0.783614 -0.771461 0.985674 0.390031 -1 -0.897403 -0.4661 0.0928506 0.314248 0.0049893 0.255031 0.446526 -0.25682 -0.918519 -1 -0.496153 -0.910987 0.270982 -0.0717827 0.0242248 -0.322377 -0.886643 -0.634258 0.0653562 0.037932 -0.594701 0.386832 0.452449 -0.00694335 -1 -1 -1 -0.274218 -0.722524 -1 -1 -0.913062 -0.473506 -0.347305 0.91584 -0.569778 -0.101782 -1 -1 0.340136 -0.8449 -0.651903 -0.898916 -0.912235 -0.4654 -1 -0.601261 -1 -0.156316 -0.16237 -0.822261 -0.713173 -0.732845 -0.115076 0.00413981 -0.140089 -1 -0.525923 -0.619487 -0.836139 -0.578134 0.8231 -0.738392 -1 -1 -1 -0.753774 0.0798193 -0.676772 0.255522 -0.852457 -0.700604 0.915598 -0.369655 -0.139046 -0.874506 -0.599249 -0.892792 -0.167175 -0.83947 -0.677423 -0.231817 0.928556 -0.306838 -0.0856114 0.905674 -0.706407 -0.862008 -0.767224 0.0990524 -0.470894 -0.0642726 -1 -0.406692 -1 -0.0822475 -0.0772833 -0.722103 -0.327074 0.414489 -0.967381 
-0.476879 -0.949213 0.969218 0.277276 -0.0554373 -1 -0.737375 0.287348 0.242129 -1 -0.113155 0.681704 -0.403231 -1 0.177842 0.461481 0.0992893 -1 -0.627245 -0.780698 -0.366323 0.287217 -0.119235 0.0694021 -1 -0.348556 -1 -1 0.207972 0.212022 0.518677 -1 0.407697 -0.771461 0.682937 0.390031 -1 -1 -0.4661 0.0928506 0.314248 0.0049893 0.0251117 0.446526 -0.25682 -0.918519 -1 -0.496153 -1 0.270982 -0.0717827 0.0242248 -0.988918 -0.886643 -1 -1 0.037932 -0.594701 0.386832 0.569403 -0.00694335 -1 -1 -1 -0.274218 -0.722524 -0.989936 -1 -0.913062 -0.473506 -1 0.91584 -0.569778 -0.101782 -1 -1 0.340136 -0.8449 -0.651903 -0.898916 -0.912235 -1 -1 -0.601261 -1 -0.156316 -0.16237 -1 -0.713173 -0.732845 -0.115076 0.00413981 -0.140089 -1 -0.525923 -0.897211 -0.836139 -0.578134 0.557868 -0.738392 -1 -1 -1 -0.753774 0.0798193 -0.676772 0.255522 -0.852457 -0.941768 0.915598 -0.369655 -0.713772 -0.874506 -0.599249 -1 -0.167175 -0.83947 -0.677423 -0.231817 0.928556 -0.306838 -0.0856114 0.905674 -0.706407 -0.862008 -0.767224 -0.973274 -0.470894 -0.0642726 -1 -0.406692 -1 -0.0822475 -1 -0.722103 -0.826445 0.414489 -0.967381 
-0.439841 -1 0.631297 -0.0252342 -0.0554373 -1 -1 0.287348 0.242129 -1 -0.113155 0.681704 -0.403231 -0.849262 0.177842 0.461481 0.0992893 -0.700533 -0.627245 -0.780698 0.491998 0.287217 -0.112303 -0.124689 -1 -0.545706 -0.254354 -1 0.207972 0.212022 0.518677 -1 0.783614 -0.97933 0.985674 0.475791 -1 -0.897403 -0.4661 0.0928506 0.314248 0.0049893 0.255031 0.446526 -0.407979 -0.918519 -1 -0.496153 -0.910987 0.270982 -0.0717827 0.0242248 -0.322377 -0.886643 -0.634258 0.0653562 0.037932 -0.594701 0.28996 0.452449 -0.00694335 -1 -1 -1 -0.343381 -0.722524 -1 -1 -1 -0.473506 -0.347305 0.91584 -0.569778 -0.101782 -1 -1 0.340136 -0.8449 -0.651903 -0.898916 -0.912235 -0.4654 -1 -0.716443 -0.962315 -0.156316 -0.16237 -1 -0.713173 -0.732845 -0.115076 -0.202828 -0.140089 -1 -0.525923 -0.619487 -0.836139 -0.578134 0.8231 -0.738392 -1 -1 -1 -0.753774 0.0798193 -0.676772 0.255522 -0.852457 -0.700604 0.915598 -0.369655 -0.139046 -0.874506 -0.599249 -0.892792 -0.334619 -0.83947 -0.677423 -0.231817 0.928556 -0.306838 -0.0856114 0.905674 -0.706407 -0.81099 -0.707661 0.0990524 -0.520655 -0.0642726 -1 -0.406692 -1 -0.0822475 -0.0772833 -0.722103 -0.327074 0.414489 -0.967381 
-0.439841 -1 0.631297 -0.0252342 -0.0554373 -1 -1 0.287348 0.242129 -1 -0.113155 0.681704 -0.403231 -0.849262 0.177842 0.461481 0.0992893 -0.700533 -0.627245 -0.780698 0.491998 0.287217 -0.112303 -0.124689 -1 -0.545706 -0.254354 -1 0.207972 0.212022 0.518677 -1 0.783614 -0.97933 0.985674 0.475791 -1 -0.897403 -0.4661 0.0928506 0.314248 0.0049893 0.255031 0.446526 -0.407979 -0.918519 -1 -0.496153 -0.910987 0.270982 -0.0717827 0.0242248 -0.322377 -0.886643 -0.634258 0.0653562 0.037932 -0.594701 0.28996 0.452449 -0.00694335 -1 -1 -1 -0.343381 -0.722524 -1 -1 -1 -0.473506 -0.347305 0.91584 -0.569778 -0.101782 -1 -1 0.340136 -0.8449 -0.651903 -0.898916 -0.912235 -0.4654 -1 -0.716443 -0.962315 -0.156316 -0.16237 -1 -0.713173 -0.732845 -0.115076 -0.202828 -0.140089 -1 -0.525923 -0.619487 -0.836139 -0.578134 0.8231 -0.738392 -1 -1 -1 -0.753774 0.0798193 -0.676772 0.255522 -0.852457 -0.700604 0.915598 -0.369655 -0.139046 -0.874506 -0.599249 -0.892792 -0.334619 -0.83947 -0.677423 -0.231817 0.928556 -0.306838 -0.0856114 0.905674 -0.706407 -0.81099 -0.707661 0.0990524 -0.520655 -0.0642726 -1 -0.406692 -1 -0.0822475 -0.0772833 -0.722103 -0.327074 0.414489 -0.967381 
-0.476879 -1 0.969218 0.219253 -0.0554373 -1 -1 0.288999 0.242129 -1 -0.113155 0.745581 -0.58366 -0.942712 0.177842 0.461481 0.0992893 -0.700533 -0.311256 -0.678736 0.755822 0.287217 0.0736979 -0.124689 -1 -0.545706 -0.254354 -1 0.207972 0.0737187 0.402164 -1 0.660474 -0.771461 0.985674 0.63415 -1 -1 -0.562452 0.193714 0.376622 0.0049893 0.334613 0.446526 -0.25682 -0.895703 -1 -0.496153 -1 0.270982 -0.275163 -0.101536 -0.322377 -0.886643 -0.634258 0.0653562 0.037932 -0.594701 0.386832 0.452449 0.0477442 -1 -0.943196 -1 0.107483 -0.983487 -1 -1 -0.913062 -0.473506 -0.0665186 0.878193 -0.590025 -0.393135 -0.949169 -1 0.407926 -0.8449 -0.0564924 -0.933414 -0.912235 -0.234864 -1 -0.710789 -1 -0.156316 -0.244746 -0.736645 -0.493595 -0.732845 -0.115076 -0.246361 -0.140089 -1 -0.525923 -0.619487 -0.617997 -0.679103 0.8231 -0.753249 -1 -1 -1 -0.822114 -0.0176864 -0.242948 0.255522 -0.852457 -0.685215 0.915598 -0.61016 -0.198237 -0.671525 -0.599249 -0.892792 -0.167175 -0.83947 -0.915526 -0.251922 0.928556 0.0502251 -0.0761316 0.905674 -0.243907 -0.987447 -0.825302 0.381796 -0.470894 -0.0642726 -1 -0.460905 -0.981386 -0.0822475 -0.0772833 -0.610391 -0.327074 0.0925118 -0.967381 
-0.417721 -0.949213 0.991264 0.0740546 -0.0554373 -1 -1 0.287348 0.154679 -1 -0.113155 0.495153 -0.381164 -0.851262 0.177842 0.461481 0.0992893 -0.700533 -0.627245 -0.780698 0.491998 0.335514 -0.119235 -0.124689 -1 -0.451361 -0.254354 -1 0.207972 0.52322 0.518677 -1 0.160743 -0.771461 0.985674 0.41726 -1 -0.897403 -0.4661 0.00353613 0.314248 0.0049893 0.255031 0.446526 -0.25682 -0.918519 -1 -0.496153 -1 0.270982 -0.0717827 -0.665653 -0.322377 -0.886643 -0.634258 0.0653562 0.037932 -0.594701 0.386832 0.491174 -0.00694335 -0.651803 -1 -1 -0.478287 -0.3826 -1 -1 -0.913062 -0.473506 -0.347305 0.91584 -0.590194 -0.101782 -1 -1 0.192635 -1 -0.651903 -0.968994 -0.912235 -0.4654 -1 -0.601261 -1 -0.156316 -0.16237 -0.800912 -0.713173 -0.732845 -0.068809 0.00413981 -0.140089 -1 -0.525923 -0.619487 -0.836139 -0.510473 0.8231 -0.738392 -1 -1 -1 -0.753774 0.0798193 -1 0.255522 -0.852457 -0.700604 0.915598 -0.369655 -0.139046 -0.874506 -0.6027 -0.892792 -0.167175 -0.853481 -0.798479 -0.231817 0.763003 -0.306838 -0.0949762 0.905674 -0.725927 -0.87963 -0.767224 0.0579583 -0.470894 -0.0642726 -1 -0.512745 -1 -0.0822475 -0.00522426 -0.722103 -0.322315 0.414489 -1 
-0.417721 -0.949213 0.991264 0.0740546 -0.0554373 -1 -1 0.287348 0.154679 -1 -0.113155 0.495153 -0.381164 -0.851262 0.177842 0.461481 0.0992893 -0.700533 -0.627245 -0.871577 0.491998 0.335514 -0.0922989 -0.124689 -1 -0.451361 -0.254354 -1 0.207972 0.52322 0.518677 -1 0.160743 -0.771461 0.985674 0.41726 -1 -0.897403 -0.4661 0.00353613 0.314248 0.0049893 0.255031 0.446526 -0.25682 -0.918519 -1 -0.496153 -1 0.270982 -0.0717827 -0.665653 -0.322377 -0.886643 -0.634258 0.0653562 0.037932 -0.594701 0.386832 0.491174 -0.00694335 -0.651803 -1 -1 -0.478287 -0.3826 -1 -1 -0.913062 -0.473506 -0.347305 0.91584 -0.590194 -0.101782 -1 -1 0.192635 -1 -0.651903 -0.968994 -0.912235 -0.4654 -1 -0.601261 -1 -0.156316 -0.16237 -0.800912 -0.713173 -0.732845 -0.068809 0.00413981 -0.140089 -1 -0.525923 -0.619487 -0.836139 -0.510473 0.8231 -0.738392 -1 -1 -1 -0.753774 0.0798193 -1 0.255522 -0.852457 -0.700604 0.915598 -0.369655 -0.139046 -0.874506 -0.6027 -0.892792 -0.167175 -0.853481 -0.798479 -0.231817 0.763003 -0.306838 -0.0949762 0.905674 -0.725927 -0.87963 -0.767224 0.0579583 -0.470894 -0.0642726 -1 -0.512745 -1 -0.0822475 -0.00522426 -0.722103 -0.322315 0.414489 -1 
-0.0447848 -0.612296 -0.925703 -0.755845 -1 0.69542 -0.33611 -1 -1 -1 -1 -1 -1 -1 -0.434749 -0.629452 0.955806 -1 -1 -1 -1 -1 -0.103745 -1 -1 -0.899168 -0.996785 -0.289728 -0.479667 -1 -1 -0.765271 -1 -0.922358 -0.273759 -1 -1 -1 -0.782549 -0.871379 -1 -1 -1 -1 0.900421 -1 -1 -1 -0.000546172 -1 -1 -1 -0.958746 -0.695759 -0.562836 -0.942654 0.157556 -0.0740796 -0.723294 -0.890542 -1 -0.989293 -1 -0.694353 -0.889776 -0.935727 -1 -0.905633 -1 -0.914763 -1 -1 -1 -0.334918 -0.00950825 -0.302444 -1 0.273152 -0.980073 -1 -1 -1 -0.383529 -0.739894 -0.848143 -1 -1 -1 -1 -1 -0.445568 -1 -1 -1 -0.663136 0.208173 -1 -1 -1 -1 -1 -1 0.627768 0.58971 -0.534355 -0.219611 -1 -0.263324 -1 -1 -1 -0.563568 0.72816 -0.660174 -0.881791 0.328355 0.357353 0.567653 -1 0.304077 -1 -0.820506 -0.0148861 -0.659991 -0.891914 -0.948727 0.067089 0.637403 0.318875 -0.749111 -0.000261895 -0.709845 -0.513624 -1 -0.286343 -1 -0.613531 -1 
-0.476879 -1 0.969218 0.240243 -0.0554373 -1 -1 0.287348 0.242129 -1 -0.113155 0.671906 -0.403231 -0.895591 0.177842 0.461481 0.0992893 -0.700533 -0.311256 -0.678736 0.85526 0.287217 -0.0273566 -0.124689 -1 -0.545706 -0.254354 -1 0.207972 0.125911 0.518677 -1 0.660474 -0.771461 0.985674 0.63415 -1 -1 -0.546745 0.0928506 0.376622 0.0049893 0.255031 0.446526 -0.25682 -0.889203 -1 -0.496153 -1 0.270982 -0.0717827 0.0242248 -0.322377 -0.886643 -0.634258 0.0653562 0.037932 -0.594701 0.386832 0.452449 -0.00694335 -1 -1 -1 0.107483 -0.722524 -1 -1 -0.913062 -0.473506 -0.00412714 0.91584 -0.569778 -0.101782 -1 -1 0.400594 -0.8449 -0.0564924 -0.898916 -0.912235 -0.234864 -1 -0.548838 -1 -0.156316 -0.16237 -0.736645 -0.531638 -0.732845 -0.115076 0.00413981 -0.140089 -1 -0.525923 -0.619487 -0.617997 -0.578134 0.8231 -0.738392 -1 -1 -1 -0.753774 -0.0176864 -0.242948 0.255522 -0.852457 -0.685215 0.915598 -0.429473 -0.139046 -0.671525 -0.599249 -0.892792 -0.167175 -0.83947 -0.677423 -0.231817 0.928556 0.0502251 -0.0856114 0.905674 -0.232753 -0.862008 -0.767224 0.381796 -0.470894 -0.0642726 -1 -0.406692 -1 -0.0822475 -0.0772833 -0.610391 -0.327074 0.414489 -0.967381 
-0.417721 -0.949213 0.991264 0.0740546 -0.0554373 -1 -1 0.287348 0.154679 -1 -0.113155 0.495153 -0.381164 -0.851262 0.177842 0.461481 0.0992893 -0.700533 -0.627245 -0.871577 0.491998 0.335514 -0.216459 -0.124689 -1 -0.451361 -0.254354 -1 0.207972 0.52322 0.488481 -1 0.160743 -0.771461 0.985674 0.41726 -1 -0.897403 -0.4661 -0.0824405 0.314248 0.0049893 0.255031 0.446526 -0.25682 -0.918519 -1 -0.496153 -1 0.270982 -0.0717827 -0.665653 -0.322377 -0.886643 -0.634258 0.0653562 0.037932 -0.594701 0.386832 0.491174 -0.00694335 -0.651803 -1 -1 -0.478287 -0.3826 -0.989357 -1 -0.913062 -0.473506 -0.347305 0.91584 -0.590194 -0.101782 -1 -1 0.192635 -1 -0.651903 -0.968994 -0.912235 -0.4654 -1 -0.601261 -1 -0.156316 -0.277532 -0.800912 -0.713173 -0.732845 -0.068809 -0.0700804 -0.140089 -1 -0.525923 -0.619487 -0.836139 -0.469832 0.8231 -0.869744 -1 -1 -1 -0.753774 0.0798193 -1 0.252803 -0.852457 -0.850457 0.915598 -0.369655 -0.279773 -0.874506 -0.6027 -0.892792 -0.167175 -0.853481 -0.798479 -0.231817 0.763003 -0.306838 -0.0949762 0.905674 -0.725927 -0.87963 -0.767224 0.0579583 -0.470894 -0.0642726 -1 -0.512745 -1 -0.0822475 -0.00522426 -0.722103 -0.322315 0.414489 -1 
