-0.154526 -0.493542 -0.435794 0.490924 -1 -0.317762 -1 -1 -0.234372 -0.399008 0.636097 0.954884 -0.528927 0.229793 -0.880547 -0.0807137 -0.193412 0.0794479 -0.793031 -0.305058 0.304314 -0.125376 0.306516 -0.1026 -1 -1 -0.302429 0.116507 0.576069 -1 -1 -0.536008 0.541337 -1 -0.574888 -0.713954 0.357771 -1 0.18874 -0.938085 -1 0.492494 0.0969288 -1 -1 -1 -0.767476 -1 1 0.962549 -0.926505 -1 0.702892 0.492311 0.544425 0.588171 -1 -1 0.145916 1 -0.0417535 -0.433627 -1 -1 -0.272688 -1 -1 0.18518 -0.772267 -0.180334 -1 -0.332083 -1 -1 -0.873255 -0.254427 -0.613966 -1 -1 0.954537 -0.304826 0.741273 -0.832902 -1 -0.173192 -1 -1 0.440659 -1 -0.957083 0.96059 -1 -0.414914 -0.746077 -0.510579 0.0381689 -0.531057 -1 -0.129305 0.0278398 0.281778 -0.417376 -1 -0.672121 0.158536 -0.0655873 -0.140283 -0.224987 -0.0539418 -0.794986 -1 -0.718153 -1 -1 0.242378 -1 -0.648664 1 0.282762 0.351487 -1 -0.826016 -1 -1 -1 -0.526848 -0.730446 0.924151 -0.243423 0.285486 -1 -0.984009 0.0678829 0.67564 0.578095 0.498142 -1 -0.731404 
-1 -0.148581 -1 -0.621588 -0.127551 -1 0.39632 -0.768512 -1 -0.536442 -1 -0.416143 -0.450562 -0.841645 -1 -0.124698 -0.958556 -1 0.392865 0.628298 -0.794516 -0.558311 -1 0.131083 -1 -1 -0.943116 -1 -0.820077 0.0907229 -0.0664536 -1 -1 0.974147 -0.362645 -1 -0.278276 -0.543104 -0.658728 -0.57305 -1 -1 -1 0.162202 -1 0.427659 0.720582 -1 -0.669001 0.539072 -0.441755 -0.249634 -0.640474 0.0340498 -1 -0.22347 0.445587 -1 0.173566 0.293743 -1 -0.761231 -0.75432 -1 -0.429567 -1 -0.509063 0.590846 0.380034 -0.580559 0.468064 -0.993078 1 -0.132115 -0.817998 -1 -0.58501 -1 -1 -0.133014 -0.787446 -1 -0.584322 -0.48395 -1 -0.632854 -1 -0.389969 -1 -1 0.65686 -1 -0.763955 -0.848331 -1 -0.297949 -0.260866 -0.38149 -0.548953 -1 -0.724217 0.277666 -1 -1 -0.284777 -0.876901 0.0978119 1 -0.903945 -0.736785 -1 -1 -0.923088 0.355287 0.429653 -0.145432 -0.389023 -1 0.124733 -1 -0.997041 0.240603 -0.93558 -0.743892 0.727393 -0.318516 -1 -0.155341 -1 -1 -0.333043 0.105107 -1 -1 -1 1 -1 -1 
-0.440456 0.238525 -1 -0.0851882 -1 -1 -0.591582 -1 -0.747437 -1 -1 0.183876 -1 -1 -0.807182 -0.040726 -0.164119 -0.00285965 0.0755001 0.0408746 -0.731829 0.430845 -1 -1 -1 -1 -1 -1 -1 -0.112913 -1 -0.93649 -1 0.72331 -0.259329 0.10129 -1 -1 -0.946756 -1 -0.915502 -1 0.368811 -1 -1 -0.23576 0.772115 -0.726447 -0.584413 -0.73482 -0.364716 0.685654 -1 -0.528977 0.0929689 -1 0.149528 -0.152649 0.160799 0.257861 -1 -0.593529 -0.131977 -0.971002 -0.449799 -1 -0.613149 -0.564099 0.872636 -0.89093 -1 0.704477 0.818071 -0.391179 -1 -0.329395 -0.990011 -1 -0.781724 -0.778693 -0.791747 -1 -0.228292 -0.437903 -1 -0.945404 -0.521491 -1 -1 -0.661385 0.417214 -1 -0.590969 -1 -0.746454 -1 -0.890458 -0.0760616 -0.298394 0.319909 0.772051 -0.0894713 -1 -1 -0.0759176 -0.776824 -0.496761 0.687964 -1 -1 -0.757161 -1 -0.489785 0.396028 -0.43181 -1 -1 -0.866645 0.294084 0.799157 -0.347125 0.371352 -1 -1 0.38535 -1 -0.227797 0.618099 -1 -0.327573 1 -0.669692 -1 -0.221501 -0.795892 -0.453539 0.218494 -0.541377 
-0.328755 0.238525 -1 -0.0851882 -1 -0.657445 -0.591582 -1 -0.631147 -1 -1 0.162558 -1 -1 -0.93808 -0.845116 -0.0262757 -0.200189 -0.163631 0.426952 -1 0.430845 -0.999325 -0.838272 -1 -1 -1 -1 -1 -0.112913 -1 -0.93649 -1 0.297183 -0.236856 -0.988057 -1 -1 -1 -1 -0.915502 -1 0.368811 -1 -1 -0.23576 0.5704 -0.726447 -1 -0.73482 -1 0.685654 -1 -0.528977 0.0929689 -0.633735 0.149528 -0.78444 0.0326204 0.257861 -1 -0.593529 -0.131977 -0.971002 -0.720897 -1 -0.613149 -1 0.872636 -0.89093 -1 0.704477 0.418677 -0.27906 -1 -0.329395 -0.990011 -1 -1 -0.778693 -0.791747 -1 -0.228292 -0.240303 -1 -0.587463 -0.521491 -1 -1 -1 0.147279 -1 -0.351856 -1 -1 -1 -0.890458 -1 -0.298394 0.319909 0.572398 -0.0894713 -1 -1 -0.0300473 -1 -0.496761 0.273098 -1 -0.676169 -0.757161 -1 -0.489785 0.396028 -1 -1 -1 -0.886928 0.188147 0.616514 -0.449961 0.651349 -1 -1 0.38535 -0.852168 -0.227797 0.618099 -1 0.321661 0.4065 -0.669692 -1 -0.221501 -0.795892 -1 -0.496159 -0.541377 
-1 -0.177201 -1 -0.621588 -0.127551 -1 0.39632 -1 -1 -0.536442 -1 -0.416143 -0.450562 -0.841645 -1 -0.00887644 -0.864886 -1 0.392865 0.792971 -0.794516 -0.501338 -1 -0.25291 -1 -1 -0.680949 -0.950776 -0.620823 -0.187252 -0.424168 -1 -0.889189 0.914594 -0.362645 -1 -0.278276 -0.809103 -0.65512 -1 -1 -1 -1 0.235188 -1 0.513128 0.720582 -1 -0.669001 -0.215317 -0.991732 -0.0019972 -0.41167 0.0340498 -1 -0.22347 0.445587 -1 0.173566 -0.306741 -1 -0.620643 -0.75432 -1 -0.380571 -1 -0.980317 0.590846 0.380034 -1 0.468064 -0.755959 1 -0.132115 -0.817998 -1 -0.58501 -1 -1 -0.376619 -0.787446 -1 -0.584322 -0.48395 -1 -0.772063 -1 -0.389969 -1 -1 0.65686 -1 -0.763955 -1 -1 -0.297949 -0.526703 -0.38149 -0.548953 -1 -1 0.277666 -1 -1 -0.284777 -0.876901 0.0978119 1 -0.903945 -0.736785 -1 -1 -0.923088 0.355287 0.00213546 -0.145432 -0.966591 -1 0.124733 -1 -0.997041 0.240603 -0.93558 -1 0.727393 -0.318516 -1 -0.155341 -1 -1 -0.333043 -0.0144813 -1 -1 -1 0.60007 -1 -0.925363 
-1 -1 -1 -1 -0.127551 -1 -0.708159 -1 -1 -0.536442 -1 -0.712087 -1 -0.841645 -1 -0.124698 -0.958556 -0.878932 0.392865 0.628298 -0.794516 -0.318177 -1 0.20177 -1 -0.887405 -1 -1 -0.954369 0.318678 -0.433365 -1 -1 0.974147 -1 -1 -0.394383 -1 -0.482837 -0.57305 -0.727263 -1 -1 -0.228771 -1 0.427659 -0.580509 -0.79181 -0.669001 0.539072 -0.441755 -0.249634 -0.874321 0.0340498 -1 -0.597891 0.551215 -1 0.447257 -0.412479 -1 -1 -1 -1 -0.189676 -1 -0.123548 0.394086 0.655722 -0.758704 0.0125379 -1 -0.0157352 -0.514682 -0.973077 -1 -1 -1 -0.801619 -0.133014 -1 -0.842253 -0.818023 -1 -1 -0.770768 -1 -0.768312 -0.851206 -1 0.65686 -1 -1 -1 -0.890671 -0.297949 -0.260866 -1 -0.548953 -0.914887 -1 -0.51891 -1 -0.781168 -0.902801 -0.876901 -0.266887 1 -0.9977 -1 -1 -0.857805 -0.923088 0.424626 0.677203 0.232873 -1 -0.939392 0.107822 -1 -0.613025 0.485541 -0.93558 -0.743892 0.153123 -0.387593 -1 -0.155341 -0.666586 -0.916786 -0.383429 0.105107 -1 -1 -1 0.182348 -1 -0.971352 
-1 -0.148581 -1 -0.621588 -0.127551 -1 0.39632 -1 -1 -0.993775 -1 -0.416143 -0.450562 -0.841645 -1 -0.124698 -1 -1 0.392865 0.628298 -1 -0.558311 -1 0.131083 -1 -1 -0.943116 -1 -0.820077 -0.0407567 -0.0664536 -1 -1 0.974147 -0.362645 -1 -0.278276 -0.543104 -0.658728 -0.57305 -1 -0.928916 -1 0.162202 -0.768919 -0.168508 0.336455 -1 -1 0.539072 -1 -0.771686 -1 -0.707001 -1 0.141737 0.445587 -1 0.173566 -0.0452004 -1 -0.787165 -0.75432 -1 -0.429567 -1 -1 0.704671 0.380034 -0.580559 0.468064 -0.993078 1 -0.132115 -0.817998 -1 -0.58501 -1 -1 0.00635344 -0.787446 -1 -0.886875 -0.23839 -1 -0.632854 -1 -0.389969 -1 -1 0.65686 -1 -0.763955 -0.848331 -1 -0.297949 -0.170879 -1 -0.745217 -1 -0.577499 0.277666 -1 -1 -0.632403 -0.876901 0.0978119 0.724905 -0.903945 -0.736785 -1 -1 -0.923088 0.355287 0.429653 0.276215 -1 -1 -0.354927 -1 -0.997041 0.240603 -0.93558 -0.743892 0.727393 -0.283289 -0.790331 -0.155341 -1 -1 -0.874744 0.247588 -1 -1 -1 1 -1 -1 
-0.440456 0.238525 -1 -0.369926 -0.820378 -1 -0.523114 -0.729532 -1 -0.997918 -0.836381 0.283944 -1 -1 -0.807182 0.107755 -0.646644 -0.0791035 0.1855 -0.259573 -1 0.0698447 -1 -0.860477 -1 -1 -1 -1 -1 -0.628231 -1 -0.93649 -1 0.72331 -0.259329 -0.215032 -1 -1 -0.946756 -0.824168 -0.830379 -1 0.368811 -1 -1 -0.23576 0.47824 -0.726447 -0.584413 -0.73482 -0.364716 0.86973 -1 -0.94012 0.0929689 -1 -0.876555 -1 -0.350893 0.131564 -1 -0.867134 -0.442581 -1 -1 -1 -1 -0.793967 0.872636 -1 -0.8533 0.885765 0.818071 -0.969252 -0.8641 -1 -0.990011 -1 -0.88329 -1 -0.791747 -0.830621 -0.289043 -1 -1 -1 -0.537662 -1 -1 -0.661385 0.443806 -1 -0.587412 -1 -0.746454 -1 -0.890458 -0.0760616 -0.740578 0.319909 0.772051 -0.635882 -1 -0.808582 -0.534101 -0.899578 -0.438533 -0.321077 -1 -1 -0.916109 -1 -0.598342 0.396028 -0.878675 -1 -1 -0.646718 0.0453428 0.799157 -0.347125 0.345127 -1 -1 0.38535 -1 -0.010088 0.618099 -1 -0.1567 0.275226 -0.669692 -1 -0.13552 -1 -0.322565 0.218494 -1 
-0.440456 0.349382 -1 -0.0851882 -1 -1 -0.591582 -1 -0.747437 -1 -1 -0.0674099 -1 -1 -1 -0.040726 -0.164119 -0.00285965 0.0755001 0.0408746 -0.731829 0.430845 -1 -1 -1 -1 -1 -1 -1 -0.112913 -1 -0.93649 -1 0.72331 -0.259329 0.10129 -1 -1 -0.946756 -1 -0.915502 -1 0.413406 -1 -1 -0.23576 0.772115 -0.726447 -0.584413 -0.73482 -0.364716 0.685654 -1 -0.528977 0.0929689 -1 0.149528 -0.152649 0.160799 0.257861 -1 -0.593529 -0.131977 -0.971002 -0.449799 -1 -0.577437 -0.564099 0.872636 -1 -1 0.704477 0.818071 -0.391179 -1 -0.329395 -0.990011 -1 -0.781724 -0.778693 -0.791747 -1 -0.228292 -0.437903 -1 -0.945404 -0.521491 -1 -1 -0.613468 0.417214 -1 -0.590969 -1 -0.746454 -1 -0.890458 -0.0760616 -0.298394 0.319909 0.772051 -0.0894713 -1 -1 -0.0759176 -0.776824 -0.496761 0.687964 -1 -1 -0.757161 -1 -0.489785 0.396028 -0.43181 -0.917356 -1 -0.866645 0.294084 0.799157 -0.220327 0.371352 -1 -0.956101 0.38535 -1 -0.227797 0.603008 -1 -0.327573 1 -0.669692 -1 -0.221501 -0.795892 -0.453539 0.0616837 -0.541377 
-1 -0.212579 -0.745173 -1 -1 -1 -0.602164 -1 -0.904955 -1 -1 0.14303 -1 -0.86694 -1 -0.549067 -0.164119 -0.470327 -0.107113 -0.372117 -0.731829 0.0398796 -1 -1 -1 -1 -1 -0.931005 -1 -0.256625 -1 -1 -1 0.744565 -1 -0.0187795 -1 -1 -1 -1 -1 -1 0.690788 -1 -1 -1 -1 -1 -0.584413 -0.888473 -0.389812 0.418659 -1 -0.528977 0.267753 -1 -0.674648 -0.152649 -0.250858 -0.311928 -1 -0.570376 -0.695808 -1 -0.502396 -1 -0.613149 -1 0.134772 -1 -1 -0.210048 0.496911 -0.687776 -1 -0.329395 -1 -0.964931 -0.781724 -0.778693 -0.791747 -0.954385 -0.207585 -0.718664 -1 -1 -0.875136 -1 -1 -0.661385 -0.0529887 -1 -1 -1 -0.912511 -0.931458 -1 -0.348333 -0.585432 -0.266866 0.461688 -0.0894713 -1 -1 -0.242493 -0.987924 -0.496761 0.483369 -1 -1 -1 -0.834366 -1 0.396028 -1 -1 -1 -1 0.294084 0.799157 -0.474316 0.49672 -1 -1 -0.0260618 -0.839642 -0.227797 0.696708 -1 -0.418299 0.649569 -0.887564 -1 -1 -0.739886 -1 -0.470008 -0.547679 
-1 -0.148581 -1 -1 -0.0828323 -1 0.39632 -0.768512 -1 -1 -1 -0.416143 -0.987311 -0.841645 -1 -0.124698 -1 -1 0.260051 0.628298 -0.843387 -0.558311 -1 0.131083 -1 -0.846557 -0.943116 -1 -0.820077 0.0907229 -0.0664536 -1 -1 0.974147 -0.362645 -1 -0.278276 -0.543104 -0.415449 -0.57305 -1 -1 -1 0.162202 -1 0.427659 0.720582 -1 -0.669001 0.617031 -0.441755 -0.275656 -0.640474 -0.126168 -0.972234 -0.879972 0.445587 -1 0.173566 0.206863 -0.740505 -0.761231 -0.75432 -1 -0.429567 -1 -0.509063 0.590846 -0.168709 -0.580559 0.468064 -0.993078 1 -0.132115 -0.817998 -1 -0.58501 -1 -1 -0.133014 -0.787446 -1 -0.584322 -0.48395 -1 -0.632854 -1 -0.389969 -1 -1 0.65686 -1 -1 -1 -1 -0.297949 -0.260866 -0.38149 -0.548953 -0.803331 -0.724217 0.277666 -1 -1 -0.284777 -0.876901 0.0978119 0.775054 -0.903945 -0.687782 -1 -1 -1 0.355287 0.429653 -0.666678 -0.389023 -1 0.124733 -1 -0.997041 0.240603 -0.872465 -0.743892 0.668226 -0.318516 -1 -0.155341 -1 -1 -0.333043 0.105107 -1 -1 -1 1 -1 -1 
-0.432148 -0.0278456 -1 -0.808817 -1 -1 -1 -1 -0.70872 -1 -1 -0.00255425 -1 -1 -0.958302 -0.040726 -0.209043 -0.00285965 0.0436709 -0.410925 -0.426873 -0.270177 -1 -1 -0.947006 -1 -0.904834 -1 -0.694348 -0.112913 -0.632627 -0.935761 -1 0.840842 -0.259329 -0.349543 -1 -1 -1 -1 -0.889796 -1 0.368811 -1 -1 0.10307 0.998081 -1 -1 -0.73482 -1 0.685654 -1 -0.528977 0.0929689 -1 0.0415701 -0.354432 0.160799 -0.139373 -1 -1 -0.131977 -1 -0.376446 -1 -1 -0.926604 0.657607 -0.896334 -1 0.0778209 1 -1 -1 -0.536435 -1 -1 -1 -0.778693 -0.791747 -0.964492 -0.228292 -0.63455 -1 -1 -0.953623 -0.743678 -0.936736 -0.924102 -0.523456 -1 -0.770585 -1 -1 -0.906456 -1 0.121473 -0.273521 -0.56565 0.035297 -0.290022 -1 -0.969743 -0.0759176 -0.723602 -1 -0.854734 -1 -1 -1 -1 -0.459089 0.544819 -1 -1 -1 -1 0.294084 0.799157 -0.723089 0.466336 -1 -1 -0.0759736 -0.759969 -0.389795 0.618099 -1 -0.327573 1 -0.658715 -0.977197 -0.151976 -1 -0.453539 0.1698 -1 
-0.440456 0.238525 -1 -0.369926 -0.820378 -1 -0.523114 -0.729532 -1 -0.997918 -0.836381 0.283944 -1 -1 -0.807182 0.107755 -0.646644 -0.0791035 0.1855 -0.259573 -1 0.0698447 -1 -0.860477 -1 -1 -1 -1 -1 -0.628231 -1 -0.93649 -1 0.72331 -0.259329 -0.215032 -1 -1 -0.946756 -0.824168 -0.830379 -1 0.368811 -1 -1 -0.23576 0.47824 -0.726447 -0.584413 -0.73482 -0.364716 0.86973 -1 -0.94012 0.0929689 -1 -0.876555 -1 -0.350893 0.131564 -1 -0.867134 -0.442581 -1 -1 -1 -1 -0.793967 0.872636 -1 -0.8533 0.885765 0.818071 -0.969252 -0.8641 -1 -0.990011 -1 -0.88329 -1 -0.791747 -0.830621 -0.289043 -1 -1 -1 -0.537662 -1 -1 -0.661385 0.443806 -1 -0.587412 -1 -0.746454 -1 -0.890458 -0.0760616 -0.740578 0.319909 0.772051 -0.635882 -1 -0.808582 -0.534101 -0.899578 -0.438533 -0.321077 -1 -1 -0.916109 -1 -0.598342 0.396028 -0.878675 -1 -1 -0.646718 0.0453428 0.799157 -0.347125 0.345127 -1 -1 0.38535 -1 -0.010088 0.618099 -1 -0.1567 0.275226 -0.669692 -1 -0.13552 -1 -0.322565 0.218494 -1 
-0.478113 0.238525 -1 -0.48114 -0.820378 -1 -0.523114 -1 -1 -0.997918 -0.836381 0.179963 -1 -1 -0.807182 0.107755 -0.646644 -0.0791035 0.1855 -0.259573 -1 0.0698447 -1 -0.860477 -0.753203 -1 -1 -1 -1 -0.58076 -0.973362 -0.93649 -1 -0.0789206 -0.259329 -0.276169 -1 -1 -0.946756 -1 -1 -1 0.357579 -1 -1 -0.256364 -0.471093 -0.726447 -1 -0.870918 -0.364716 0.74659 -1 -0.94012 0.0929689 -1 -0.876555 -0.73104 -0.350893 -0.468806 -1 -0.867134 -1 -0.660853 -1 -0.843863 -1 -1 0.719539 -1 -0.8533 0.885765 0.818071 -1 -0.8641 -0.828587 -0.672129 -0.716849 -1 -1 -0.791747 -0.830621 -0.289043 -1 -1 -1 -1 -1 -1 -0.580202 0.748895 -1 -1 -1 -0.746454 -0.926176 -1 -0.0760616 -0.740578 0.319909 0.970683 -0.635882 -1 -0.851928 -0.534101 -0.899578 -0.438533 -0.765316 -1 -1 -0.916109 -1 -0.581629 0.396028 -0.878675 -1 -1 -1 -0.198912 0.799157 -0.178355 0.345127 -1 -1 -0.210151 -1 -0.964457 0.618099 -1 -0.226497 0.275226 -0.669692 -1 -0.13552 -1 -0.322565 -0.299769 -1 
-1 -0.148581 -1 -0.621588 -0.127551 -1 0.39632 -1 -1 -0.993775 -1 -0.404118 -0.450562 -0.883574 -1 -0.124698 -1 -1 0.392865 0.63185 -1 -0.558311 -1 0.131083 -1 -1 -0.943116 -1 -0.820077 -0.0407567 -0.0664536 -1 -1 0.974147 -0.362645 -1 -0.278276 -0.543104 -0.658728 -0.57305 -1 -0.928916 -1 0.162202 -0.768919 -0.168508 0.336455 -1 -1 0.539072 -1 -0.771686 -1 -0.707001 -1 0.141737 0.445587 -1 0.173566 -0.0452004 -1 -0.787165 -0.75432 -1 -0.429567 -1 -1 0.704671 0.380034 -0.580559 0.468064 -0.993078 0.992464 -0.132115 -0.817998 -1 -0.58501 -1 -1 0.00635344 -0.787446 -1 -0.886875 -0.23839 -1 -0.632854 -1 -0.455192 -1 -1 0.65686 -1 -0.763955 -0.848331 -1 -0.297949 -0.170879 -1 -0.745217 -1 -0.577499 0.277666 -0.965799 -1 -0.632403 -0.876901 0.0978119 0.724905 -0.903945 -0.736785 -1 -1 -0.923088 0.355287 0.429653 0.276215 -1 -1 -0.354927 -1 -0.997041 0.240603 -0.93558 -0.743892 0.660532 -0.283289 -0.790331 -0.155341 -1 -1 -0.874744 0.247588 -1 -1 -1 1 -1 -1 
-1 0.238525 -1 -1 -0.820378 -1 -0.627454 -0.78208 -1 -1 -0.883713 -0.840628 -0.968683 -0.972914 -0.81396 0.107755 -0.646644 -0.113851 0.466405 -0.259573 -1 -0.138177 -1 -0.860477 -1 -1 -1 -1 -1 -1 -1 -0.900703 -1 0.72331 -0.259329 -0.192573 -1 -1 -0.946756 -0.784442 -0.830379 -1 0.218145 -1 -1 -0.23576 0.47824 -0.726447 -0.616851 -1 -0.364716 0.86973 -0.951081 -1 0.44565 -1 -1 -0.958036 -0.350893 0.212189 -1 -0.867134 -0.442581 -1 -1 -1 -1 -0.747303 0.872636 -0.969386 -0.862212 0.885765 0.848138 -1 -0.785142 -1 -0.990011 -1 -1 -1 -0.791747 -0.830621 -0.289043 -0.971509 -1 -1 -0.537662 -1 -0.740779 -0.661385 0.443806 -1 -0.587412 -1 -0.858147 -1 -0.890458 0.270624 -0.740578 -0.0703691 0.764186 -0.635882 -1 -0.92495 -0.760271 -0.979522 -0.438533 -0.321077 -1 -1 -1 -0.997 -1 0.396028 -0.878675 -0.873285 -0.680275 -0.646718 0.0453428 0.799157 -0.347125 0.223399 -0.986517 -1 0.38535 -1 -0.0367988 0.618099 -0.697225 -0.1567 0.649184 -0.669692 -0.802583 -0.13552 -1 -0.322565 0.218494 -1 
-1 0.2811 -1 -0.723648 -0.961492 -1 -1 -0.729532 -1 -0.934431 -0.836381 -0.615541 -1 -0.717008 -0.807182 0.107755 -1 -0.221488 0.1855 -0.613091 -1 0.0698447 -1 -0.814785 -1 -1 -1 -1 -1 -0.429249 -1 -0.908562 -1 -0.386745 -0.259329 -0.127001 -1 -1 -0.971507 -1 -0.66127 -0.855542 0.6602 -1 -1 -1 0.47824 -0.726447 -0.584413 -1 -0.272416 0.21816 -1 -0.94012 -0.0556674 -1 -0.876555 -1 -0.350893 0.131564 -1 -0.867134 -0.619168 -0.679201 -1 -1 -1 -0.729041 0.872636 -1 -1 0.885765 0.558764 -1 -0.8641 -1 -0.990011 -1 -0.905877 -1 -0.791747 -1 -0.514898 -1 -1 -1 -1 -0.813048 -0.997106 -0.661385 0.0893963 -1 -1 -1 -0.825455 -0.782772 -0.890458 -1 -0.740578 0.0375633 0.688234 -0.635434 -1 -1 -0.554962 -1 -0.438533 -0.321077 -1 -1 -0.916109 -1 -0.744008 0.390133 -1 -0.963649 -0.964741 -0.664017 0.200029 0.799157 -0.347125 0.234583 -1 -1 0.38535 -0.760256 -0.010088 0.618099 -1 -0.1567 0.275226 -0.669692 -1 -0.13552 -1 -0.322565 0.218494 -1 
-1 -0.044918 -0.8517 -0.369926 -0.820378 -0.900318 -0.427175 -1 -1 -1 -1 -0.595075 -1 -1 -0.807182 -0.271946 -1 -0.937005 0.1855 -1 -1 0.105119 -1 -1 -1 -0.699329 -1 -1 -1 -0.911315 -1 -0.575776 -1 0.380491 -1 -0.466684 -1 -1 -1 -0.824168 -0.584622 -1 -0.159375 -1 -1 -0.23576 0.47824 -1 -1 -0.999159 -0.364716 0.373185 -0.964511 -1 0.0929689 -1 -0.876555 -1 0.0148362 -0.0756366 -1 -0.867134 -0.951675 -1 -1 -1 -1 -0.837585 0.804219 -1 -0.8533 1 -0.0283765 -1 -0.8641 -1 -1 -1 -0.88329 -1 -0.940531 -1 -0.289043 -1 -0.996487 -1 -1 -1 -0.953462 -0.693723 0.417726 -0.96378 -0.587412 -1 -0.763708 -1 -0.890458 -0.0760616 -1 0.319909 0.772051 -1 -1 -1 -1 -0.672528 -0.438533 -0.567287 -1 -0.997778 -0.916109 -1 -0.835307 0.396028 -0.878675 -1 -1 -0.646718 -0.837338 0.672044 -0.347125 0.216851 -1 -1 -0.459278 -1 -0.010088 0.915149 -1 0.549985 0.275226 -0.669692 -1 -0.171891 -1 -1 0.0623431 -1 
-1 -0.148581 -1 -0.621588 -0.127551 -1 0.253651 -0.768512 -1 -0.536442 -1 -0.416143 -0.450562 -0.841645 -1 -0.124698 -0.958556 -1 0.392865 0.628298 -0.794516 -0.558311 -1 0.131083 -1 -1 -0.943116 -1 -0.820077 0.0907229 -0.0664536 -1 -1 0.974147 -0.362645 -1 -0.278276 -0.543104 -0.658728 -0.57305 -1 -1 -1 0.162202 -1 0.427659 0.720582 -1 -0.669001 0.539072 -0.441755 -0.286226 -0.640474 0.0340498 -1 -0.22347 0.445587 -1 0.173566 0.293743 -1 -0.761231 -0.75432 -1 -0.429567 -1 -0.509063 0.584211 0.284725 -0.580559 0.468064 -0.993078 1 -0.132115 -0.817998 -1 -0.58501 -1 -1 -0.133014 -0.787446 -1 -0.584322 -0.48395 -1 -0.661059 -1 -0.389969 -1 -1 0.65686 -1 -0.763955 -0.848331 -1 -0.297949 -0.260866 -0.38149 -0.548953 -1 -0.724217 0.277666 -1 -1 -0.284777 -0.876901 -0.0268505 1 -0.903945 -0.736785 -1 -1 -0.923088 0.355287 0.429653 -0.145432 -0.389023 -1 0.124733 -1 -0.997041 0.240603 -0.93558 -0.743892 0.727393 -0.318516 -1 -0.155341 -1 -1 -0.333043 0.105107 -1 -1 -1 1 -1 -1 
-0.440456 0.238525 -1 -0.369926 -0.820378 -1 -0.523114 -0.729532 -1 -0.997918 -0.836381 0.283944 -1 -1 -0.807182 0.107755 -0.646644 -0.0791035 0.1855 -0.259573 -1 0.0698447 -1 -0.860477 -1 -1 -1 -1 -1 -0.628231 -1 -0.93649 -1 0.72331 -0.259329 -0.215032 -1 -1 -0.946756 -0.824168 -0.830379 -1 0.407102 -1 -1 -0.23576 0.47824 -0.726447 -0.584413 -0.73482 -0.364716 0.86973 -1 -0.94012 0.0929689 -1 -0.876555 -1 -0.350893 0.131564 -1 -0.867134 -0.442581 -1 -1 -1 -1 -0.793967 0.872636 -1 -0.8533 0.885765 0.818071 -0.969252 -0.8641 -1 -0.990011 -1 -0.88329 -1 -0.791747 -0.830621 -0.289043 -1 -1 -1 -0.537662 -1 -1 -0.661385 0.443806 -1 -0.587412 -1 -0.875213 -1 -0.890458 -0.0760616 -0.740578 0.319909 0.772051 -0.635882 -1 -0.808582 -0.534101 -0.899578 -0.438533 -0.321077 -1 -1 -0.916109 -1 -0.598342 0.396028 -0.878675 -1 -1 -0.646718 0.0453428 0.799157 -0.347125 0.345127 -1 -1 0.38535 -1 -0.010088 0.618099 -1 -0.115457 0.275226 -0.669692 -1 -0.13552 -1 -0.322565 0.218494 -1 
-0.834644 0.238525 -0.919668 -0.283762 -1 -1 -0.607926 -0.956766 -1 -0.888881 -0.801169 0.155998 -1 -1 -0.856323 -0.415846 -1 -0.0791035 0.419981 -0.798244 -0.612651 0.0698447 -1 -1 -0.687236 -1 -1 -1 -1 -1 -1 -1 -1 0.630982 -0.259329 -0.271774 -1 -1 -0.946756 -0.818831 -1 -0.89089 0.368811 -1 -1 -0.332012 0.525728 -0.740228 -1 -0.73482 -0.364716 0.86973 -1 -1 -1 -1 -0.876555 -1 -0.36948 0.131564 -1 -0.907814 -0.442581 -1 -0.979883 -0.905883 -1 -0.793967 0.0970308 -1 -0.900168 -0.251161 0.818071 -0.955881 -0.8641 -1 -1 -1 -1 -1 -0.799836 -0.830621 0.126762 -1 -1 -0.950194 -0.550338 -0.95908 -1 -0.701702 0.443806 -1 -0.7179 -1 -1 -0.990261 -0.974039 -0.0760616 -1 0.545799 1 -0.308094 -1 -1 -0.945995 -1 -0.461485 -0.321077 -1 -1 -1 -1 -1 0.396028 -0.966428 -0.98957 -1 -0.457479 -1 0.799157 -0.459321 0.252594 -1 -1 -0.102563 -1 0.343861 0.611633 -1 -0.156658 0.275226 -1 -0.864074 -0.13552 -0.753295 -0.814763 0.218494 -1 
-1 -0.148581 -0.998287 -0.330707 -0.127551 -1 0.39632 -1 -1 -0.993775 -1 -0.404118 -0.450562 -0.883574 -1 -0.124698 -1 -1 0.284928 0.63185 -1 -0.558311 -1 0.131083 -0.824636 -1 -0.943116 -0.733797 -0.820077 -0.0407567 -0.0664536 -1 -0.992596 0.974147 -0.362645 -1 0.0437803 -1 -0.873179 -0.57305 -0.965359 -0.928916 -1 0.162202 -1 -0.355819 0.336455 -0.970113 -1 0.539072 -1 -0.8398 -1 -0.707001 -1 0.141737 0.445587 -0.986143 0.389388 -0.0452004 -1 -0.787165 -1 -0.978356 -0.429567 -1 -0.958672 0.677815 0.380034 -0.580559 0.468064 -0.993078 0.992464 -1 -0.658825 -1 -1 -1 -1 -0.307127 -0.787446 -1 -0.956612 -0.23839 -1 -0.632854 -0.849731 -1 -1 -1 0.616384 -1 -0.763955 -0.918865 -1 -1 -0.170879 -1 -0.34868 -1 -0.577499 0.277666 -0.965799 -0.763596 -0.632403 -0.876901 0.372499 0.704352 -0.930513 -0.736785 -1 -0.678416 -1 0.355287 -0.12907 0.276215 -0.96673 -1 -0.354927 -1 -0.997041 0.248936 -0.93558 -0.743892 0.660532 -0.910763 -0.790331 -0.155341 -0.816337 -1 -0.874744 0.247588 -1 -1 -1 1 -1 -1 
-1 0.238525 -1 -1 -0.820378 -1 -0.627454 -0.78208 -1 -1 -0.841885 -1 -0.968683 -1 -0.81396 0.107755 -0.646644 -0.182663 0.317391 -0.32099 -1 -0.191986 -1 -0.943263 -1 -1 -1 -1 -1 -1 -1 -0.900703 -1 0.72331 -0.259329 -0.192573 -1 -1 -0.951535 -0.784442 -0.774821 -1 0.218145 -1 -1 -0.23576 0.47824 -1 -0.616851 -1 -0.364716 0.86973 -0.951081 -1 0.44565 -1 -1 -1 -1 0.212189 -1 -0.712828 -0.442581 -1 -1 -1 -1 -0.821375 0.492546 -0.969386 -1 -0.00360841 0.561949 -1 -0.785142 -0.642477 -1 -1 -1 -1 -1 -0.830621 -0.289043 -0.94085 -1 -1 -0.537662 -1 -0.740779 -0.661385 0.443806 -1 -1 -1 -0.858147 -1 -0.890458 0.270624 -0.740578 -0.0703691 0.764186 -0.635882 -1 -0.926336 -0.760271 -0.979522 -0.438533 -1 -1 -0.958808 -1 -1 -1 0.396028 -0.900859 -0.873285 -0.680275 -0.646718 0.0453428 0.799157 -0.347125 0.136456 -0.891182 -1 0.38535 -1 -0.0367988 0.618099 -0.873077 -0.288777 0.547486 -0.721947 -0.802583 -0.13552 -1 -0.322565 0.218494 -1 
-0.440456 0.238525 -1 -0.369926 -0.820378 -1 -0.502244 -0.729532 -1 -0.997918 -0.836381 0.283944 -1 -1 -0.807182 0.107755 -0.646644 -0.0791035 0.1855 -0.259573 -1 0.0698447 -1 -0.860477 -1 -1 -1 -1 -1 -0.628231 -1 -0.93649 -1 0.72331 -0.259329 -0.215032 -1 -1 -0.946756 -0.824168 -0.830379 -1 0.407102 -1 -1 -0.23576 0.47824 -0.726447 -0.584413 -0.73482 -0.364716 0.86973 -1 -0.94012 0.0256625 -1 -0.876555 -1 -0.350893 0.131564 -1 -0.867134 -0.442581 -1 -1 -1 -1 -0.793967 0.9096 -1 -0.8533 0.885765 0.818071 -1 -0.8641 -1 -0.990011 -1 -0.88329 -0.961326 -0.791747 -0.830621 -0.289043 -1 -1 -1 -0.537662 -1 -1 -0.661385 0.443806 -1 -0.587412 -1 -0.875213 -1 -0.890458 -0.0760616 -0.740578 0.248837 0.772051 -0.635882 -1 -0.808582 -0.534101 -0.899578 -0.438533 -0.321077 -1 -1 -0.916109 -1 -0.598342 0.396028 -0.878675 -1 -1 -0.646718 -0.060754 0.799157 -0.347125 0.345127 -1 -1 0.38535 -1 -0.010088 0.618099 -1 -0.115457 0.275226 -0.669692 -1 -0.13552 -1 -0.274061 0.218494 -1 
-0.492277 0.238525 -1 -0.369926 -0.820378 -1 -0.523114 -0.729532 -1 -1 -0.967093 -0.531565 -1 -1 -0.807182 0.107755 -0.646644 -0.0791035 0.1855 -0.259573 -1 0.0623358 -1 -0.860477 -1 -1 -1 -1 -1 -0.628231 -1 -0.93649 -1 0.72331 -0.259329 -0.215032 -1 -1 -0.613741 -0.824168 -0.830379 -1 0.368811 -1 -1 -0.23576 0.47824 -1 -0.711046 -0.73482 -0.364716 0.86973 -1 -0.94012 0.0929689 -1 -0.876555 -1 -0.350893 0.131564 -1 -0.867134 -0.314842 -1 -1 -1 -1 -0.793967 0.872636 -1 -0.8533 0.885765 0.818071 -0.969252 -1 -1 -0.990011 -1 -0.88329 -1 -0.791747 -0.832038 -1 -1 -1 -1 -0.537662 -1 -1 -0.661385 0.437956 -1 -0.587412 -1 -0.746454 -1 -0.890458 -0.0760616 -1 -0.116803 0.772051 -0.738168 -1 -0.753688 -0.534101 -0.899578 -0.410627 -0.321077 -1 -1 -0.916109 -1 -0.598342 0.396028 -0.878675 -0.615721 -1 -0.646718 0.0453428 0.799157 -0.347125 0.207592 -1 -1 0.38535 -1 -0.010088 0.618099 -1 -0.1567 0.275226 -0.669692 -1 -0.13552 -1 -0.322565 0.218494 -1 
-1 -0.212579 -0.745173 -1 -1 -1 -0.602164 -1 -0.904955 -1 -1 0.14303 -1 -0.86694 -1 -0.549067 -0.164119 -0.441562 -0.107113 -0.372117 -0.731829 0.0398796 -1 -1 -1 -1 -1 -0.931005 -1 -0.256625 -1 -1 -1 0.744565 -1 -0.144208 -1 -1 -1 -1 -1 -1 0.690788 -1 -1 -1 -1 -1 -0.584413 -0.888473 -0.389812 0.418659 -1 -0.528977 0.267753 -1 -0.674648 -0.152649 -0.250858 -0.311928 -1 -0.570376 -0.695808 -1 -0.502396 -1 -0.725005 -1 0.134772 -1 -1 -0.210048 0.496911 -0.687776 -1 -0.329395 -1 -0.964931 -0.781724 -0.778693 -0.791747 -0.954385 -0.207585 -0.718664 -1 -1 -0.875136 -1 -1 -0.661385 -0.0529887 -1 -1 -1 -0.912511 -0.931458 -1 -0.348333 -0.610704 -0.266866 0.461688 -0.0894713 -1 -1 -0.242493 -0.987924 -0.496761 0.483369 -1 -1 -1 -0.834366 -1 0.396028 -1 -1 -1 -1 0.294084 0.799157 -0.474316 0.49672 -1 -1 -0.0260618 -0.839642 -0.227797 0.696708 -1 -0.418299 0.649569 -0.887564 -0.974069 -1 -0.739886 -1 -0.470008 -0.547679 
-0.834644 0.238525 -0.919668 -0.283762 -1 -1 -0.607926 -0.956766 -1 -0.888881 -0.801169 0.155998 -1 -1 -0.856323 -0.415846 -1 -0.0791035 0.419981 -0.798244 -0.612651 0.0698447 -1 -1 -0.687236 -1 -1 -1 -1 -1 -1 -1 -1 0.630982 -0.259329 -0.271774 -1 -1 -0.946756 -0.818831 -1 -0.89089 0.307558 -1 -1 -0.332012 0.525728 -0.740228 -1 -0.73482 -0.364716 0.86973 -1 -1 -1 -1 -0.876555 -1 -0.36948 0.131564 -1 -0.907814 -0.442581 -1 -1 -0.905883 -1 -0.793967 0.0970308 -1 -0.900168 -0.251161 0.818071 -0.955881 -0.831322 -1 -1 -1 -1 -1 -0.799836 -0.830621 0.126762 -1 -1 -0.950194 -0.550338 -0.95908 -1 -0.701702 0.443806 -1 -0.7179 -1 -1 -0.990261 -0.974039 -0.0760616 -1 0.545799 1 -0.308094 -1 -1 -0.945995 -1 -0.461485 -0.321077 -1 -1 -1 -1 -1 0.396028 -0.966428 -0.98957 -1 -0.457479 -1 0.799157 -0.459321 0.252594 -1 -1 -0.102563 -1 0.343861 0.611633 -1 -0.156658 0.275226 -1 -0.864074 -0.13552 -0.753295 -0.814763 0.218494 -1 
-0.440456 0.238525 -1 -0.369926 -0.820378 -1 -0.502244 -0.729532 -1 -0.997918 -0.836381 0.283944 -1 -1 -0.807182 0.107755 -0.646644 -0.0791035 0.1855 -0.259573 -1 0.0698447 -1 -0.860477 -1 -1 -1 -1 -1 -0.628231 -1 -0.93649 -1 0.72331 -0.259329 -0.215032 -1 -1 -0.946756 -0.824168 -0.830379 -1 0.407102 -1 -1 -0.23576 0.47824 -0.726447 -0.584413 -0.73482 -0.364716 0.86973 -1 -0.94012 0.0256625 -1 -0.876555 -1 -0.350893 0.131564 -1 -0.867134 -0.442581 -1 -1 -1 -1 -0.793967 0.9096 -1 -0.8533 0.885765 0.818071 -1 -0.8641 -1 -0.990011 -1 -0.88329 -0.961326 -0.791747 -0.830621 -0.289043 -1 -1 -1 -0.537662 -1 -1 -0.661385 0.443806 -1 -0.587412 -1 -0.875213 -1 -0.890458 -0.0760616 -0.740578 0.248837 0.772051 -0.635882 -1 -0.808582 -0.534101 -0.899578 -0.438533 -0.321077 -1 -1 -0.916109 -1 -0.598342 0.396028 -0.878675 -1 -1 -0.646718 -0.060754 0.799157 -0.347125 0.345127 -1 -1 0.38535 -1 -0.010088 0.618099 -1 -0.115457 0.275226 -0.669692 -1 -0.13552 -1 -0.274061 0.218494 -1 
-1 0.2811 -1 -0.723648 -0.961492 -1 -1 -0.729532 -1 -0.934431 -0.836381 -0.615541 -1 -0.717008 -0.807182 0.107755 -1 -0.272409 0.1855 -0.613091 -1 0.0698447 -0.954453 -0.814785 -1 -1 -1 -1 -1 -0.429249 -1 -0.908562 -1 -0.386745 -0.259329 -0.127001 -1 -1 -0.971507 -1 -0.66127 -0.855542 0.6602 -1 -1 -1 0.47824 -0.726447 -0.584413 -0.97568 -0.272416 0.21816 -1 -0.94012 -0.0556674 -1 -0.876555 -1 -0.350893 0.133394 -1 -0.867134 -0.619168 -0.679201 -1 -1 -1 -0.729041 0.872636 -1 -1 0.885765 0.558764 -1 -0.8641 -1 -0.941279 -1 -0.905877 -1 -0.791747 -1 -0.514898 -1 -1 -1 -1 -0.9263 -0.997106 -0.661385 0.0824774 -1 -1 -1 -0.825455 -0.782772 -0.890458 -0.962583 -0.740578 0.0375633 0.688234 -0.635434 -1 -1 -0.554962 -1 -0.438533 -0.321077 -1 -1 -0.916109 -1 -0.744008 0.390133 -1 -0.963649 -0.964741 -0.664017 0.200029 0.799157 -0.347125 0.234583 -1 -1 0.38535 -0.760256 -0.010088 0.618099 -1 -0.1567 0.275226 -0.669692 -1 -0.13552 -1 -0.322565 0.218494 -1 
